Cruise	Station	Type	mon/day/yr	hh:mm	Lon (E)	Lat (N)	Bot. Depth [m]	Press	Temperature [C]	fluor [v]	Depth [m]	Sigma	Salinity [psu]
4	23	c	7/18/2004	22:11	-152.63333	58.61333	31	1	12.4908	0.4953	0.991	23.3806	30.9839
4	23	c	7/18/2004	22:11	-152.63333	58.61333	31	2	11.6764	0.5292	1.981	23.6225	31.1026
4	23	c	7/18/2004	22:11	-152.63333	58.61333	31	3	11.1654	0.572	2.972	23.7774	31.1846
4	23	c	7/18/2004	22:11	-152.63333	58.61333	31	4	10.854	0.5456	3.962	23.8613	31.2231
4	23	c	7/18/2004	22:11	-152.63333	58.61333	31	5	10.6314	0.5342	4.953	23.9246	31.2555
4	23	c	7/18/2004	22:11	-152.63333	58.61333	31	6	10.4079	0.5393	5.944	23.9856	31.2855
4	23	c	7/18/2004	22:11	-152.63333	58.61333	31	7	10.2325	0.5621	6.935	24.0331	31.3089
4	23	c	7/18/2004	22:11	-152.63333	58.61333	31	8	10.0845	0.6367	7.925	24.0749	31.3312
4	23	c	7/18/2004	22:11	-152.63333	58.61333	31	9	9.8362	0.6431	8.916	24.136	31.3577
4	23	c	7/18/2004	22:11	-152.63333	58.61333	31	10	9.5397	0.5685	9.906	24.2101	31.3918
4	23	c	7/18/2004	22:11	-152.63333	58.61333	31	11	9.2431	0.508	10.897	24.289	31.4331
4	23	c	7/18/2004	22:11	-152.63333	58.61333	31	12	8.9758	0.5085	11.887	24.3618	31.4736
4	23	c	7/18/2004	22:11	-152.63333	58.61333	31	13	8.9199	0.5112	12.878	24.3769	31.4818
4	23	c	7/18/2004	22:11	-152.63333	58.61333	31	14	8.8177	0.5069	13.869	24.4025	31.4948
4	23	c	7/18/2004	22:11	-152.63333	58.61333	31	15	8.6929	0.4905	14.859	24.4348	31.512
4	23	c	7/18/2004	22:11	-152.63333	58.61333	31	16	8.5714	0.477	15.85	24.4683	31.5317
4	23	c	7/18/2004	22:11	-152.63333	58.61333	31	17	8.5635	0.4637	16.84	24.469	31.531
4	23	c	7/18/2004	22:11	-152.63333	58.61333	31	18	8.555	0.4657	17.831	24.4692	31.5297
4	23	c	7/18/2004	22:11	-152.63333	58.61333	31	19	8.5402	0.468	18.821	24.4725	31.531
4	23	c	7/18/2004	22:11	-152.63333	58.61333	31	20	8.4997	0.4523	19.812	24.4815	31.5349
4	23	c	7/18/2004	22:11	-152.63333	58.61333	31	21	8.4447	0.4443	20.803	24.4955	31.5425
4	23	c	7/18/2004	22:11	-152.63333	58.61333	31	22	8.4056	0.4377	21.793	24.506	31.5484
4	23	c	7/18/2004	22:11	-152.63333	58.61333	31	23	8.4021	0.4476	22.784	24.5059	31.5476
4	23	c	7/18/2004	22:11	-152.63333	58.61333	31	24	8.408	0.4467	23.774	24.5034	31.5456
4	23	c	7/18/2004	22:11	-152.63333	58.61333	31	25	8.3424	0.4433	24.765	24.5198	31.5542
4	23	c	7/18/2004	22:11	-152.63333	58.61333	31	26	8.1571	0.413	25.755	24.5644	31.577
4	23	c	7/18/2004	22:11	-152.63333	58.61333	31	27	7.671	0.3602	26.746	24.6905	31.6501
4	23	c	7/18/2004	22:11	-152.63333	58.61333	31	28	7.3547	0.3211	27.736	24.769	31.6947
4	23	c	7/18/2004	22:11	-152.63333	58.61333	31	29	7.3028	0.3145	28.727	24.7805	31.7003
4	25	c	7/18/2004	22:46	-152.685	58.635	88	1	12.8042	0.416	0.991	23.2856	30.9378
4	25	c	7/18/2004	22:46	-152.685	58.635	88	2	12.7976	0.4327	1.981	23.2887	30.94
4	25	c	7/18/2004	22:46	-152.685	58.635	88	3	12.7572	0.4331	2.972	23.3053	30.9515
4	25	c	7/18/2004	22:46	-152.685	58.635	88	4	12.6657	0.4645	3.963	23.3397	30.9734
4	25	c	7/18/2004	22:46	-152.685	58.635	88	5	12.4257	0.4576	4.953	23.4253	31.0255
4	25	c	7/18/2004	22:46	-152.685	58.635	88	6	11.9637	0.4657	5.944	23.5876	31.1245
4	25	c	7/18/2004	22:46	-152.685	58.635	88	7	10.6204	0.4662	6.935	24.0133	31.3688
4	25	c	7/18/2004	22:46	-152.685	58.635	88	8	9.913	0.4771	7.925	24.2141	31.4738
4	25	c	7/18/2004	22:46	-152.685	58.635	88	9	9.2342	0.474	8.916	24.3913	31.5623
4	25	c	7/18/2004	22:46	-152.685	58.635	88	10	8.8351	0.4521	9.906	24.4844	31.6028
4	25	c	7/18/2004	22:46	-152.685	58.635	88	11	8.7009	0.4329	10.897	24.518	31.6199
4	25	c	7/18/2004	22:46	-152.685	58.635	88	12	8.5395	0.426	11.887	24.5553	31.6369
4	25	c	7/18/2004	22:46	-152.685	58.635	88	13	8.4876	0.4155	12.878	24.5687	31.6441
4	25	c	7/18/2004	22:46	-152.685	58.635	88	14	8.4364	0.4072	13.869	24.5809	31.6499
4	25	c	7/18/2004	22:46	-152.685	58.635	88	15	8.3097	0.4196	14.859	24.6072	31.6598
4	25	c	7/18/2004	22:46	-152.685	58.635	88	16	8.2163	0.4064	15.85	24.6268	31.6675
4	25	c	7/18/2004	22:46	-152.685	58.635	88	17	8.1656	0.4145	16.84	24.6388	31.6734
4	25	c	7/18/2004	22:46	-152.685	58.635	88	18	8.0233	0.3844	17.831	24.6763	31.6952
4	25	c	7/18/2004	22:46	-152.685	58.635	88	19	7.8897	0.3722	18.821	24.7145	31.7197
4	25	c	7/18/2004	22:46	-152.685	58.635	88	20	7.821	0.3529	19.812	24.7298	31.7268
4	25	c	7/18/2004	22:46	-152.685	58.635	88	21	7.6238	0.3477	20.802	24.7697	31.7425
4	25	c	7/18/2004	22:46	-152.685	58.635	88	22	7.5383	0.3232	21.793	24.7925	31.7565
4	25	c	7/18/2004	22:46	-152.685	58.635	88	23	7.5748	0.3273	22.784	24.7987	31.7708
4	25	c	7/18/2004	22:46	-152.685	58.635	88	24	7.5825	0.3265	23.774	24.8013	31.7754
4	25	c	7/18/2004	22:46	-152.685	58.635	88	25	7.5803	0.3283	24.765	24.8073	31.7827
4	25	c	7/18/2004	22:46	-152.685	58.635	88	26	7.5252	0.3269	25.755	24.82	31.7891
4	25	c	7/18/2004	22:46	-152.685	58.635	88	27	7.496	0.3246	26.746	24.8257	31.7913
4	25	c	7/18/2004	22:46	-152.685	58.635	88	28	7.4367	0.3386	27.737	24.8374	31.7959
4	25	c	7/18/2004	22:46	-152.685	58.635	88	29	7.3914	0.3133	28.727	24.844	31.7964
4	25	c	7/18/2004	22:46	-152.685	58.635	88	30	7.2423	0.2977	29.717	24.8629	31.7948
4	25	c	7/18/2004	22:46	-152.685	58.635	88	31	7.1351	0.2957	30.708	24.8781	31.7959
4	25	c	7/18/2004	22:46	-152.685	58.635	88	32	7.0227	0.2854	31.699	24.896	31.7997
4	25	c	7/18/2004	22:46	-152.685	58.635	88	33	6.8849	0.2789	32.689	24.9236	31.8117
4	25	c	7/18/2004	22:46	-152.685	58.635	88	34	6.8457	0.2777	33.679	24.933	31.8172
4	25	c	7/18/2004	22:46	-152.685	58.635	88	35	6.7945	0.267	34.67	24.9534	31.8347
4	25	c	7/18/2004	22:46	-152.685	58.635	88	36	6.6776	0.2641	35.66	24.9931	31.866
4	25	c	7/18/2004	22:46	-152.685	58.635	88	37	6.6111	0.252	36.651	25.0059	31.8714
4	25	c	7/18/2004	22:46	-152.685	58.635	88	38	6.5085	0.2566	37.641	25.0203	31.8732
4	25	c	7/18/2004	22:46	-152.685	58.635	88	39	6.5125	0.2478	38.632	25.019	31.8722
4	25	c	7/18/2004	22:46	-152.685	58.635	88	40	6.5091	0.2471	39.622	25.0191	31.8717
4	25	c	7/18/2004	22:46	-152.685	58.635	88	41	6.4884	0.2478	40.613	25.0204	31.8701
4	25	c	7/18/2004	22:46	-152.685	58.635	88	42	6.4766	0.245	41.603	25.0218	31.8699
4	25	c	7/18/2004	22:46	-152.685	58.635	88	43	6.446	0.2506	42.594	25.0258	31.8701
4	25	c	7/18/2004	22:46	-152.685	58.635	88	44	6.4119	0.2421	43.584	25.0306	31.8708
4	25	c	7/18/2004	22:46	-152.685	58.635	88	45	6.405	0.241	44.575	25.0316	31.871
4	25	c	7/18/2004	22:46	-152.685	58.635	88	46	6.3937	0.2413	45.565	25.0333	31.8713
4	25	c	7/18/2004	22:46	-152.685	58.635	88	47	6.383	0.2388	46.555	25.0348	31.8715
4	25	c	7/18/2004	22:46	-152.685	58.635	88	48	6.3718	0.2408	47.546	25.0358	31.871
4	25	c	7/18/2004	22:46	-152.685	58.635	88	49	6.3346	0.2396	48.536	25.0403	31.8708
4	25	c	7/18/2004	22:46	-152.685	58.635	88	50	6.2693	0.2384	49.527	25.0498	31.8726
4	25	c	7/18/2004	22:46	-152.685	58.635	88	51	6.25	0.2384	50.517	25.0523	31.8728
4	25	c	7/18/2004	22:46	-152.685	58.635	88	52	6.2083	0.2385	51.507	25.0589	31.8746
4	25	c	7/18/2004	22:46	-152.685	58.635	88	53	6.1594	0.2372	52.498	25.0655	31.8754
4	25	c	7/18/2004	22:46	-152.685	58.635	88	54	6.1378	0.2386	53.488	25.0694	31.8769
4	25	c	7/18/2004	22:46	-152.685	58.635	88	55	6.1262	0.2378	54.479	25.0716	31.8779
4	25	c	7/18/2004	22:46	-152.685	58.635	88	56	6.1002	0.2389	55.469	25.0731	31.8759
4	25	c	7/18/2004	22:46	-152.685	58.635	88	57	6.0545	0.2388	56.459	25.0816	31.8796
4	25	c	7/18/2004	22:46	-152.685	58.635	88	58	6.0495	0.2382	57.45	25.0827	31.8802
4	25	c	7/18/2004	22:46	-152.685	58.635	88	59	6.0332	0.2382	58.44	25.0868	31.8828
4	25	c	7/18/2004	22:46	-152.685	58.635	88	60	6.0009	0.2377	59.43	25.0976	31.8916
4	25	c	7/18/2004	22:46	-152.685	58.635	88	61	6.0006	0.2383	60.421	25.0975	31.8914
4	25	c	7/18/2004	22:46	-152.685	58.635	88	62	6.0011	0.2377	61.411	25.0973	31.8912
4	25	c	7/18/2004	22:46	-152.685	58.635	88	63	6.0005	0.238	62.402	25.0974	31.8912
4	25	c	7/18/2004	22:46	-152.685	58.635	88	64	5.9993	0.2389	63.392	25.0977	31.8915
4	25	c	7/18/2004	22:46	-152.685	58.635	88	65	5.9971	0.2377	64.382	25.0982	31.8917
4	25	c	7/18/2004	22:46	-152.685	58.635	88	66	5.9593	0.2372	65.372	25.1089	31.8995
4	25	c	7/18/2004	22:46	-152.685	58.635	88	67	5.9251	0.2369	66.363	25.1178	31.9056
4	25	c	7/18/2004	22:46	-152.685	58.635	88	68	5.9182	0.237	67.353	25.1198	31.9071
4	25	c	7/18/2004	22:46	-152.685	58.635	88	69	5.9182	0.2376	68.344	25.1197	31.907
4	25	c	7/18/2004	22:46	-152.685	58.635	88	70	5.9191	0.2377	69.334	25.1192	31.9064
4	25	c	7/18/2004	22:46	-152.685	58.635	88	71	5.9071	0.2362	70.324	25.1233	31.9099
4	25	c	7/18/2004	22:46	-152.685	58.635	88	72	5.9121	0.2361	71.314	25.1248	31.9123
4	25	c	7/18/2004	22:46	-152.685	58.635	88	73	5.8988	0.2368	72.305	25.1302	31.9173
4	25	c	7/18/2004	22:46	-152.685	58.635	88	74	5.8861	0.2364	73.295	25.1321	31.9177
4	25	c	7/18/2004	22:46	-152.685	58.635	88	75	5.8634	0.2369	74.285	25.1365	31.9198
4	25	c	7/18/2004	22:46	-152.685	58.635	88	76	5.7781	0.2352	75.276	25.1634	31.9412
4	25	c	7/18/2004	22:46	-152.685	58.635	88	77	5.6203	0.2339	76.266	25.2177	31.9865
4	25	c	7/18/2004	22:46	-152.685	58.635	88	78	5.4729	0.2313	77.256	25.2555	32.0128
4	25	c	7/18/2004	22:46	-152.685	58.635	88	79	5.4057	0.2314	78.247	25.2688	32.0199
4	25	c	7/18/2004	22:46	-152.685	58.635	88	80	5.3869	0.2309	79.237	25.2756	32.0258
4	25	c	7/18/2004	22:46	-152.685	58.635	88	81	5.3796	0.2315	80.227	25.2822	32.0331
4	25	c	7/18/2004	22:46	-152.685	58.635	88	82	5.3641	0.2313	81.217	25.2929	32.0444
4	25	c	7/18/2004	22:46	-152.685	58.635	88	83	5.3428	0.231	82.208	25.3031	32.0542
4	25	c	7/18/2004	22:46	-152.685	58.635	88	84	5.331	0.2306	83.198	25.3083	32.059
4	27	c	7/18/2004	22:46	-152.76667	58.665	194	1	13.1739	0.3688	0.991	23.1589	30.8661
4	27	c	7/18/2004	22:46	-152.76667	58.665	194	2	13.1809	0.3514	1.981	23.1426	30.8467
4	27	c	7/18/2004	22:46	-152.76667	58.665	194	3	12.9649	0.354	2.972	23.2125	30.8839
4	27	c	7/18/2004	22:46	-152.76667	58.665	194	4	10.4459	0.3886	3.962	24.0326	31.3582
4	27	c	7/18/2004	22:46	-152.76667	58.665	194	5	9.2316	0.4175	4.953	24.421	31.5988
4	27	c	7/18/2004	22:46	-152.76667	58.665	194	6	9.1674	0.4101	5.944	24.423	31.5896
4	27	c	7/18/2004	22:46	-152.76667	58.665	194	7	8.9391	0.4229	6.934	24.4865	31.6258
4	27	c	7/18/2004	22:46	-152.76667	58.665	194	8	8.7194	0.4098	7.925	24.5371	31.648
4	27	c	7/18/2004	22:46	-152.76667	58.665	194	9	8.5333	0.4052	8.916	24.5875	31.6769
4	27	c	7/18/2004	22:46	-152.76667	58.665	194	10	8.4372	0.419	9.906	24.6076	31.6843
4	27	c	7/18/2004	22:46	-152.76667	58.665	194	11	8.325	0.3881	10.897	24.6343	31.6974
4	27	c	7/18/2004	22:46	-152.76667	58.665	194	12	8.2571	0.3838	11.888	24.649	31.7035
4	27	c	7/18/2004	22:46	-152.76667	58.665	194	13	8.1519	0.3846	12.878	24.6739	31.7158
4	27	c	7/18/2004	22:46	-152.76667	58.665	194	14	8.0486	0.3764	13.869	24.6979	31.7274
4	27	c	7/18/2004	22:46	-152.76667	58.665	194	15	7.9106	0.3663	14.859	24.7168	31.7264
4	27	c	7/18/2004	22:46	-152.76667	58.665	194	16	7.8973	0.3558	15.85	24.7211	31.7295
4	27	c	7/18/2004	22:46	-152.76667	58.665	194	17	7.8413	0.3534	16.84	24.7273	31.7273
4	27	c	7/18/2004	22:46	-152.76667	58.665	194	18	7.8282	0.3513	17.831	24.7319	31.7307
4	27	c	7/18/2004	22:46	-152.76667	58.665	194	19	7.8222	0.3565	18.821	24.7433	31.7441
4	27	c	7/18/2004	22:46	-152.76667	58.665	194	20	7.8118	0.3464	19.812	24.745	31.7445
4	27	c	7/18/2004	22:46	-152.76667	58.665	194	21	7.8094	0.3434	20.803	24.7447	31.7437
4	27	c	7/18/2004	22:46	-152.76667	58.665	194	22	7.8085	0.3528	21.793	24.7455	31.7445
4	27	c	7/18/2004	22:46	-152.76667	58.665	194	23	7.8058	0.3448	22.784	24.746	31.7446
4	27	c	7/18/2004	22:46	-152.76667	58.665	194	24	7.7757	0.3294	23.774	24.7511	31.7458
4	27	c	7/18/2004	22:46	-152.76667	58.665	194	25	7.7434	0.3344	24.765	24.7636	31.7559
4	27	c	7/18/2004	22:46	-152.76667	58.665	194	26	7.7441	0.3366	25.755	24.7643	31.7569
4	27	c	7/18/2004	22:46	-152.76667	58.665	194	27	7.7269	0.3389	26.746	24.7715	31.763
4	27	c	7/18/2004	22:46	-152.76667	58.665	194	28	7.6676	0.3206	27.736	24.7867	31.7718
4	27	c	7/18/2004	22:46	-152.76667	58.665	194	29	7.5993	0.3321	28.727	24.8045	31.7825
4	27	c	7/18/2004	22:46	-152.76667	58.665	194	30	7.543	0.3226	29.717	24.818	31.7897
4	27	c	7/18/2004	22:46	-152.76667	58.665	194	31	7.5261	0.3031	30.708	24.8229	31.7929
4	27	c	7/18/2004	22:46	-152.76667	58.665	194	32	7.5216	0.3055	31.698	24.824	31.7936
4	27	c	7/18/2004	22:46	-152.76667	58.665	194	33	7.5084	0.3033	32.689	24.8259	31.7936
4	27	c	7/18/2004	22:46	-152.76667	58.665	194	34	7.4997	0.3042	33.679	24.8277	31.7944
4	27	c	7/18/2004	22:46	-152.76667	58.665	194	35	7.4956	0.3096	34.67	24.8282	31.7943
4	27	c	7/18/2004	22:46	-152.76667	58.665	194	36	7.4698	0.3045	35.66	24.8344	31.7977
4	27	c	7/18/2004	22:46	-152.76667	58.665	194	37	7.4412	0.3034	36.651	24.8435	31.8043
4	27	c	7/18/2004	22:46	-152.76667	58.665	194	38	7.4396	0.3068	37.641	24.8437	31.8042
4	27	c	7/18/2004	22:46	-152.76667	58.665	194	39	7.4381	0.3085	38.632	24.8441	31.8044
4	27	c	7/18/2004	22:46	-152.76667	58.665	194	40	7.4314	0.3206	39.622	24.845	31.8044
4	27	c	7/18/2004	22:46	-152.76667	58.665	194	41	7.3126	0.3105	40.613	24.8587	31.8013
4	27	c	7/18/2004	22:46	-152.76667	58.665	194	42	7.2487	0.296	41.603	24.8751	31.8112
4	27	c	7/18/2004	22:46	-152.76667	58.665	194	43	7.25	0.2984	42.594	24.8746	31.8108
4	27	c	7/18/2004	22:46	-152.76667	58.665	194	44	7.25	0.2893	43.584	24.8748	31.8111
4	27	c	7/18/2004	22:46	-152.76667	58.665	194	45	7.2506	0.2992	44.574	24.8774	31.8144
4	27	c	7/18/2004	22:46	-152.76667	58.665	194	46	7.2537	0.2947	45.565	24.882	31.8208
4	27	c	7/18/2004	22:46	-152.76667	58.665	194	47	7.2246	0.297	46.555	24.8962	31.8338
4	27	c	7/18/2004	22:46	-152.76667	58.665	194	48	7.1745	0.2877	47.546	24.9109	31.844
4	27	c	7/18/2004	22:46	-152.76667	58.665	194	49	7.1094	0.2847	48.536	24.9239	31.8494
4	27	c	7/18/2004	22:46	-152.76667	58.665	194	50	7.0579	0.2825	49.527	24.934	31.8535
4	27	c	7/18/2004	22:46	-152.76667	58.665	194	51	7.0088	0.2766	50.517	24.9438	31.8578
4	27	c	7/18/2004	22:46	-152.76667	58.665	194	52	6.9342	0.2805	51.507	24.9508	31.8543
4	27	c	7/18/2004	22:46	-152.76667	58.665	194	53	6.7887	0.2654	52.498	24.9672	31.8511
4	27	c	7/18/2004	22:46	-152.76667	58.665	194	54	6.7167	0.2544	53.488	24.9763	31.8508
4	27	c	7/18/2004	22:46	-152.76667	58.665	194	55	6.6448	0.255	54.479	24.9908	31.8575
4	27	c	7/18/2004	22:46	-152.76667	58.665	194	56	6.607	0.2473	55.469	25.0025	31.8662
4	27	c	7/18/2004	22:46	-152.76667	58.665	194	57	6.5974	0.2464	56.459	25.0086	31.8724
4	27	c	7/18/2004	22:46	-152.76667	58.665	194	58	6.5866	0.2471	57.45	25.0164	31.8806
4	27	c	7/18/2004	22:46	-152.76667	58.665	194	59	6.581	0.2463	58.44	25.0199	31.884
4	27	c	7/18/2004	22:46	-152.76667	58.665	194	60	6.5785	0.2431	59.43	25.0216	31.8858
4	27	c	7/18/2004	22:46	-152.76667	58.665	194	61	6.576	0.2452	60.421	25.0232	31.8874
4	27	c	7/18/2004	22:46	-152.76667	58.665	194	62	6.5663	0.2397	61.411	25.0265	31.8901
4	27	c	7/18/2004	22:46	-152.76667	58.665	194	63	6.5639	0.2412	62.402	25.027	31.8903
4	27	c	7/18/2004	22:46	-152.76667	58.665	194	64	6.5523	0.2451	63.392	25.0298	31.8919
4	27	c	7/18/2004	22:46	-152.76667	58.665	194	65	6.5382	0.2423	64.382	25.033	31.8937
4	27	c	7/18/2004	22:46	-152.76667	58.665	194	66	6.5154	0.2416	65.373	25.038	31.8963
4	27	c	7/18/2004	22:46	-152.76667	58.665	194	67	6.4921	0.2399	66.363	25.0425	31.8983
4	27	c	7/18/2004	22:46	-152.76667	58.665	194	68	6.3952	0.2376	67.353	25.0607	31.9061
4	27	c	7/18/2004	22:46	-152.76667	58.665	194	69	6.3033	0.2351	68.344	25.074	31.9084
4	27	c	7/18/2004	22:46	-152.76667	58.665	194	70	6.2788	0.2339	69.334	25.0763	31.9074
4	27	c	7/18/2004	22:46	-152.76667	58.665	194	71	6.2368	0.2335	70.324	25.0816	31.9075
4	27	c	7/18/2004	22:46	-152.76667	58.665	194	72	6.1858	0.2303	71.314	25.0879	31.9076
4	27	c	7/18/2004	22:46	-152.76667	58.665	194	73	6.1652	0.2309	72.305	25.0902	31.9074
4	27	c	7/18/2004	22:46	-152.76667	58.665	194	74	6.1581	0.2308	73.295	25.0913	31.9075
4	27	c	7/18/2004	22:46	-152.76667	58.665	194	75	6.1527	0.2287	74.285	25.0914	31.9069
4	27	c	7/18/2004	22:46	-152.76667	58.665	194	76	6.1419	0.2296	75.276	25.0927	31.9069
4	27	c	7/18/2004	22:46	-152.76667	58.665	194	77	6.1345	0.2305	76.266	25.0932	31.9063
4	27	c	7/18/2004	22:46	-152.76667	58.665	194	78	6.1243	0.2282	77.256	25.0946	31.9065
4	27	c	7/18/2004	22:46	-152.76667	58.665	194	79	6.1176	0.2288	78.246	25.0956	31.9067
4	27	c	7/18/2004	22:46	-152.76667	58.665	194	80	6.0949	0.2282	79.237	25.0992	31.9078
4	27	c	7/18/2004	22:46	-152.76667	58.665	194	81	6.0691	0.2271	80.227	25.1031	31.9088
4	27	c	7/18/2004	22:46	-152.76667	58.665	194	82	6.0167	0.2254	81.217	25.1113	31.9111
4	27	c	7/18/2004	22:46	-152.76667	58.665	194	83	5.9659	0.223	82.208	25.1223	31.9173
4	27	c	7/18/2004	22:46	-152.76667	58.665	194	84	5.9473	0.2224	83.198	25.1243	31.9169
4	27	c	7/18/2004	22:46	-152.76667	58.665	194	85	5.9274	0.2228	84.188	25.128	31.9187
4	27	c	7/18/2004	22:46	-152.76667	58.665	194	86	5.9085	0.2219	85.178	25.1322	31.9211
4	27	c	7/18/2004	22:46	-152.76667	58.665	194	87	5.9001	0.2225	86.169	25.1348	31.9231
4	27	c	7/18/2004	22:46	-152.76667	58.665	194	88	5.8897	0.2218	87.159	25.1374	31.9248
4	27	c	7/18/2004	22:46	-152.76667	58.665	194	89	5.8797	0.2231	88.149	25.14	31.9266
4	27	c	7/18/2004	22:46	-152.76667	58.665	194	90	5.8664	0.2221	89.139	25.1428	31.9281
4	27	c	7/18/2004	22:46	-152.76667	58.665	194	91	5.8473	0.2218	90.129	25.1465	31.9299
4	27	c	7/18/2004	22:46	-152.76667	58.665	194	92	5.8299	0.2212	91.12	25.1489	31.9303
4	27	c	7/18/2004	22:46	-152.76667	58.665	194	93	5.8051	0.2227	92.11	25.1539	31.933
4	27	c	7/18/2004	22:46	-152.76667	58.665	194	94	5.7825	0.2218	93.1	25.158	31.9347
4	27	c	7/18/2004	22:46	-152.76667	58.665	194	95	5.7568	0.2215	94.09	25.1629	31.9371
4	27	c	7/18/2004	22:46	-152.76667	58.665	194	96	5.7499	0.2227	95.08	25.1643	31.9378
4	27	c	7/18/2004	22:46	-152.76667	58.665	194	97	5.7374	0.2223	96.071	25.1776	31.9528
4	27	c	7/18/2004	22:46	-152.76667	58.665	194	98	5.7104	0.222	97.061	25.1869	31.9606
4	27	c	7/18/2004	22:46	-152.76667	58.665	194	99	5.6877	0.2226	98.051	25.1903	31.9615
4	27	c	7/18/2004	22:46	-152.76667	58.665	194	100	5.6706	0.2213	99.041	25.1926	31.9619
4	27	c	7/18/2004	22:46	-152.76667	58.665	194	101	5.6585	0.2211	100.031	25.1941	31.9619
4	27	c	7/18/2004	22:46	-152.76667	58.665	194	102	5.6272	0.2214	101.022	25.1977	31.9619
4	27	c	7/18/2004	22:46	-152.76667	58.665	194	103	5.5093	0.2223	102.012	25.2118	31.9626
4	27	c	7/18/2004	22:46	-152.76667	58.665	194	104	5.4677	0.221	103.002	25.2221	31.9695
4	27	c	7/18/2004	22:46	-152.76667	58.665	194	105	5.4419	0.2209	103.992	25.2254	31.97
4	27	c	7/18/2004	22:46	-152.76667	58.665	194	106	5.4161	0.2204	104.982	25.2296	31.9716
4	27	c	7/18/2004	22:46	-152.76667	58.665	194	107	5.3994	0.2203	105.972	25.2321	31.9724
4	27	c	7/18/2004	22:46	-152.76667	58.665	194	108	5.3831	0.2199	106.962	25.2356	31.9744
4	27	c	7/18/2004	22:46	-152.76667	58.665	194	109	5.376	0.2196	107.952	25.2389	31.9776
4	27	c	7/18/2004	22:46	-152.76667	58.665	194	110	5.3997	0.2204	108.943	25.2454	31.9891
4	27	c	7/18/2004	22:46	-152.76667	58.665	194	111	5.4463	0.2204	109.933	25.2507	32.0025
4	27	c	7/18/2004	22:46	-152.76667	58.665	194	112	5.4308	0.2218	110.923	25.2553	32.0061
4	27	c	7/18/2004	22:46	-152.76667	58.665	194	113	5.3914	0.2202	111.913	25.2585	32.0045
4	27	c	7/18/2004	22:46	-152.76667	58.665	194	114	5.3733	0.2201	112.903	25.2612	32.0053
4	27	c	7/18/2004	22:46	-152.76667	58.665	194	115	5.3649	0.2203	113.893	25.262	32.0051
4	27	c	7/18/2004	22:46	-152.76667	58.665	194	116	5.347	0.2201	114.883	25.2635	32.0044
4	27	c	7/18/2004	22:46	-152.76667	58.665	194	117	5.3303	0.221	115.873	25.2658	32.005
4	27	c	7/18/2004	22:46	-152.76667	58.665	194	118	5.3106	0.2196	116.863	25.2742	32.0128
4	27	c	7/18/2004	22:46	-152.76667	58.665	194	119	5.3636	0.2198	117.854	25.2808	32.0286
4	27	c	7/18/2004	22:46	-152.76667	58.665	194	120	5.3341	0.2192	118.844	25.2877	32.0331
4	27	c	7/18/2004	22:46	-152.76667	58.665	194	121	5.2671	0.2194	119.834	25.2975	32.0359
4	27	c	7/18/2004	22:46	-152.76667	58.665	194	122	5.2613	0.2195	120.824	25.2995	32.0376
4	27	c	7/18/2004	22:46	-152.76667	58.665	194	123	5.2528	0.2185	121.814	25.3023	32.0401
4	27	c	7/18/2004	22:46	-152.76667	58.665	194	124	5.2508	0.2186	122.804	25.3029	32.0405
4	27	c	7/18/2004	22:46	-152.76667	58.665	194	125	5.2485	0.2184	123.794	25.3039	32.0415
4	27	c	7/18/2004	22:46	-152.76667	58.665	194	126	5.2426	0.2191	124.784	25.3069	32.0443
4	27	c	7/18/2004	22:46	-152.76667	58.665	194	127	5.2409	0.2189	125.774	25.3079	32.0453
4	27	c	7/18/2004	22:46	-152.76667	58.665	194	128	5.2388	0.221	126.764	25.309	32.0464
4	27	c	7/18/2004	22:46	-152.76667	58.665	194	129	5.2371	0.2183	127.754	25.3096	32.047
4	27	c	7/18/2004	22:46	-152.76667	58.665	194	130	5.228	0.2189	128.744	25.3133	32.0504
4	27	c	7/18/2004	22:46	-152.76667	58.665	194	131	5.2191	0.2193	129.734	25.3162	32.0528
4	27	c	7/18/2004	22:46	-152.76667	58.665	194	132	5.1869	0.2184	130.724	25.3242	32.0583
4	27	c	7/18/2004	22:46	-152.76667	58.665	194	133	5.1381	0.219	131.714	25.3453	32.0781
4	27	c	7/18/2004	22:46	-152.76667	58.665	194	134	5.1379	0.2187	132.704	25.3496	32.0835
4	27	c	7/18/2004	22:46	-152.76667	58.665	194	135	5.1367	0.2215	133.694	25.3525	32.087
4	27	c	7/18/2004	22:46	-152.76667	58.665	194	136	5.13	0.217	134.684	25.3576	32.0924
4	27	c	7/18/2004	22:46	-152.76667	58.665	194	137	5.1246	0.2194	135.674	25.3618	32.097
4	27	c	7/18/2004	22:46	-152.76667	58.665	194	138	5.0891	0.2179	136.664	25.3755	32.1094
4	27	c	7/18/2004	22:46	-152.76667	58.665	194	139	5.0736	0.2175	137.654	25.3816	32.115
4	27	c	7/18/2004	22:46	-152.76667	58.665	194	140	5.0634	0.2173	138.644	25.386	32.1191
4	27	c	7/18/2004	22:46	-152.76667	58.665	194	141	5.0596	0.2167	139.634	25.3895	32.1229
4	27	c	7/18/2004	22:46	-152.76667	58.665	194	142	5.0578	0.217	140.624	25.3924	32.1264
4	27	c	7/18/2004	22:46	-152.76667	58.665	194	143	5.055	0.2172	141.614	25.4094	32.1474
4	27	c	7/18/2004	22:46	-152.76667	58.665	194	144	5.0629	0.218	142.604	25.4264	32.1699
4	27	c	7/18/2004	22:46	-152.76667	58.665	194	145	5.0566	0.2177	143.594	25.4403	32.1866
4	27	c	7/18/2004	22:46	-152.76667	58.665	194	146	5.0345	0.2182	144.584	25.4674	32.2177
4	27	c	7/18/2004	22:46	-152.76667	58.665	194	147	5.0226	0.2178	145.574	25.4875	32.2414
4	27	c	7/18/2004	22:46	-152.76667	58.665	194	148	5.0197	0.2166	146.564	25.492	32.2468
4	27	c	7/18/2004	22:46	-152.76667	58.665	194	149	5.0163	0.2185	147.554	25.4989	32.2549
4	27	c	7/18/2004	22:46	-152.76667	58.665	194	150	5.0129	0.2175	148.544	25.5051	32.2622
4	27	c	7/18/2004	22:46	-152.76667	58.665	194	151	4.9982	0.218	149.534	25.5224	32.2821
4	27	c	7/18/2004	22:46	-152.76667	58.665	194	152	4.971	0.2175	150.524	25.5409	32.3017
4	27	c	7/18/2004	22:46	-152.76667	58.665	194	153	4.9558	0.2174	151.514	25.5493	32.3102
4	27	c	7/18/2004	22:46	-152.76667	58.665	194	154	4.948	0.2172	152.503	25.5577	32.3196
4	27	c	7/18/2004	22:46	-152.76667	58.665	194	155	4.945	0.2177	153.493	25.5629	32.3259
4	27	c	7/18/2004	22:46	-152.76667	58.665	194	156	4.9453	0.2173	154.483	25.5672	32.3313
4	27	c	7/18/2004	22:46	-152.76667	58.665	194	157	4.9459	0.2177	155.473	25.5684	32.3328
4	27	c	7/18/2004	22:46	-152.76667	58.665	194	158	4.946	0.2176	156.463	25.5764	32.343
4	27	c	7/18/2004	22:46	-152.76667	58.665	194	159	4.9356	0.218	157.453	25.6243	32.402
4	27	c	7/18/2004	22:46	-152.76667	58.665	194	160	4.9308	0.218	158.443	25.6432	32.4251
4	27	c	7/18/2004	22:46	-152.76667	58.665	194	161	4.9278	0.2184	159.433	25.6517	32.4354
4	27	c	7/18/2004	22:46	-152.76667	58.665	194	162	4.9255	0.218	160.423	25.6648	32.4517
4	27	c	7/18/2004	22:46	-152.76667	58.665	194	163	4.9265	0.2185	161.412	25.6714	32.4602
4	27	c	7/18/2004	22:46	-152.76667	58.665	194	164	4.9254	0.2188	162.402	25.6757	32.4654
4	27	c	7/18/2004	22:46	-152.76667	58.665	194	165	4.9245	0.2185	163.392	25.6785	32.4688
4	27	c	7/18/2004	22:46	-152.76667	58.665	194	166	4.9221	0.2185	164.382	25.6829	32.474
4	27	c	7/18/2004	22:46	-152.76667	58.665	194	167	4.9207	0.219	165.372	25.6866	32.4785
4	27	c	7/18/2004	22:46	-152.76667	58.665	194	168	4.9208	0.2177	166.361	25.7017	32.4975
4	27	c	7/18/2004	22:46	-152.76667	58.665	194	169	4.9221	0.219	167.352	25.7174	32.5175
4	27	c	7/18/2004	22:46	-152.76667	58.665	194	170	4.9287	0.2186	168.341	25.7429	32.5506
4	27	c	7/18/2004	22:46	-152.76667	58.665	194	171	4.9372	0.2192	169.331	25.7552	32.5672
4	27	c	7/18/2004	22:46	-152.76667	58.665	194	172	4.9456	0.2201	170.321	25.7689	32.5857
4	27	c	7/18/2004	22:46	-152.76667	58.665	194	173	4.9504	0.2196	171.311	25.7763	32.5956
4	27	c	7/18/2004	22:46	-152.76667	58.665	194	174	4.9606	0.2201	172.301	25.7863	32.6096
4	27	c	7/18/2004	22:46	-152.76667	58.665	194	175	4.9659	0.2209	173.291	25.7908	32.6161
4	27	c	7/18/2004	22:46	-152.76667	58.665	194	176	4.9699	0.2216	174.28	25.7938	32.6204
4	27	c	7/18/2004	22:46	-152.76667	58.665	194	177	4.971	0.2219	175.27	25.7944	32.6213
4	27	c	7/18/2004	22:46	-152.76667	58.665	194	178	4.9707	0.2223	176.26	25.7945	32.6213
4	27	c	7/18/2004	22:46	-152.76667	58.665	194	179	4.9706	0.2223	177.25	25.7944	32.6212
4	27	c	7/18/2004	22:46	-152.76667	58.665	194	180	4.9708	0.2219	178.24	25.7944	32.6213
4	27	c	7/18/2004	22:46	-152.76667	58.665	194	181	4.9711	0.2221	179.229	25.7941	32.621
4	29	c	7/18/2004	22:46	-152.86833	58.70333	161	1	13.2367	0.3683	0.991	23.1353	30.8514
4	29	c	7/18/2004	22:46	-152.86833	58.70333	161	2	13.24	0.366	1.981	23.1362	30.8533
4	29	c	7/18/2004	22:46	-152.86833	58.70333	161	3	13.2415	0.3655	2.972	23.1387	30.8569
4	29	c	7/18/2004	22:46	-152.86833	58.70333	161	4	13.2418	0.3596	3.963	23.1395	30.858
4	29	c	7/18/2004	22:46	-152.86833	58.70333	161	5	13.242	0.3605	4.953	23.1399	30.8585
4	29	c	7/18/2004	22:46	-152.86833	58.70333	161	6	13.2403	0.36	5.944	23.1405	30.8589
4	29	c	7/18/2004	22:46	-152.86833	58.70333	161	7	13.2269	0.3612	6.934	23.1462	30.8629
4	29	c	7/18/2004	22:46	-152.86833	58.70333	161	8	13.1777	0.3675	7.925	23.165	30.8748
4	29	c	7/18/2004	22:46	-152.86833	58.70333	161	9	12.7629	0.4034	8.916	23.3021	30.9496
4	29	c	7/18/2004	22:46	-152.86833	58.70333	161	10	11.2567	0.508	9.906	23.8036	31.2381
4	29	c	7/18/2004	22:46	-152.86833	58.70333	161	11	10.5226	0.5042	10.897	24.0229	31.3592
4	29	c	7/18/2004	22:46	-152.86833	58.70333	161	12	9.9911	0.49	11.887	24.1729	31.437
4	29	c	7/18/2004	22:46	-152.86833	58.70333	161	13	9.6895	0.4919	12.878	24.2586	31.4844
4	29	c	7/18/2004	22:46	-152.86833	58.70333	161	14	9.3941	0.4762	13.869	24.3387	31.527
4	29	c	7/18/2004	22:46	-152.86833	58.70333	161	15	9.1887	0.4791	14.859	24.3924	31.5545
4	29	c	7/18/2004	22:46	-152.86833	58.70333	161	16	9.0299	0.4851	15.85	24.4315	31.5731
4	29	c	7/18/2004	22:46	-152.86833	58.70333	161	17	8.9066	0.4833	16.84	24.4583	31.5832
4	29	c	7/18/2004	22:46	-152.86833	58.70333	161	18	8.7219	0.468	17.831	24.503	31.6046
4	29	c	7/18/2004	22:46	-152.86833	58.70333	161	19	8.5509	0.4544	18.822	24.5518	31.6343
4	29	c	7/18/2004	22:46	-152.86833	58.70333	161	20	8.4977	0.4295	19.812	24.565	31.6411
4	29	c	7/18/2004	22:46	-152.86833	58.70333	161	21	8.4625	0.4202	20.803	24.5722	31.6437
4	29	c	7/18/2004	22:46	-152.86833	58.70333	161	22	8.4443	0.4189	21.793	24.5776	31.647
4	29	c	7/18/2004	22:46	-152.86833	58.70333	161	23	8.4129	0.394	22.784	24.5873	31.6535
4	29	c	7/18/2004	22:46	-152.86833	58.70333	161	24	8.3796	0.3988	23.774	24.5985	31.6616
4	29	c	7/18/2004	22:46	-152.86833	58.70333	161	25	8.3388	0.3819	24.765	24.6058	31.6632
4	29	c	7/18/2004	22:46	-152.86833	58.70333	161	26	8.3032	0.3853	25.755	24.6116	31.6641
4	29	c	7/18/2004	22:46	-152.86833	58.70333	161	27	8.2705	0.3645	26.746	24.6164	31.6641
4	29	c	7/18/2004	22:46	-152.86833	58.70333	161	28	8.2429	0.382	27.736	24.6204	31.6641
4	29	c	7/18/2004	22:46	-152.86833	58.70333	161	29	8.2153	0.362	28.727	24.6243	31.6639
4	29	c	7/18/2004	22:46	-152.86833	58.70333	161	30	8.184	0.3556	29.717	24.633	31.6692
4	29	c	7/18/2004	22:46	-152.86833	58.70333	161	31	8.1555	0.3488	30.708	24.6375	31.6697
4	29	c	7/18/2004	22:46	-152.86833	58.70333	161	32	8.1128	0.343	31.698	24.6463	31.673
4	29	c	7/18/2004	22:46	-152.86833	58.70333	161	33	8.088	0.3346	32.689	24.6548	31.6794
4	29	c	7/18/2004	22:46	-152.86833	58.70333	161	34	8.1045	0.3414	33.679	24.6583	31.6868
4	29	c	7/18/2004	22:46	-152.86833	58.70333	161	35	8.0931	0.3464	34.67	24.6653	31.6936
4	29	c	7/18/2004	22:46	-152.86833	58.70333	161	36	8.0654	0.3413	35.66	24.6723	31.6975
4	29	c	7/18/2004	22:46	-152.86833	58.70333	161	37	7.9641	0.3267	36.651	24.6941	31.7068
4	29	c	7/18/2004	22:46	-152.86833	58.70333	161	38	7.9042	0.3135	37.641	24.7117	31.7184
4	29	c	7/18/2004	22:46	-152.86833	58.70333	161	39	7.8008	0.303	38.632	24.7314	31.7249
4	29	c	7/18/2004	22:46	-152.86833	58.70333	161	40	7.6178	0.282	39.622	24.7564	31.7242
4	29	c	7/18/2004	22:46	-152.86833	58.70333	161	41	7.5395	0.2709	40.613	24.775	31.7341
4	29	c	7/18/2004	22:46	-152.86833	58.70333	161	42	7.4497	0.2632	41.603	24.8009	31.7514
4	29	c	7/18/2004	22:46	-152.86833	58.70333	161	43	7.3985	0.2559	42.594	24.8181	31.7644
4	29	c	7/18/2004	22:46	-152.86833	58.70333	161	44	7.3666	0.2531	43.584	24.8313	31.7757
4	29	c	7/18/2004	22:46	-152.86833	58.70333	161	45	7.368	0.2566	44.574	24.8348	31.7803
4	29	c	7/18/2004	22:46	-152.86833	58.70333	161	46	7.3528	0.2582	45.565	24.839	31.7831
4	29	c	7/18/2004	22:46	-152.86833	58.70333	161	47	7.264	0.2569	46.555	24.8589	31.7932
4	29	c	7/18/2004	22:46	-152.86833	58.70333	161	48	7.1215	0.2527	47.546	24.8845	31.8014
4	29	c	7/18/2004	22:46	-152.86833	58.70333	161	49	7.0579	0.2471	48.536	24.8988	31.8088
4	29	c	7/18/2004	22:46	-152.86833	58.70333	161	50	7.0115	0.2459	49.527	24.9053	31.8094
4	29	c	7/18/2004	22:46	-152.86833	58.70333	161	51	7.003	0.2436	50.517	24.9061	31.809
4	29	c	7/18/2004	22:46	-152.86833	58.70333	161	52	6.99	0.2432	51.507	24.9086	31.8099
4	29	c	7/18/2004	22:46	-152.86833	58.70333	161	53	6.9583	0.2437	52.498	24.9136	31.8109
4	29	c	7/18/2004	22:46	-152.86833	58.70333	161	54	6.9075	0.2406	53.488	24.9232	31.8147
4	29	c	7/18/2004	22:46	-152.86833	58.70333	161	55	6.8554	0.2403	54.479	24.9301	31.8149
4	29	c	7/18/2004	22:46	-152.86833	58.70333	161	56	6.7994	0.2401	55.469	24.9357	31.8127
4	29	c	7/18/2004	22:46	-152.86833	58.70333	161	57	6.7706	0.2395	56.459	24.9388	31.8119
4	29	c	7/18/2004	22:46	-152.86833	58.70333	161	58	6.7588	0.2366	57.45	24.9423	31.8144
4	29	c	7/18/2004	22:46	-152.86833	58.70333	161	59	6.742	0.2365	58.44	24.9441	31.8139
4	29	c	7/18/2004	22:46	-152.86833	58.70333	161	60	6.6978	0.234	59.43	24.9498	31.814
4	29	c	7/18/2004	22:46	-152.86833	58.70333	161	61	6.6229	0.2296	60.421	24.9614	31.8166
4	29	c	7/18/2004	22:46	-152.86833	58.70333	161	62	6.595	0.227	61.411	24.968	31.8204
4	29	c	7/18/2004	22:46	-152.86833	58.70333	161	63	6.5942	0.2271	62.402	24.9685	31.8209
4	29	c	7/18/2004	22:46	-152.86833	58.70333	161	64	6.5859	0.2278	63.392	24.9714	31.8232
4	29	c	7/18/2004	22:46	-152.86833	58.70333	161	65	6.5431	0.2276	64.382	24.9789	31.8258
4	29	c	7/18/2004	22:46	-152.86833	58.70333	161	66	6.5238	0.2268	65.373	24.9817	31.8262
4	29	c	7/18/2004	22:46	-152.86833	58.70333	161	67	6.5196	0.2258	66.363	24.9824	31.8265
4	29	c	7/18/2004	22:46	-152.86833	58.70333	161	68	6.5164	0.2263	67.353	24.9836	31.8275
4	29	c	7/18/2004	22:46	-152.86833	58.70333	161	69	6.5117	0.2257	68.344	24.9851	31.8286
4	29	c	7/18/2004	22:46	-152.86833	58.70333	161	70	6.4983	0.2258	69.334	24.9896	31.8321
4	29	c	7/18/2004	22:46	-152.86833	58.70333	161	71	6.4916	0.2263	70.324	24.9914	31.8334
4	29	c	7/18/2004	22:46	-152.86833	58.70333	161	72	6.4857	0.2259	71.314	24.9928	31.8342
4	29	c	7/18/2004	22:46	-152.86833	58.70333	161	73	6.4791	0.2255	72.305	24.9945	31.8353
4	29	c	7/18/2004	22:46	-152.86833	58.70333	161	74	6.4704	0.2263	73.295	24.9975	31.8377
4	29	c	7/18/2004	22:46	-152.86833	58.70333	161	75	6.4608	0.2256	74.285	24.9998	31.8391
4	29	c	7/18/2004	22:46	-152.86833	58.70333	161	76	6.4581	0.2256	75.276	25.0005	31.8396
4	29	c	7/18/2004	22:46	-152.86833	58.70333	161	77	6.4509	0.2257	76.266	25.0024	31.8407
4	29	c	7/18/2004	22:46	-152.86833	58.70333	161	78	6.444	0.2259	77.256	25.0038	31.8414
4	29	c	7/18/2004	22:46	-152.86833	58.70333	161	79	6.4378	0.2256	78.246	25.0053	31.8424
4	29	c	7/18/2004	22:46	-152.86833	58.70333	161	80	6.4317	0.2252	79.237	25.0067	31.8431
4	29	c	7/18/2004	22:46	-152.86833	58.70333	161	81	6.4267	0.2267	80.227	25.0095	31.8459
4	29	c	7/18/2004	22:46	-152.86833	58.70333	161	82	6.4078	0.2252	81.217	25.0143	31.8489
4	29	c	7/18/2004	22:46	-152.86833	58.70333	161	83	6.3782	0.2242	82.208	25.0214	31.8532
4	29	c	7/18/2004	22:46	-152.86833	58.70333	161	84	6.3682	0.2244	83.198	25.0238	31.8547
4	29	c	7/18/2004	22:46	-152.86833	58.70333	161	85	6.362	0.2243	84.188	25.0253	31.8557
4	29	c	7/18/2004	22:46	-152.86833	58.70333	161	86	6.3508	0.224	85.178	25.0279	31.8572
4	29	c	7/18/2004	22:46	-152.86833	58.70333	161	87	6.3282	0.2247	86.169	25.0341	31.8615
4	29	c	7/18/2004	22:46	-152.86833	58.70333	161	88	6.3138	0.2232	87.159	25.0382	31.8643
4	29	c	7/18/2004	22:46	-152.86833	58.70333	161	89	6.2963	0.2229	88.149	25.0429	31.8676
4	29	c	7/18/2004	22:46	-152.86833	58.70333	161	90	6.2739	0.2244	89.139	25.0484	31.8711
4	29	c	7/18/2004	22:46	-152.86833	58.70333	161	91	6.238	0.2218	90.129	25.0573	31.8767
4	29	c	7/18/2004	22:46	-152.86833	58.70333	161	92	6.1892	0.221	91.12	25.0697	31.8849
4	29	c	7/18/2004	22:46	-152.86833	58.70333	161	93	6.1759	0.2209	92.11	25.0725	31.8863
4	29	c	7/18/2004	22:46	-152.86833	58.70333	161	94	6.1528	0.2213	93.1	25.0777	31.8893
4	29	c	7/18/2004	22:46	-152.86833	58.70333	161	95	6.1341	0.2208	94.09	25.0834	31.8936
4	29	c	7/18/2004	22:46	-152.86833	58.70333	161	96	6.1055	0.2206	95.08	25.0917	31.8997
4	29	c	7/18/2004	22:46	-152.86833	58.70333	161	97	6.0724	0.2198	96.071	25.1022	31.9079
4	29	c	7/18/2004	22:46	-152.86833	58.70333	161	98	6.0434	0.2197	97.061	25.1105	31.914
4	29	c	7/18/2004	22:46	-152.86833	58.70333	161	99	6.034	0.2198	98.051	25.1136	31.9165
4	29	c	7/18/2004	22:46	-152.86833	58.70333	161	100	6.0113	0.2194	99.041	25.1206	31.9219
4	29	c	7/18/2004	22:46	-152.86833	58.70333	161	101	5.9967	0.2195	100.031	25.1251	31.9253
4	29	c	7/18/2004	22:46	-152.86833	58.70333	161	102	5.9918	0.2206	101.021	25.1262	31.9259
4	29	c	7/18/2004	22:46	-152.86833	58.70333	161	103	5.9827	0.219	102.012	25.1279	31.9267
4	29	c	7/18/2004	22:46	-152.86833	58.70333	161	104	5.9697	0.2194	103.002	25.1311	31.9287
4	29	c	7/18/2004	22:46	-152.86833	58.70333	161	105	5.9276	0.219	103.992	25.1421	31.9363
4	29	c	7/18/2004	22:46	-152.86833	58.70333	161	106	5.8858	0.2206	104.982	25.1587	31.951
4	29	c	7/18/2004	22:46	-152.86833	58.70333	161	107	5.8867	0.221	105.972	25.1619	31.9551
4	29	c	7/18/2004	22:46	-152.86833	58.70333	161	108	5.8889	0.2205	106.962	25.1626	31.9564
4	29	c	7/18/2004	22:46	-152.86833	58.70333	161	109	5.8917	0.2211	107.952	25.1629	31.9571
4	29	c	7/18/2004	22:46	-152.86833	58.70333	161	110	5.8974	0.2213	108.943	25.1646	31.9601
4	29	c	7/18/2004	22:46	-152.86833	58.70333	161	111	5.8999	0.222	109.933	25.1652	31.9613
4	29	c	7/18/2004	22:46	-152.86833	58.70333	161	112	5.9057	0.222	110.923	25.1666	31.9639
4	29	c	7/18/2004	22:46	-152.86833	58.70333	161	113	5.9133	0.2216	111.913	25.1684	31.9674
4	29	c	7/18/2004	22:46	-152.86833	58.70333	161	114	5.9235	0.2219	112.903	25.1692	31.9698
4	29	c	7/18/2004	22:46	-152.86833	58.70333	161	115	5.9323	0.2225	113.893	25.1703	31.9726
4	29	c	7/18/2004	22:46	-152.86833	58.70333	161	116	5.8579	0.2213	114.883	25.1775	31.9705
4	29	c	7/18/2004	22:46	-152.86833	58.70333	161	117	5.8192	0.2219	115.873	25.1831	31.9718
4	29	c	7/18/2004	22:46	-152.86833	58.70333	161	118	5.8133	0.2209	116.863	25.1878	31.9768
4	29	c	7/18/2004	22:46	-152.86833	58.70333	161	119	5.8747	0.2257	117.854	25.1959	31.9963
4	29	c	7/18/2004	22:46	-152.86833	58.70333	161	120	5.879	0.2248	118.844	25.1983	32
4	29	c	7/18/2004	22:46	-152.86833	58.70333	161	121	5.8608	0.2251	119.834	25.2011	32.0008
4	29	c	7/18/2004	22:46	-152.86833	58.70333	161	122	5.8308	0.2235	120.824	25.204	31.9999
4	29	c	7/18/2004	22:46	-152.86833	58.70333	161	123	5.8048	0.2222	121.814	25.2117	32.0057
4	29	c	7/18/2004	22:46	-152.86833	58.70333	161	124	5.7944	0.2215	122.804	25.213	32.0057
4	29	c	7/18/2004	22:46	-152.86833	58.70333	161	125	5.738	0.2201	123.794	25.2202	32.0065
4	29	c	7/18/2004	22:46	-152.86833	58.70333	161	126	5.6892	0.2192	124.784	25.2294	32.0109
4	29	c	7/18/2004	22:46	-152.86833	58.70333	161	127	5.6662	0.2188	125.774	25.2353	32.0149
4	29	c	7/18/2004	22:46	-152.86833	58.70333	161	128	5.6472	0.2192	126.764	25.2395	32.0174
4	29	c	7/18/2004	22:46	-152.86833	58.70333	161	129	5.6394	0.218	127.754	25.241	32.0181
4	29	c	7/18/2004	22:46	-152.86833	58.70333	161	130	5.6327	0.218	128.744	25.2422	32.0187
4	29	c	7/18/2004	22:46	-152.86833	58.70333	161	131	5.5859	0.2177	129.734	25.2538	32.0265
4	29	c	7/18/2004	22:46	-152.86833	58.70333	161	132	5.5421	0.2178	130.724	25.2651	32.0343
4	29	c	7/18/2004	22:46	-152.86833	58.70333	161	133	5.4684	0.2174	131.714	25.2833	32.0467
4	31	c	7/18/2004	22:46	-152.97333	58.74167	153	1	12.6437	0.3619	0.991	23.3415	30.9704
4	31	c	7/18/2004	22:46	-152.97333	58.74167	153	2	12.6379	0.3652	1.981	23.3365	30.9626
4	31	c	7/18/2004	22:46	-152.97333	58.74167	153	3	12.6088	0.363	2.972	23.3474	30.9695
4	31	c	7/18/2004	22:46	-152.97333	58.74167	153	4	12.5682	0.365	3.963	23.3604	30.9762
4	31	c	7/18/2004	22:46	-152.97333	58.74167	153	5	12.4741	0.3706	4.953	23.3889	30.9902
4	31	c	7/18/2004	22:46	-152.97333	58.74167	153	6	12.3226	0.3832	5.944	23.4381	31.017
4	31	c	7/18/2004	22:46	-152.97333	58.74167	153	7	12.2552	0.3866	6.935	23.4571	31.0254
4	31	c	7/18/2004	22:46	-152.97333	58.74167	153	8	12.1443	0.4032	7.925	23.4891	31.0401
4	31	c	7/18/2004	22:46	-152.97333	58.74167	153	9	12.0207	0.4229	8.916	23.523	31.0544
4	31	c	7/18/2004	22:46	-152.97333	58.74167	153	10	11.8073	0.4674	9.906	23.586	31.0855
4	31	c	7/18/2004	22:46	-152.97333	58.74167	153	11	11.4481	0.4883	10.897	23.6919	31.139
4	31	c	7/18/2004	22:46	-152.97333	58.74167	153	12	11.0206	0.5029	11.888	23.819	31.2053
4	31	c	7/18/2004	22:46	-152.97333	58.74167	153	13	10.4737	0.4855	12.878	23.975	31.2859
4	31	c	7/18/2004	22:46	-152.97333	58.74167	153	14	9.9143	0.4534	13.869	24.1254	31.3605
4	31	c	7/18/2004	22:46	-152.97333	58.74167	153	15	9.7012	0.4303	14.859	24.1767	31.3818
4	31	c	7/18/2004	22:46	-152.97333	58.74167	153	16	9.6105	0.414	15.85	24.1926	31.3836
4	31	c	7/18/2004	22:46	-152.97333	58.74167	153	17	9.3998	0.387	16.84	24.2367	31.3974
4	31	c	7/18/2004	22:46	-152.97333	58.74167	153	18	9.2312	0.3669	17.831	24.2781	31.4166
4	31	c	7/18/2004	22:46	-152.97333	58.74167	153	19	9.1139	0.3603	18.822	24.3203	31.4474
4	31	c	7/18/2004	22:46	-152.97333	58.74167	153	20	8.9152	0.3372	19.812	24.3716	31.4741
4	31	c	7/18/2004	22:46	-152.97333	58.74167	153	21	8.6772	0.3247	20.803	24.4386	31.5138
4	31	c	7/18/2004	22:46	-152.97333	58.74167	153	22	8.4682	0.3131	21.793	24.4958	31.5472
4	31	c	7/18/2004	22:46	-152.97333	58.74167	153	23	8.3218	0.303	22.784	24.5357	31.5707
4	31	c	7/18/2004	22:46	-152.97333	58.74167	153	24	8.205	0.2923	23.774	24.5681	31.5904
4	31	c	7/18/2004	22:46	-152.97333	58.74167	153	25	7.9646	0.2731	24.765	24.6327	31.629
4	31	c	7/18/2004	22:46	-152.97333	58.74167	153	26	7.6897	0.2516	25.755	24.7059	31.6729
4	31	c	7/18/2004	22:46	-152.97333	58.74167	153	27	7.5513	0.2378	26.746	24.7394	31.6912
4	31	c	7/18/2004	22:46	-152.97333	58.74167	153	28	7.5226	0.2371	27.736	24.7469	31.6956
4	31	c	7/18/2004	22:46	-152.97333	58.74167	153	29	7.5059	0.2347	28.727	24.751	31.698
4	31	c	7/18/2004	22:46	-152.97333	58.74167	153	30	7.497	0.2385	29.717	24.7556	31.7023
4	31	c	7/18/2004	22:46	-152.97333	58.74167	153	31	7.4274	0.2381	30.708	24.7761	31.7161
4	31	c	7/18/2004	22:46	-152.97333	58.74167	153	32	7.336	0.2324	31.698	24.8088	31.742
4	31	c	7/18/2004	22:46	-152.97333	58.74167	153	33	7.3644	0.2314	32.689	24.8171	31.7574
4	31	c	7/18/2004	22:46	-152.97333	58.74167	153	34	7.3662	0.2287	33.679	24.8182	31.7591
4	31	c	7/18/2004	22:46	-152.97333	58.74167	153	35	7.3437	0.2269	34.67	24.8237	31.7622
4	31	c	7/18/2004	22:46	-152.97333	58.74167	153	36	7.337	0.2263	35.66	24.825	31.7627
4	31	c	7/18/2004	22:46	-152.97333	58.74167	153	37	7.3361	0.2267	36.651	24.8249	31.7624
4	31	c	7/18/2004	22:46	-152.97333	58.74167	153	38	7.3269	0.2273	37.641	24.8261	31.7623
4	31	c	7/18/2004	22:46	-152.97333	58.74167	153	39	7.3054	0.2257	38.632	24.8302	31.7638
4	31	c	7/18/2004	22:46	-152.97333	58.74167	153	40	7.2933	0.2253	39.622	24.8317	31.7637
4	31	c	7/18/2004	22:46	-152.97333	58.74167	153	41	7.2526	0.2256	40.613	24.8401	31.7673
4	31	c	7/18/2004	22:46	-152.97333	58.74167	153	42	7.2025	0.2249	41.603	24.8485	31.7695
4	31	c	7/18/2004	22:46	-152.97333	58.74167	153	43	7.1968	0.2251	42.594	24.849	31.7691
4	31	c	7/18/2004	22:46	-152.97333	58.74167	153	44	7.1949	0.2258	43.584	24.8491	31.7689
4	31	c	7/18/2004	22:46	-152.97333	58.74167	153	45	7.1877	0.2283	44.574	24.8488	31.7673
4	31	c	7/18/2004	22:46	-152.97333	58.74167	153	46	7.1299	0.2244	45.565	24.8605	31.7723
4	31	c	7/18/2004	22:46	-152.97333	58.74167	153	47	7.0987	0.2259	46.555	24.869	31.7779
4	31	c	7/18/2004	22:46	-152.97333	58.74167	153	48	7.0826	0.2263	47.546	24.8734	31.7808
4	31	c	7/18/2004	22:46	-152.97333	58.74167	153	49	7.0778	0.2275	48.536	24.8753	31.7824
4	31	c	7/18/2004	22:46	-152.97333	58.74167	153	50	7.0747	0.2269	49.527	24.8776	31.7847
4	31	c	7/18/2004	22:46	-152.97333	58.74167	153	51	7.0629	0.2298	50.517	24.8857	31.7931
4	31	c	7/18/2004	22:46	-152.97333	58.74167	153	52	7.0573	0.2316	51.507	24.8911	31.7989
4	31	c	7/18/2004	22:46	-152.97333	58.74167	153	53	7.044	0.2344	52.498	24.8962	31.8032
4	31	c	7/18/2004	22:46	-152.97333	58.74167	153	54	6.9931	0.236	53.488	24.9081	31.8097
4	31	c	7/18/2004	22:46	-152.97333	58.74167	153	55	6.9517	0.2362	54.479	24.9197	31.8176
4	31	c	7/18/2004	22:46	-152.97333	58.74167	153	56	6.9429	0.2378	55.469	24.9229	31.8202
4	31	c	7/18/2004	22:46	-152.97333	58.74167	153	57	6.9521	0.2368	56.459	24.9228	31.8216
4	31	c	7/18/2004	22:46	-152.97333	58.74167	153	58	6.9745	0.2374	57.45	24.9244	31.8273
4	31	c	7/18/2004	22:46	-152.97333	58.74167	153	59	6.9874	0.2362	58.44	24.9257	31.8311
4	31	c	7/18/2004	22:46	-152.97333	58.74167	153	60	6.9649	0.2361	59.43	24.9292	31.8318
4	31	c	7/18/2004	22:46	-152.97333	58.74167	153	61	6.9344	0.2372	60.421	24.9327	31.8311
4	31	c	7/18/2004	22:46	-152.97333	58.74167	153	62	6.8788	0.2366	61.411	24.9371	31.8275
4	31	c	7/18/2004	22:46	-152.97333	58.74167	153	63	6.7614	0.2382	62.401	24.9462	31.8198
4	31	c	7/18/2004	22:46	-152.97333	58.74167	153	64	6.6094	0.2369	63.392	24.957	31.8088
4	31	c	7/18/2004	22:46	-152.97333	58.74167	153	65	6.5632	0.2389	64.382	24.9633	31.8093
4	31	c	7/18/2004	22:46	-152.97333	58.74167	153	66	6.5605	0.235	65.372	24.9651	31.8112
4	31	c	7/18/2004	22:46	-152.97333	58.74167	153	67	6.5495	0.2342	66.363	24.9683	31.8134
4	31	c	7/18/2004	22:46	-152.97333	58.74167	153	68	6.5338	0.2354	67.353	24.9723	31.8159
4	31	c	7/18/2004	22:46	-152.97333	58.74167	153	69	6.5077	0.233	68.344	24.9791	31.8203
4	31	c	7/18/2004	22:46	-152.97333	58.74167	153	70	6.503	0.2338	69.334	24.9809	31.8219
4	31	c	7/18/2004	22:46	-152.97333	58.74167	153	71	6.5017	0.2341	70.324	24.9813	31.8222
4	31	c	7/18/2004	22:46	-152.97333	58.74167	153	72	6.5	0.2351	71.314	24.9812	31.8218
4	31	c	7/18/2004	22:46	-152.97333	58.74167	153	73	6.4954	0.2346	72.304	24.9822	31.8223
4	31	c	7/18/2004	22:46	-152.97333	58.74167	153	74	6.4858	0.2345	73.295	24.9907	31.8315
4	31	c	7/18/2004	22:46	-152.97333	58.74167	153	75	6.4897	0.2351	74.285	25.0059	31.8514
4	31	c	7/18/2004	22:46	-152.97333	58.74167	153	76	6.4537	0.2347	75.276	25.0162	31.8588
4	31	c	7/18/2004	22:46	-152.97333	58.74167	153	77	6.4037	0.2332	76.266	25.0263	31.8637
4	31	c	7/18/2004	22:46	-152.97333	58.74167	153	78	6.34	0.2316	77.256	25.0354	31.8651
4	31	c	7/18/2004	22:46	-152.97333	58.74167	153	79	6.3075	0.2314	78.246	25.0396	31.8652
4	31	c	7/18/2004	22:46	-152.97333	58.74167	153	80	6.2208	0.2308	79.237	25.0518	31.8671
4	31	c	7/18/2004	22:46	-152.97333	58.74167	153	81	6.2428	0.2398	80.227	25.06	31.881
4	31	c	7/18/2004	22:46	-152.97333	58.74167	153	82	6.2787	0.2295	81.217	25.0596	31.8861
4	31	c	7/18/2004	22:46	-152.97333	58.74167	153	83	6.2953	0.2287	82.208	25.0608	31.8902
4	31	c	7/18/2004	22:46	-152.97333	58.74167	153	84	6.301	0.2289	83.198	25.0609	31.8912
4	31	c	7/18/2004	22:46	-152.97333	58.74167	153	85	6.3043	0.2299	84.188	25.0614	31.8923
4	31	c	7/18/2004	22:46	-152.97333	58.74167	153	86	6.3046	0.2296	85.178	25.0613	31.8923
4	31	c	7/18/2004	22:46	-152.97333	58.74167	153	87	6.3115	0.2302	86.169	25.0621	31.8943
4	31	c	7/18/2004	22:46	-152.97333	58.74167	153	88	6.3203	0.2308	87.159	25.0677	31.9028
4	31	c	7/18/2004	22:46	-152.97333	58.74167	153	89	6.297	0.2288	88.149	25.0771	31.911
4	31	c	7/18/2004	22:46	-152.97333	58.74167	153	90	6.2835	0.2286	89.139	25.0802	31.9129
4	31	c	7/18/2004	22:46	-152.97333	58.74167	153	91	6.2452	0.2279	90.129	25.0881	31.9168
4	31	c	7/18/2004	22:46	-152.97333	58.74167	153	92	6.2019	0.227	91.12	25.0969	31.9212
4	31	c	7/18/2004	22:46	-152.97333	58.74167	153	93	6.1634	0.2266	92.11	25.105	31.9255
4	31	c	7/18/2004	22:46	-152.97333	58.74167	153	94	6.0974	0.2263	93.1	25.1147	31.9276
4	31	c	7/18/2004	22:46	-152.97333	58.74167	153	95	6.0334	0.2268	94.09	25.1211	31.9258
4	31	c	7/18/2004	22:46	-152.97333	58.74167	153	96	6.009	0.2256	95.08	25.1234	31.9251
4	31	c	7/18/2004	22:46	-152.97333	58.74167	153	97	6.005	0.2275	96.07	25.1242	31.9254
4	31	c	7/18/2004	22:46	-152.97333	58.74167	153	98	6.037	0.2273	97.061	25.1353	31.9444
4	31	c	7/18/2004	22:46	-152.97333	58.74167	153	99	6.0735	0.2279	98.051	25.1495	31.968
4	31	c	7/18/2004	22:46	-152.97333	58.74167	153	100	6.0951	0.2284	99.041	25.1576	31.9816
4	31	c	7/18/2004	22:46	-152.97333	58.74167	153	101	6.0609	0.2288	100.032	25.1651	31.9857
4	31	c	7/18/2004	22:46	-152.97333	58.74167	153	102	6.0499	0.2276	101.021	25.1691	31.9892
4	31	c	7/18/2004	22:46	-152.97333	58.74167	153	103	6.0364	0.2285	102.012	25.1754	31.995
4	31	c	7/18/2004	22:46	-152.97333	58.74167	153	104	6.0026	0.2278	103.002	25.183	31.9995
4	31	c	7/18/2004	22:46	-152.97333	58.74167	153	105	5.9503	0.2268	103.992	25.191	32.0016
4	31	c	7/18/2004	22:46	-152.97333	58.74167	153	106	5.8203	0.2239	104.982	25.2112	32.0076
4	31	c	7/18/2004	22:46	-152.97333	58.74167	153	107	5.7468	0.2223	105.972	25.2284	32.0184
4	31	c	7/18/2004	22:46	-152.97333	58.74167	153	108	5.7154	0.2216	106.962	25.2339	32.0207
4	31	c	7/18/2004	22:46	-152.97333	58.74167	153	109	5.6541	0.2225	107.952	25.2461	32.027
4	31	c	7/18/2004	22:46	-152.97333	58.74167	153	110	5.5088	0.2198	108.943	25.2821	32.0513
4	31	c	7/18/2004	22:46	-152.97333	58.74167	153	111	5.4606	0.2191	109.933	25.2935	32.0588
4	31	c	7/18/2004	22:46	-152.97333	58.74167	153	112	5.4324	0.2183	110.923	25.3002	32.0631
4	31	c	7/18/2004	22:46	-152.97333	58.74167	153	113	5.421	0.2184	111.913	25.3024	32.0642
4	31	c	7/18/2004	22:46	-152.97333	58.74167	153	114	5.4215	0.2189	112.903	25.3019	32.0637
4	31	c	7/18/2004	22:46	-152.97333	58.74167	153	115	5.4212	0.2186	113.893	25.3019	32.0635
4	31	c	7/18/2004	22:46	-152.97333	58.74167	153	116	5.4199	0.2197	114.883	25.3018	32.0632
4	31	c	7/18/2004	22:46	-152.97333	58.74167	153	117	5.4194	0.2189	115.873	25.3017	32.063
4	31	c	7/18/2004	22:46	-152.97333	58.74167	153	118	5.4194	0.2183	116.863	25.3014	32.0627
4	31	c	7/18/2004	22:46	-152.97333	58.74167	153	119	5.4143	0.2178	117.854	25.3013	32.0619
4	31	c	7/18/2004	22:46	-152.97333	58.74167	153	120	5.4142	0.2204	118.844	25.3019	32.0625
4	31	c	7/18/2004	22:46	-152.97333	58.74167	153	121	5.4109	0.2175	119.834	25.3021	32.0623
4	31	c	7/18/2004	22:46	-152.97333	58.74167	153	122	5.3942	0.2184	120.824	25.3057	32.0644
4	31	c	7/18/2004	22:46	-152.97333	58.74167	153	123	5.3831	0.2194	121.814	25.309	32.0671
4	31	c	7/18/2004	22:46	-152.97333	58.74167	153	124	5.3709	0.2178	122.804	25.3131	32.0705
4	31	c	7/18/2004	22:46	-152.97333	58.74167	153	125	5.3697	0.2178	123.794	25.3122	32.0691
4	31	c	7/18/2004	22:46	-152.97333	58.74167	153	126	5.3614	0.2215	124.784	25.3177	32.0748
4	31	c	7/18/2004	22:46	-152.97333	58.74167	153	127	5.3548	0.2181	125.774	25.3202	32.0771
4	31	c	7/18/2004	22:46	-152.97333	58.74167	153	128	5.3463	0.2185	126.764	25.3237	32.0802
4	31	c	7/18/2004	22:46	-152.97333	58.74167	153	129	5.3377	0.2183	127.754	25.3277	32.084
4	33	c	7/18/2004	22:46	-153.08	58.78	169	1	12.3284	0.4357	0.99	22.8867	30.3069
4	33	c	7/18/2004	22:46	-153.08	58.78	169	2	12.3424	0.4484	1.981	22.8713	30.2903
4	33	c	7/18/2004	22:46	-153.08	58.78	169	3	12.3423	0.4642	2.972	22.8708	30.2897
4	33	c	7/18/2004	22:46	-153.08	58.78	169	4	12.3435	0.4594	3.963	22.8726	30.2921
4	33	c	7/18/2004	22:46	-153.08	58.78	169	5	12.3491	0.4634	4.953	22.8778	30.3002
4	33	c	7/18/2004	22:46	-153.08	58.78	169	6	12.3491	0.4614	5.944	22.8826	30.3064
4	33	c	7/18/2004	22:46	-153.08	58.78	169	7	12.316	0.4674	6.934	22.9266	30.3552
4	33	c	7/18/2004	22:46	-153.08	58.78	169	8	12.0435	0.4741	7.925	23.1536	30.5837
4	33	c	7/18/2004	22:46	-153.08	58.78	169	9	10.9307	0.4863	8.916	23.6229	30.9353
4	33	c	7/18/2004	22:46	-153.08	58.78	169	10	10.0858	0.6026	9.906	23.9001	31.1069
4	33	c	7/18/2004	22:46	-153.08	58.78	169	11	9.8394	0.6784	10.897	23.9608	31.1336
4	33	c	7/18/2004	22:46	-153.08	58.78	169	12	9.6052	0.6822	11.887	24.0455	31.1941
4	33	c	7/18/2004	22:46	-153.08	58.78	169	13	9.5854	0.6876	12.878	24.05	31.1959
4	33	c	7/18/2004	22:46	-153.08	58.78	169	14	9.3144	0.6279	13.869	24.1475	31.2662
4	33	c	7/18/2004	22:46	-153.08	58.78	169	15	9.2126	0.6093	14.859	24.181	31.2888
4	33	c	7/18/2004	22:46	-153.08	58.78	169	16	9.0608	0.5571	15.85	24.2319	31.3239
4	33	c	7/18/2004	22:46	-153.08	58.78	169	17	9.012	0.5131	16.84	24.2472	31.3339
4	33	c	7/18/2004	22:46	-153.08	58.78	169	18	8.9949	0.527	17.831	24.2512	31.3358
4	33	c	7/18/2004	22:46	-153.08	58.78	169	19	8.8324	0.461	18.822	24.304	31.3717
4	33	c	7/18/2004	22:46	-153.08	58.78	169	20	8.6701	0.4443	19.812	24.3562	31.4072
4	33	c	7/18/2004	22:46	-153.08	58.78	169	21	8.5255	0.388	20.803	24.4041	31.441
4	33	c	7/18/2004	22:46	-153.08	58.78	169	22	8.3481	0.3331	21.793	24.4619	31.4815
4	33	c	7/18/2004	22:46	-153.08	58.78	169	23	8.2992	0.3199	22.784	24.4768	31.4914
4	33	c	7/18/2004	22:46	-153.08	58.78	169	24	8.3176	0.3232	23.774	24.469	31.4848
4	33	c	7/18/2004	22:46	-153.08	58.78	169	25	8.0889	0.2946	24.765	24.5464	31.5416
4	33	c	7/18/2004	22:46	-153.08	58.78	169	26	7.8382	0.2681	25.755	24.6306	31.6035
4	33	c	7/18/2004	22:46	-153.08	58.78	169	27	7.7285	0.2401	26.746	24.6667	31.6298
4	33	c	7/18/2004	22:46	-153.08	58.78	169	28	7.6501	0.2416	27.736	24.6945	31.6513
4	33	c	7/18/2004	22:46	-153.08	58.78	169	29	7.5274	0.2354	28.727	24.7274	31.6717
4	33	c	7/18/2004	22:46	-153.08	58.78	169	30	7.4978	0.2288	29.717	24.7357	31.6771
4	33	c	7/18/2004	22:46	-153.08	58.78	169	31	7.4922	0.2283	30.708	24.7363	31.6768
4	33	c	7/18/2004	22:46	-153.08	58.78	169	32	7.4897	0.2293	31.698	24.7381	31.6786
4	33	c	7/18/2004	22:46	-153.08	58.78	169	33	7.4873	0.2275	32.689	24.7386	31.6788
4	33	c	7/18/2004	22:46	-153.08	58.78	169	34	7.4862	0.2282	33.679	24.7388	31.6788
4	33	c	7/18/2004	22:46	-153.08	58.78	169	35	7.4844	0.2265	34.67	24.7395	31.6795
4	33	c	7/18/2004	22:46	-153.08	58.78	169	36	7.4839	0.2263	35.66	24.7394	31.6792
4	33	c	7/18/2004	22:46	-153.08	58.78	169	37	7.481	0.2257	36.651	24.7393	31.6786
4	33	c	7/18/2004	22:46	-153.08	58.78	169	38	7.4807	0.2263	37.641	24.7393	31.6785
4	33	c	7/18/2004	22:46	-153.08	58.78	169	39	7.4796	0.2266	38.632	24.7408	31.6803
4	33	c	7/18/2004	22:46	-153.08	58.78	169	40	7.473	0.2276	39.622	24.7467	31.6865
4	33	c	7/18/2004	22:46	-153.08	58.78	169	41	7.4717	0.2274	40.613	24.7534	31.6949
4	33	c	7/18/2004	22:46	-153.08	58.78	169	42	7.4853	0.2291	41.603	24.7578	31.7028
4	33	c	7/18/2004	22:46	-153.08	58.78	169	43	7.4996	0.2331	42.593	24.7711	31.7222
4	33	c	7/18/2004	22:46	-153.08	58.78	169	44	7.4662	0.2378	43.584	24.7901	31.7406
4	33	c	7/18/2004	22:46	-153.08	58.78	169	45	7.4469	0.2375	44.574	24.7956	31.7441
4	33	c	7/18/2004	22:46	-153.08	58.78	169	46	7.4217	0.2374	45.565	24.802	31.7479
4	33	c	7/18/2004	22:46	-153.08	58.78	169	47	7.3683	0.2375	46.555	24.8158	31.7563
4	33	c	7/18/2004	22:46	-153.08	58.78	169	48	7.304	0.2363	47.546	24.8327	31.7666
4	33	c	7/18/2004	22:46	-153.08	58.78	169	49	7.2723	0.2364	48.536	24.8403	31.7709
4	33	c	7/18/2004	22:46	-153.08	58.78	169	50	7.2445	0.2356	49.527	24.8469	31.7745
4	33	c	7/18/2004	22:46	-153.08	58.78	169	51	7.179	0.236	50.517	24.8597	31.7796
4	33	c	7/18/2004	22:46	-153.08	58.78	169	52	7.1054	0.2342	51.508	24.8738	31.785
4	33	c	7/18/2004	22:46	-153.08	58.78	169	53	7.0962	0.2333	52.498	24.8767	31.7871
4	33	c	7/18/2004	22:46	-153.08	58.78	169	54	7.0577	0.2343	53.488	24.8839	31.7899
4	33	c	7/18/2004	22:46	-153.08	58.78	169	55	6.9839	0.2334	54.479	24.8945	31.791
4	33	c	7/18/2004	22:46	-153.08	58.78	169	56	6.9661	0.2337	55.469	24.896	31.7899
4	33	c	7/18/2004	22:46	-153.08	58.78	169	57	6.8766	0.2344	56.459	24.9082	31.7905
4	33	c	7/18/2004	22:46	-153.08	58.78	169	58	6.8027	0.2333	57.45	24.9219	31.7958
4	33	c	7/18/2004	22:46	-153.08	58.78	169	59	6.7992	0.2339	58.44	24.9214	31.7945
4	33	c	7/18/2004	22:46	-153.08	58.78	169	60	6.7925	0.2329	59.43	24.9216	31.7937
4	33	c	7/18/2004	22:46	-153.08	58.78	169	61	6.7827	0.2336	60.421	24.9223	31.7929
4	33	c	7/18/2004	22:46	-153.08	58.78	169	62	6.7546	0.2346	61.411	24.9242	31.7906
4	33	c	7/18/2004	22:46	-153.08	58.78	169	63	6.7001	0.2357	62.402	24.9317	31.7914
4	33	c	7/18/2004	22:46	-153.08	58.78	169	64	6.6222	0.2323	63.392	24.9505	31.8025
4	33	c	7/18/2004	22:46	-153.08	58.78	169	65	6.6024	0.2331	64.382	24.9565	31.807
4	33	c	7/18/2004	22:46	-153.08	58.78	169	66	6.6006	0.2311	65.373	24.9575	31.8079
4	33	c	7/18/2004	22:46	-153.08	58.78	169	67	6.5897	0.2312	66.363	24.96	31.8093
4	33	c	7/18/2004	22:46	-153.08	58.78	169	68	6.5795	0.2312	67.353	24.9631	31.8116
4	33	c	7/18/2004	22:46	-153.08	58.78	169	69	6.5722	0.2297	68.343	24.9686	31.8173
4	33	c	7/18/2004	22:46	-153.08	58.78	169	70	6.5076	0.2286	69.334	24.9849	31.8277
4	33	c	7/18/2004	22:46	-153.08	58.78	169	71	6.4824	0.2275	70.324	24.9885	31.8283
4	33	c	7/18/2004	22:46	-153.08	58.78	169	72	6.4692	0.2269	71.314	24.9905	31.8286
4	33	c	7/18/2004	22:46	-153.08	58.78	169	73	6.4523	0.227	72.305	24.9946	31.8311
4	33	c	7/18/2004	22:46	-153.08	58.78	169	74	6.4376	0.227	73.295	25	31.8357
4	33	c	7/18/2004	22:46	-153.08	58.78	169	75	6.4217	0.228	74.285	25.0038	31.838
4	33	c	7/18/2004	22:46	-153.08	58.78	169	76	6.4048	0.2278	75.276	25.008	31.8406
4	33	c	7/18/2004	22:46	-153.08	58.78	169	77	6.3897	0.2284	76.266	25.0114	31.8425
4	33	c	7/18/2004	22:46	-153.08	58.78	169	78	6.3838	0.2276	77.256	25.0127	31.8431
4	33	c	7/18/2004	22:46	-153.08	58.78	169	79	6.3731	0.2277	78.247	25.0151	31.8446
4	33	c	7/18/2004	22:46	-153.08	58.78	169	80	6.3418	0.2279	79.237	25.0118	31.8355
4	33	c	7/18/2004	22:46	-153.08	58.78	169	81	6.2994	0.2268	80.227	25.0155	31.8335
4	33	c	7/18/2004	22:46	-153.08	58.78	169	82	6.2769	0.2264	81.217	25.0215	31.8375
4	33	c	7/18/2004	22:46	-153.08	58.78	169	83	6.2713	0.2257	82.208	25.0277	31.8445
4	33	c	7/18/2004	22:46	-153.08	58.78	169	84	6.2564	0.2252	83.198	25.0348	31.8511
4	33	c	7/18/2004	22:46	-153.08	58.78	169	85	6.2606	0.2251	84.188	25.0424	31.8614
4	33	c	7/18/2004	22:46	-153.08	58.78	169	86	6.2764	0.2252	85.178	25.0502	31.8737
4	33	c	7/18/2004	22:46	-153.08	58.78	169	87	6.3255	0.2251	86.169	25.0577	31.8909
4	33	c	7/18/2004	22:46	-153.08	58.78	169	88	6.3216	0.2244	87.159	25.062	31.8958
4	33	c	7/18/2004	22:46	-153.08	58.78	169	89	6.3196	0.2239	88.149	25.0644	31.8984
4	33	c	7/18/2004	22:46	-153.08	58.78	169	90	6.3138	0.2252	89.139	25.0667	31.9004
4	33	c	7/18/2004	22:46	-153.08	58.78	169	91	6.3049	0.2242	90.129	25.0714	31.905
4	33	c	7/18/2004	22:46	-153.08	58.78	169	92	6.2952	0.2239	91.12	25.074	31.9068
4	33	c	7/18/2004	22:46	-153.08	58.78	169	93	6.2872	0.2236	92.11	25.0768	31.9091
4	33	c	7/18/2004	22:46	-153.08	58.78	169	94	6.2716	0.2235	93.1	25.0801	31.9108
4	33	c	7/18/2004	22:46	-153.08	58.78	169	95	6.2513	0.2233	94.09	25.0847	31.9134
4	33	c	7/18/2004	22:46	-153.08	58.78	169	96	6.2109	0.222	95.08	25.0935	31.9182
4	33	c	7/18/2004	22:46	-153.08	58.78	169	97	6.2103	0.2225	96.07	25.0958	31.9212
4	33	c	7/18/2004	22:46	-153.08	58.78	169	98	6.191	0.2225	97.061	25.1028	31.927
4	33	c	7/18/2004	22:46	-153.08	58.78	169	99	6.1692	0.2236	98.051	25.1094	31.9319
4	35	c	7/18/2004	22:46	-153.15833	58.81167	202	1	11.8963	0.4939	0.991	22.9658	30.3069
4	35	c	7/18/2004	22:46	-153.15833	58.81167	202	2	11.8917	0.5995	1.981	22.9618	30.3007
4	35	c	7/18/2004	22:46	-153.15833	58.81167	202	3	11.8801	0.5956	2.972	22.9616	30.2977
4	35	c	7/18/2004	22:46	-153.15833	58.81167	202	4	11.8668	0.6319	3.963	22.9621	30.2952
4	35	c	7/18/2004	22:46	-153.15833	58.81167	202	5	11.8587	0.6142	4.953	22.963	30.2944
4	35	c	7/18/2004	22:46	-153.15833	58.81167	202	6	11.8184	0.6258	5.944	22.9648	30.2874
4	35	c	7/18/2004	22:46	-153.15833	58.81167	202	7	11.7733	0.629	6.934	22.9694	30.2829
4	35	c	7/18/2004	22:46	-153.15833	58.81167	202	8	11.7591	0.6102	7.925	22.9721	30.2831
4	35	c	7/18/2004	22:46	-153.15833	58.81167	202	9	11.7273	0.5802	8.916	22.9869	30.2947
4	35	c	7/18/2004	22:46	-153.15833	58.81167	202	10	11.6507	0.6049	9.906	22.9979	30.2913
4	35	c	7/18/2004	22:46	-153.15833	58.81167	202	11	11.5629	0.5971	10.897	23.0123	30.2896
4	35	c	7/18/2004	22:46	-153.15833	58.81167	202	12	11.5182	0.6041	11.887	23.0405	30.3158
4	35	c	7/18/2004	22:46	-153.15833	58.81167	202	13	11.7168	0.5863	12.878	23.1605	30.5159
4	35	c	7/18/2004	22:46	-153.15833	58.81167	202	14	11.7308	0.5347	13.869	23.1846	30.5502
4	35	c	7/18/2004	22:46	-153.15833	58.81167	202	15	11.4503	0.5739	14.859	23.2347	30.5505
4	35	c	7/18/2004	22:46	-153.15833	58.81167	202	16	9.9475	0.4957	15.85	23.4521	30.5028
4	35	c	7/18/2004	22:46	-153.15833	58.81167	202	17	9.4274	0.2817	16.84	23.5578	30.533
4	35	c	7/18/2004	22:46	-153.15833	58.81167	202	18	9.3657	0.2604	17.831	23.6226	30.6044
4	35	c	7/18/2004	22:46	-153.15833	58.81167	202	19	9.4578	0.2774	18.821	23.6751	30.69
4	35	c	7/18/2004	22:46	-153.15833	58.81167	202	20	9.654	0.3075	19.812	23.6922	30.7512
4	35	c	7/18/2004	22:46	-153.15833	58.81167	202	21	9.9946	0.3754	20.803	23.7595	30.9078
4	35	c	7/18/2004	22:46	-153.15833	58.81167	202	22	10.0943	0.4358	21.793	23.8287	31.0171
4	35	c	7/18/2004	22:46	-153.15833	58.81167	202	23	10.1417	0.4798	22.784	23.8794	31.0921
4	35	c	7/18/2004	22:46	-153.15833	58.81167	202	24	9.9821	0.5197	23.774	23.9687	31.1732
4	35	c	7/18/2004	22:46	-153.15833	58.81167	202	25	9.7894	0.5384	24.765	24.0532	31.2415
4	35	c	7/18/2004	22:46	-153.15833	58.81167	202	26	9.6806	0.553	25.755	24.0947	31.2723
4	35	c	7/18/2004	22:46	-153.15833	58.81167	202	27	9.5297	0.5625	26.746	24.1622	31.328
4	35	c	7/18/2004	22:46	-153.15833	58.81167	202	28	9.3901	0.5549	27.736	24.2243	31.3793
4	35	c	7/18/2004	22:46	-153.15833	58.81167	202	29	9.3774	0.5627	28.727	24.2265	31.3795
4	35	c	7/18/2004	22:46	-153.15833	58.81167	202	30	9.29	0.5452	29.717	24.2551	31.3986
4	35	c	7/18/2004	22:46	-153.15833	58.81167	202	31	9.2194	0.5268	30.708	24.289	31.428
4	35	c	7/18/2004	22:46	-153.15833	58.81167	202	32	9.2322	0.4855	31.698	24.3004	31.4451
4	35	c	7/18/2004	22:46	-153.15833	58.81167	202	33	9.0772	0.4267	32.689	24.3695	31.5028
4	35	c	7/18/2004	22:46	-153.15833	58.81167	202	34	8.7791	0.3707	33.679	24.4445	31.5406
4	35	c	7/18/2004	22:46	-153.15833	58.81167	202	35	8.487	0.3489	34.67	24.4847	31.5363
4	35	c	7/18/2004	22:46	-153.15833	58.81167	202	36	8.4132	0.3367	35.66	24.4969	31.5381
4	35	c	7/18/2004	22:46	-153.15833	58.81167	202	37	8.2149	0.322	36.651	24.5619	31.584
4	35	c	7/18/2004	22:46	-153.15833	58.81167	202	38	8.1319	0.2817	37.641	24.5851	31.5983
4	35	c	7/18/2004	22:46	-153.15833	58.81167	202	39	8.0891	0.2671	38.632	24.5912	31.5983
4	35	c	7/18/2004	22:46	-153.15833	58.81167	202	40	7.9316	0.252	39.622	24.6198	31.6062
4	35	c	7/18/2004	22:46	-153.15833	58.81167	202	41	7.8485	0.2409	40.613	24.6339	31.6092
4	35	c	7/18/2004	22:46	-153.15833	58.81167	202	42	7.8062	0.2362	41.603	24.6491	31.621
4	35	c	7/18/2004	22:46	-153.15833	58.81167	202	43	7.7724	0.2363	42.594	24.6662	31.6367
4	35	c	7/18/2004	22:46	-153.15833	58.81167	202	44	7.7684	0.235	43.584	24.6762	31.6487
4	35	c	7/18/2004	22:46	-153.15833	58.81167	202	45	7.7414	0.2359	44.574	24.6838	31.6535
4	35	c	7/18/2004	22:46	-153.15833	58.81167	202	46	7.7166	0.2373	45.565	24.6914	31.6589
4	35	c	7/18/2004	22:46	-153.15833	58.81167	202	47	7.6821	0.2368	46.555	24.702	31.6662
4	35	c	7/18/2004	22:46	-153.15833	58.81167	202	48	7.6191	0.2374	47.546	24.7229	31.6817
4	35	c	7/18/2004	22:46	-153.15833	58.81167	202	49	7.5797	0.2375	48.536	24.7353	31.6905
4	35	c	7/18/2004	22:46	-153.15833	58.81167	202	50	7.5049	0.2374	49.527	24.7591	31.7077
4	35	c	7/18/2004	22:46	-153.15833	58.81167	202	51	7.4278	0.2366	50.517	24.781	31.7222
4	35	c	7/18/2004	22:46	-153.15833	58.81167	202	52	7.3866	0.2325	51.507	24.7918	31.7288
4	35	c	7/18/2004	22:46	-153.15833	58.81167	202	53	7.3696	0.2349	52.498	24.7972	31.7327
4	35	c	7/18/2004	22:46	-153.15833	58.81167	202	54	7.3551	0.2337	53.488	24.8006	31.7345
4	35	c	7/18/2004	22:46	-153.15833	58.81167	202	55	7.2679	0.2343	54.479	24.8242	31.7496
4	35	c	7/18/2004	22:46	-153.15833	58.81167	202	56	7.1933	0.2314	55.469	24.8462	31.7648
4	35	c	7/18/2004	22:46	-153.15833	58.81167	202	57	7.1834	0.2303	56.459	24.8468	31.7639
4	35	c	7/18/2004	22:46	-153.15833	58.81167	202	58	7.1335	0.2321	57.45	24.8594	31.7714
4	35	c	7/18/2004	22:46	-153.15833	58.81167	202	59	7.1259	0.2323	58.44	24.8601	31.771
4	35	c	7/18/2004	22:46	-153.15833	58.81167	202	60	7.0631	0.2344	59.43	24.8737	31.7777
4	35	c	7/18/2004	22:46	-153.15833	58.81167	202	61	6.9646	0.2285	60.421	24.8961	31.7897
4	35	c	7/18/2004	22:46	-153.15833	58.81167	202	62	6.8845	0.2293	61.411	24.9155	31.801
4	35	c	7/18/2004	22:46	-153.15833	58.81167	202	63	6.7661	0.2276	62.402	24.9428	31.8161
4	35	c	7/18/2004	22:46	-153.15833	58.81167	202	64	6.7055	0.2292	63.392	24.9593	31.8273
4	35	c	7/18/2004	22:46	-153.15833	58.81167	202	65	6.6973	0.228	64.382	24.962	31.8293
4	35	c	7/18/2004	22:46	-153.15833	58.81167	202	66	6.6919	0.2265	65.372	24.9671	31.8348
4	35	c	7/18/2004	22:46	-153.15833	58.81167	202	67	6.664	0.2285	66.363	24.9743	31.8395
4	35	c	7/18/2004	22:46	-153.15833	58.81167	202	68	6.6623	0.2274	67.353	24.9758	31.841
4	35	c	7/18/2004	22:46	-153.15833	58.81167	202	69	6.6531	0.2263	68.343	24.9789	31.8435
4	35	c	7/18/2004	22:46	-153.15833	58.81167	202	70	6.6462	0.2258	69.334	24.9815	31.8457
4	35	c	7/18/2004	22:46	-153.15833	58.81167	202	71	6.5851	0.2246	70.324	24.9933	31.8508
4	35	c	7/18/2004	22:46	-153.15833	58.81167	202	72	6.568	0.2221	71.315	24.9953	31.8506
4	35	c	7/18/2004	22:46	-153.15833	58.81167	202	73	6.567	0.222	72.305	24.9994	31.8556
4	35	c	7/18/2004	22:46	-153.15833	58.81167	202	74	6.5551	0.2225	73.295	25.0035	31.8588
4	35	c	7/18/2004	22:46	-153.15833	58.81167	202	75	6.5011	0.2208	74.285	25.0122	31.8613
4	35	c	7/18/2004	22:46	-153.15833	58.81167	202	76	6.4505	0.2183	75.276	25.0192	31.862
4	35	c	7/18/2004	22:46	-153.15833	58.81167	202	77	6.4378	0.2168	76.266	25.0203	31.8614
4	35	c	7/18/2004	22:46	-153.15833	58.81167	202	78	6.432	0.217	77.256	25.0212	31.8616
4	35	c	7/18/2004	22:46	-153.15833	58.81167	202	79	6.4077	0.2177	78.246	25.0267	31.8647
4	35	c	7/18/2004	22:46	-153.15833	58.81167	202	80	6.374	0.217	79.237	25.0372	31.8727
4	35	c	7/18/2004	22:46	-153.15833	58.81167	202	81	6.3583	0.2168	80.227	25.0438	31.8785
4	35	c	7/18/2004	22:46	-153.15833	58.81167	202	82	6.354	0.2165	81.217	25.0474	31.8825
4	35	c	7/18/2004	22:46	-153.15833	58.81167	202	83	6.3453	0.2182	82.208	25.0512	31.8859
4	35	c	7/18/2004	22:46	-153.15833	58.81167	202	84	6.3347	0.2161	83.198	25.0533	31.8868
4	35	c	7/18/2004	22:46	-153.15833	58.81167	202	85	6.3171	0.2164	84.188	25.058	31.89
4	35	c	7/18/2004	22:46	-153.15833	58.81167	202	86	6.3094	0.2188	85.178	25.0607	31.8923
4	35	c	7/18/2004	22:46	-153.15833	58.81167	202	87	6.2988	0.2178	86.169	25.0675	31.8992
4	35	c	7/18/2004	22:46	-153.15833	58.81167	202	88	6.2902	0.2184	87.159	25.0721	31.9036
4	35	c	7/18/2004	22:46	-153.15833	58.81167	202	89	6.2768	0.2185	88.149	25.0794	31.9108
4	35	c	7/18/2004	22:46	-153.15833	58.81167	202	90	6.2691	0.2197	89.139	25.0831	31.9143
4	35	c	7/18/2004	22:46	-153.15833	58.81167	202	91	6.2671	0.2188	90.13	25.084	31.9151
4	35	c	7/18/2004	22:46	-153.15833	58.81167	202	92	6.2603	0.2182	91.12	25.0867	31.9175
4	35	c	7/18/2004	22:46	-153.15833	58.81167	202	93	6.247	0.2195	92.11	25.0919	31.9219
4	35	c	7/18/2004	22:46	-153.15833	58.81167	202	94	6.2284	0.2192	93.1	25.0998	31.929
4	35	c	7/18/2004	22:46	-153.15833	58.81167	202	95	6.2255	0.2188	94.09	25.1007	31.9297
4	35	c	7/18/2004	22:46	-153.15833	58.81167	202	96	6.2241	0.2187	95.08	25.101	31.9299
4	35	c	7/18/2004	22:46	-153.15833	58.81167	202	97	6.2218	0.22	96.071	25.1021	31.9309
4	35	c	7/18/2004	22:46	-153.15833	58.81167	202	98	6.1649	0.2179	97.061	25.117	31.9408
4	35	c	7/18/2004	22:46	-153.15833	58.81167	202	99	6.1506	0.2176	98.051	25.1199	31.9424
4	35	c	7/18/2004	22:46	-153.15833	58.81167	202	100	6.1449	0.2177	99.041	25.122	31.9441
4	35	c	7/18/2004	22:46	-153.15833	58.81167	202	101	6.1416	0.2179	100.031	25.1228	31.9446
4	35	c	7/18/2004	22:46	-153.15833	58.81167	202	102	6.135	0.2185	101.021	25.1256	31.9471
4	35	c	7/18/2004	22:46	-153.15833	58.81167	202	103	6.1302	0.218	102.012	25.1278	31.9492
4	35	c	7/18/2004	22:46	-153.15833	58.81167	202	104	6.1232	0.2174	103.002	25.1299	31.9508
4	35	c	7/18/2004	22:46	-153.15833	58.81167	202	105	6.1055	0.2178	103.992	25.1364	31.9562
4	35	c	7/18/2004	22:46	-153.15833	58.81167	202	106	6.066	0.2182	104.982	25.1478	31.9646
4	35	c	7/18/2004	22:46	-153.15833	58.81167	202	107	6.0257	0.2167	105.972	25.1554	31.9681
4	35	c	7/18/2004	22:46	-153.15833	58.81167	202	108	6.0075	0.2169	106.962	25.1574	31.9677
4	35	c	7/18/2004	22:46	-153.15833	58.81167	202	109	5.9728	0.2163	107.953	25.1688	31.9769
4	35	c	7/18/2004	22:46	-153.15833	58.81167	202	110	5.9207	0.2159	108.943	25.1782	31.9809
4	35	c	7/18/2004	22:46	-153.15833	58.81167	202	111	5.8734	0.2161	109.933	25.1851	31.9825
4	35	c	7/18/2004	22:46	-153.15833	58.81167	202	112	5.8502	0.2152	110.923	25.1887	31.9835
4	35	c	7/18/2004	22:46	-153.15833	58.81167	202	113	5.8175	0.2161	111.913	25.1976	31.9899
4	35	c	7/18/2004	22:46	-153.15833	58.81167	202	114	5.774	0.2153	112.903	25.2087	31.9975
4	35	c	7/18/2004	22:46	-153.15833	58.81167	202	115	5.7391	0.2152	113.893	25.2163	32.0018
4	35	c	7/18/2004	22:46	-153.15833	58.81167	202	116	5.6994	0.2149	114.883	25.2218	32.0029
4	35	c	7/18/2004	22:46	-153.15833	58.81167	202	117	5.6716	0.2143	115.873	25.2269	32.0052
4	35	c	7/18/2004	22:46	-153.15833	58.81167	202	118	5.6453	0.214	116.864	25.2302	32.0055
4	35	c	7/18/2004	22:46	-153.15833	58.81167	202	119	5.6017	0.2134	117.854	25.2373	32.0081
4	35	c	7/18/2004	22:46	-153.15833	58.81167	202	120	5.5577	0.2127	118.844	25.2466	32.0134
4	35	c	7/18/2004	22:46	-153.15833	58.81167	202	121	5.5482	0.2128	119.834	25.248	32.0137
4	35	c	7/18/2004	22:46	-153.15833	58.81167	202	122	5.5438	0.212	120.824	25.2485	32.0138
4	35	c	7/18/2004	22:46	-153.15833	58.81167	202	123	5.5404	0.2122	121.814	25.2494	32.0143
4	35	c	7/18/2004	22:46	-153.15833	58.81167	202	124	5.5392	0.2123	122.804	25.2497	32.0146
4	35	c	7/18/2004	22:46	-153.15833	58.81167	202	125	5.5369	0.2126	123.794	25.2524	32.0177
4	35	c	7/18/2004	22:46	-153.15833	58.81167	202	126	5.5311	0.213	124.784	25.2576	32.0233
4	35	c	7/18/2004	22:46	-153.15833	58.81167	202	127	5.4842	0.2112	125.774	25.2647	32.0255
4	35	c	7/18/2004	22:46	-153.15833	58.81167	202	128	5.4827	0.2119	126.764	25.2646	32.0252
4	35	c	7/18/2004	22:46	-153.15833	58.81167	202	129	5.472	0.2134	127.754	25.2667	32.0262
4	35	c	7/18/2004	22:46	-153.15833	58.81167	202	130	5.4245	0.2129	128.744	25.2779	32.0335
4	37	c	7/18/2004	22:46	-153.21333	58.83	113	1	11.6897	1.341	0.991	22.701	29.9179
4	37	c	7/18/2004	22:46	-153.21333	58.83	113	2	11.6938	1.2378	1.981	22.6992	29.9165
4	37	c	7/18/2004	22:46	-153.21333	58.83	113	3	11.696	1.2554	2.972	22.6988	29.9164
4	37	c	7/18/2004	22:46	-153.21333	58.83	113	4	11.6965	1.2665	3.962	22.6989	29.9166
4	37	c	7/18/2004	22:46	-153.21333	58.83	113	5	11.6989	1.267	4.953	22.6979	29.9158
4	37	c	7/18/2004	22:46	-153.21333	58.83	113	6	11.6093	1.2466	5.944	22.7241	29.9292
4	37	c	7/18/2004	22:46	-153.21333	58.83	113	7	10.7112	0.7978	6.935	23.0763	30.1827
4	37	c	7/18/2004	22:46	-153.21333	58.83	113	8	10.5483	0.6881	7.925	23.1226	30.2072
4	37	c	7/18/2004	22:46	-153.21333	58.83	113	9	10.2766	0.5476	8.916	23.2094	30.2611
4	37	c	7/18/2004	22:46	-153.21333	58.83	113	10	9.9088	0.4064	9.906	23.3095	30.313
4	37	c	7/18/2004	22:46	-153.21333	58.83	113	11	9.8293	0.3218	10.897	23.3305	30.3235
4	37	c	7/18/2004	22:46	-153.21333	58.83	113	12	9.8146	0.3203	11.887	23.3361	30.3277
4	37	c	7/18/2004	22:46	-153.21333	58.83	113	13	9.7705	0.3068	12.878	23.3549	30.3428
4	37	c	7/18/2004	22:46	-153.21333	58.83	113	14	9.6942	0.2776	13.869	23.3842	30.3649
4	37	c	7/18/2004	22:46	-153.21333	58.83	113	15	9.6492	0.2721	14.859	23.4086	30.3871
4	37	c	7/18/2004	22:46	-153.21333	58.83	113	16	9.6065	0.2655	15.85	23.437	30.4147
4	37	c	7/18/2004	22:46	-153.21333	58.83	113	17	9.5531	0.2586	16.84	23.473	30.4502
4	37	c	7/18/2004	22:46	-153.21333	58.83	113	18	9.5172	0.2539	17.831	23.4964	30.473
4	37	c	7/18/2004	22:46	-153.21333	58.83	113	19	9.4897	0.2503	18.821	23.5132	30.4889
4	37	c	7/18/2004	22:46	-153.21333	58.83	113	20	9.4752	0.2485	19.812	23.5221	30.4975
4	37	c	7/18/2004	22:46	-153.21333	58.83	113	21	9.4708	0.2499	20.803	23.5237	30.4986
4	37	c	7/18/2004	22:46	-153.21333	58.83	113	22	9.4285	0.246	21.793	23.5463	30.5191
4	37	c	7/18/2004	22:46	-153.21333	58.83	113	23	9.3886	0.2444	22.783	23.5655	30.5358
4	37	c	7/18/2004	22:46	-153.21333	58.83	113	24	9.3533	0.2417	23.774	23.5842	30.5526
4	37	c	7/18/2004	22:46	-153.21333	58.83	113	25	9.3193	0.2398	24.765	23.5982	30.5639
4	37	c	7/18/2004	22:46	-153.21333	58.83	113	26	9.3037	0.238	25.755	23.6057	30.5703
4	37	c	7/18/2004	22:46	-153.21333	58.83	113	27	9.29	0.2367	26.746	23.6147	30.579
4	37	c	7/18/2004	22:46	-153.21333	58.83	113	28	9.2149	0.2329	27.736	23.6557	30.6168
4	37	c	7/18/2004	22:46	-153.21333	58.83	113	29	9.1832	0.2321	28.727	23.672	30.6314
4	37	c	7/18/2004	22:46	-153.21333	58.83	113	30	9.1297	0.2315	29.717	23.7017	30.6589
4	37	c	7/18/2004	22:46	-153.21333	58.83	113	31	9.0466	0.2346	30.708	23.7477	30.7016
4	37	c	7/18/2004	22:46	-153.21333	58.83	113	32	9.041	0.2291	31.698	23.7514	30.7053
4	37	c	7/18/2004	22:46	-153.21333	58.83	113	33	9.0355	0.2302	32.689	23.7543	30.7078
4	37	c	7/18/2004	22:46	-153.21333	58.83	113	34	8.9891	0.2284	33.679	23.7852	30.7384
4	37	c	7/18/2004	22:46	-153.21333	58.83	113	35	8.9522	0.2308	34.67	23.8077	30.76
4	37	c	7/18/2004	22:46	-153.21333	58.83	113	36	8.9291	0.2279	35.66	23.8213	30.773
4	37	c	7/18/2004	22:46	-153.21333	58.83	113	37	8.8819	0.2284	36.651	23.8537	30.8053
4	37	c	7/18/2004	22:46	-153.21333	58.83	113	38	8.8309	0.2275	37.642	23.8873	30.8385
4	37	c	7/18/2004	22:46	-153.21333	58.83	113	39	8.7843	0.2279	38.632	23.9209	30.8725
4	37	c	7/18/2004	22:46	-153.21333	58.83	113	40	8.7335	0.2276	39.622	23.9656	30.9199
4	37	c	7/18/2004	22:46	-153.21333	58.83	113	41	8.7042	0.2276	40.613	23.9956	30.9526
4	37	c	7/18/2004	22:46	-153.21333	58.83	113	42	8.6683	0.227	41.603	24.0258	30.9844
4	37	c	7/18/2004	22:46	-153.21333	58.83	113	43	8.6181	0.2277	42.594	24.0702	31.0316
4	37	c	7/18/2004	22:46	-153.21333	58.83	113	44	8.4993	0.227	43.584	24.219	31.1993
4	37	c	7/18/2004	22:46	-153.21333	58.83	113	45	8.4499	0.2345	44.574	24.2951	31.2872
4	37	c	7/18/2004	22:46	-153.21333	58.83	113	46	8.3827	0.2424	45.565	24.3948	31.4019
4	37	c	7/18/2004	22:46	-153.21333	58.83	113	47	8.3843	0.2568	46.555	24.4621	31.4881
4	37	c	7/18/2004	22:46	-153.21333	58.83	113	48	8.4051	0.2758	47.546	24.4862	31.5226
4	37	c	7/18/2004	22:46	-153.21333	58.83	113	49	8.4675	0.3211	48.536	24.5232	31.5815
4	37	c	7/18/2004	22:46	-153.21333	58.83	113	50	8.4163	0.3171	49.527	24.5294	31.5799
4	37	c	7/18/2004	22:46	-153.21333	58.83	113	51	8.3038	0.3147	50.517	24.5714	31.6124
4	37	c	7/18/2004	22:46	-153.21333	58.83	113	52	8.2843	0.3187	51.507	24.5801	31.6199
4	37	c	7/18/2004	22:46	-153.21333	58.83	113	53	8.2644	0.3202	52.498	24.5849	31.6223
4	37	c	7/18/2004	22:46	-153.21333	58.83	113	54	8.249	0.3166	53.488	24.5863	31.6212
4	37	c	7/18/2004	22:46	-153.21333	58.83	113	55	8.2325	0.3138	54.479	24.5879	31.6202
4	37	c	7/18/2004	22:46	-153.21333	58.83	113	56	8.2123	0.3106	55.469	24.5907	31.62
4	37	c	7/18/2004	22:46	-153.21333	58.83	113	57	8.1836	0.3078	56.459	24.5964	31.6219
4	37	c	7/18/2004	22:46	-153.21333	58.83	113	58	8.124	0.3053	57.45	24.6101	31.6284
4	37	c	7/18/2004	22:46	-153.21333	58.83	113	59	8.0349	0.2971	58.44	24.6371	31.6467
4	37	c	7/18/2004	22:46	-153.21333	58.83	113	60	7.991	0.2984	59.43	24.6472	31.6515
4	37	c	7/18/2004	22:46	-153.21333	58.83	113	61	7.9398	0.2931	60.421	24.6584	31.6564
4	37	c	7/18/2004	22:46	-153.21333	58.83	113	62	7.8807	0.2861	61.411	24.6765	31.6688
4	37	c	7/18/2004	22:46	-153.21333	58.83	113	63	7.8447	0.2865	62.402	24.6812	31.6684
4	37	c	7/18/2004	22:46	-153.21333	58.83	113	64	7.7222	0.2831	63.392	24.6967	31.6662
4	37	c	7/18/2004	22:46	-153.21333	58.83	113	65	7.6315	0.2821	64.382	24.7045	31.6601
4	37	c	7/18/2004	22:46	-153.21333	58.83	113	66	7.5095	0.2811	65.373	24.7195	31.6578
4	37	c	7/18/2004	22:46	-153.21333	58.83	113	67	7.4339	0.2816	66.363	24.7351	31.6646
4	37	c	7/18/2004	22:46	-153.21333	58.83	113	68	7.3935	0.2644	67.353	24.761	31.6905
4	37	c	7/18/2004	22:46	-153.21333	58.83	113	69	7.3561	0.2528	68.343	24.7796	31.7077
4	37	c	7/18/2004	22:46	-153.21333	58.83	113	70	7.3401	0.253	69.334	24.7858	31.7128
4	37	c	7/18/2004	22:46	-153.21333	58.83	113	71	7.286	0.2518	70.324	24.8069	31.7305
4	37	c	7/18/2004	22:46	-153.21333	58.83	113	72	7.1827	0.2376	71.314	24.8452	31.7615
4	37	c	7/18/2004	22:46	-153.21333	58.83	113	73	7.176	0.2326	72.305	24.8444	31.7593
4	37	c	7/18/2004	22:46	-153.21333	58.83	113	74	7.1335	0.2294	73.295	24.8559	31.7667
4	37	c	7/18/2004	22:46	-153.21333	58.83	113	75	7.1159	0.2297	74.285	24.8606	31.7697
4	37	c	7/18/2004	22:46	-153.21333	58.83	113	76	7.0928	0.2301	75.276	24.866	31.7727
4	37	c	7/18/2004	22:46	-153.21333	58.83	113	77	7.073	0.2297	76.266	24.8706	31.7752
4	37	c	7/18/2004	22:46	-153.21333	58.83	113	78	7.0442	0.2295	77.256	24.878	31.7797
4	37	c	7/18/2004	22:46	-153.21333	58.83	113	79	7.0004	0.2288	78.247	24.8887	31.786
4	37	c	7/18/2004	22:46	-153.21333	58.83	113	80	6.9105	0.2285	79.237	24.9095	31.7974
4	37	c	7/18/2004	22:46	-153.21333	58.83	113	81	6.8784	0.2268	80.227	24.9211	31.8068
4	37	c	7/18/2004	22:46	-153.21333	58.83	113	82	6.8828	0.2275	81.217	24.9205	31.8068
4	37	c	7/18/2004	22:46	-153.21333	58.83	113	83	6.8815	0.2274	82.207	24.9203	31.8063
4	37	c	7/18/2004	22:46	-153.21333	58.83	113	84	6.8767	0.226	83.198	24.9201	31.8052
4	37	c	7/18/2004	22:46	-153.21333	58.83	113	85	6.8802	0.2258	84.188	24.9194	31.805
4	37	c	7/18/2004	22:46	-153.21333	58.83	113	86	6.8848	0.2264	85.178	24.9192	31.8054
4	37	c	7/18/2004	22:46	-153.21333	58.83	113	87	6.8906	0.2269	86.169	24.9185	31.8054
4	37	c	7/18/2004	22:46	-153.21333	58.83	113	88	6.8995	0.2263	87.159	24.9221	31.8116
4	37	c	7/18/2004	22:46	-153.21333	58.83	113	89	6.9002	0.227	88.149	24.921	31.8102
4	37	c	7/18/2004	22:46	-153.21333	58.83	113	90	6.8966	0.2263	89.139	24.9209	31.8095
4	37	c	7/18/2004	22:46	-153.21333	58.83	113	91	6.8979	0.226	90.129	24.9239	31.8135
4	37	c	7/18/2004	22:46	-153.21333	58.83	113	92	6.8969	0.2254	91.12	24.9247	31.8143
4	37	c	7/18/2004	22:46	-153.21333	58.83	113	93	6.8801	0.2275	92.11	24.9277	31.8154
4	37	c	7/18/2004	22:46	-153.21333	58.83	113	94	6.8655	0.2252	93.1	24.9323	31.8187
4	37	c	7/18/2004	22:46	-153.21333	58.83	113	95	6.8606	0.2249	94.09	24.9317	31.8172
4	37	c	7/18/2004	22:46	-153.21333	58.83	113	96	6.8634	0.2262	95.08	24.9319	31.8179
4	37	c	7/18/2004	22:46	-153.21333	58.83	113	97	6.8377	0.2295	96.07	24.9363	31.8192
4	37	c	7/18/2004	22:46	-153.21333	58.83	113	98	6.7959	0.226	97.061	24.9445	31.8227
4	37	c	7/18/2004	22:46	-153.21333	58.83	113	99	6.7461	0.2253	98.051	24.956	31.8291
4	37	c	7/18/2004	22:46	-153.21333	58.83	113	100	6.7206	0.2253	99.041	24.9625	31.8332
4	38	c	7/18/2004	22:46	-153.24	58.83833	36	1	11.4743	1.0186	0.991	22.7324	29.9092
4	38	c	7/18/2004	22:46	-153.24	58.83833	36	2	11.5258	1.1591	1.981	22.7175	29.9016
4	38	c	7/18/2004	22:46	-153.24	58.83833	36	3	11.4979	1.1587	2.972	22.7291	29.9103
4	38	c	7/18/2004	22:46	-153.24	58.83833	36	4	11.1261	1.0741	3.963	22.869	30.0071
4	38	c	7/18/2004	22:46	-153.24	58.83833	36	5	10.6146	0.8623	4.953	23.0656	30.1481
4	38	c	7/18/2004	22:46	-153.24	58.83833	36	6	10.564	0.8239	5.944	23.0841	30.1612
4	38	c	7/18/2004	22:46	-153.24	58.83833	36	7	10.5457	0.8248	6.934	23.0926	30.1681
4	38	c	7/18/2004	22:46	-153.24	58.83833	36	8	10.5336	0.808	7.925	23.0977	30.172
4	38	c	7/18/2004	22:46	-153.24	58.83833	36	9	10.4637	0.8165	8.916	23.1279	30.1959
4	38	c	7/18/2004	22:46	-153.24	58.83833	36	10	10.4189	0.75	9.906	23.1451	30.2084
4	38	c	7/18/2004	22:46	-153.24	58.83833	36	11	10.2138	0.7077	10.897	23.2223	30.2643
4	38	c	7/18/2004	22:46	-153.24	58.83833	36	12	10.1187	0.5341	11.887	23.2623	30.2957
4	38	c	7/18/2004	22:46	-153.24	58.83833	36	13	9.985	0.4919	12.878	23.319	30.3408
4	38	c	7/18/2004	22:46	-153.24	58.83833	36	14	9.8236	0.4352	13.869	23.3941	30.4039
4	38	c	7/18/2004	22:46	-153.24	58.83833	36	15	9.7109	0.3657	14.859	23.4455	30.4468
4	38	c	7/18/2004	22:46	-153.24	58.83833	36	16	9.6878	0.3509	15.85	23.4573	30.4573
4	38	c	7/18/2004	22:46	-153.24	58.83833	36	17	9.6569	0.3377	16.84	23.4724	30.4703
4	38	c	7/18/2004	22:46	-153.24	58.83833	36	18	9.6506	0.3299	17.831	23.4756	30.4732
4	38	c	7/18/2004	22:46	-153.24	58.83833	36	19	9.6483	0.3211	18.822	23.4763	30.4736
4	38	c	7/18/2004	22:46	-153.24	58.83833	36	20	9.6487	0.3208	19.812	23.4775	30.4751
4	38	c	7/18/2004	22:46	-153.24	58.83833	36	21	9.636	0.3106	20.802	23.4857	30.483
4	38	c	7/18/2004	22:46	-153.24	58.83833	36	22	9.6186	0.305	21.793	23.4963	30.4931
4	38	c	7/18/2004	22:46	-153.24	58.83833	36	23	9.5938	0.2918	22.784	23.509	30.5043
4	38	c	7/18/2004	22:46	-153.24	58.83833	36	24	9.3642	0.2737	23.774	23.6175	30.5975
4	38	c	7/18/2004	22:46	-153.24	58.83833	36	25	9.2593	0.2512	24.765	23.6658	30.6385
4	38	c	7/18/2004	22:46	-153.24	58.83833	36	26	9.266	0.2547	25.755	23.6616	30.6344
4	38	c	7/18/2004	22:46	-153.24	58.83833	36	27	9.2472	0.2546	26.746	23.6707	30.6424
4	38	c	7/18/2004	22:46	-153.24	58.83833	36	28	9.2169	0.2502	27.736	23.6871	30.6574
4	38	c	7/18/2004	22:46	-153.24	58.83833	36	29	9.1645	0.2491	28.727	23.7151	30.6829
4	38	c	7/18/2004	22:46	-153.24	58.83833	36	30	9.1274	0.2464	29.717	23.7362	30.7027
4	38	c	7/18/2004	22:46	-153.24	58.83833	36	31	9.1204	0.2502	30.708	23.7407	30.707
4	38	c	7/18/2004	22:46	-153.24	58.83833	36	32	9.1124	0.2503	31.698	23.7454	30.7114
