Cruise	Station	Type	mon/day/yr	hh:mm	Lon (E)	Lat (N)	Bot. Depth [m]	Press	Temperature [C]	fluor [v]	Depth [m]	Sigma	Salinity [psu]
4	1	c	7/18/2004	11:34	-151.875	59.20333	33	1	9.6643	0.9171	0.991	24.0485	31.2103
4	1	c	7/18/2004	11:34	-151.875	59.20333	33	2	9.6618	0.9402	1.981	24.0442	31.2043
4	1	c	7/18/2004	11:34	-151.875	59.20333	33	3	9.6346	0.8966	2.972	24.0555	31.2132
4	1	c	7/18/2004	11:34	-151.875	59.20333	33	4	9.5794	0.9201	3.963	24.0781	31.2308
4	1	c	7/18/2004	11:34	-151.875	59.20333	33	5	9.5828	0.9066	4.953	24.0764	31.2293
4	1	c	7/18/2004	11:34	-151.875	59.20333	33	6	9.5822	0.9118	5.944	24.0762	31.229
4	1	c	7/18/2004	11:34	-151.875	59.20333	33	7	9.5707	0.9221	6.934	24.0806	31.2322
4	1	c	7/18/2004	11:34	-151.875	59.20333	33	8	9.5558	0.8966	7.925	24.0868	31.2371
4	1	c	7/18/2004	11:34	-151.875	59.20333	33	9	9.5545	0.9221	8.916	24.087	31.2371
4	1	c	7/18/2004	11:34	-151.875	59.20333	33	10	9.5128	0.9201	9.906	24.1038	31.2501
4	1	c	7/18/2004	11:34	-151.875	59.20333	33	11	9.5188	0.9428	10.897	24.1014	31.2482
4	1	c	7/18/2004	11:34	-151.875	59.20333	33	12	9.5178	0.9472	11.887	24.1013	31.248
4	1	c	7/18/2004	11:34	-151.875	59.20333	33	13	9.5012	0.9261	12.878	24.1079	31.253
4	1	c	7/18/2004	11:34	-151.875	59.20333	33	14	9.4975	0.9338	13.869	24.1093	31.254
4	1	c	7/18/2004	11:34	-151.875	59.20333	33	15	9.5066	0.9237	14.859	24.1057	31.2512
4	1	c	7/18/2004	11:34	-151.875	59.20333	33	16	9.5053	0.911	15.85	24.1058	31.2511
4	1	c	7/18/2004	11:34	-151.875	59.20333	33	17	9.4973	0.9359	16.84	24.1093	31.2538
4	1	c	7/18/2004	11:34	-151.875	59.20333	33	18	9.4808	0.9026	17.831	24.1154	31.2584
4	1	c	7/18/2004	11:34	-151.875	59.20333	33	19	9.4823	0.9163	18.822	24.1152	31.2584
4	1	c	7/18/2004	11:34	-151.875	59.20333	33	20	9.4454	0.9072	19.812	24.1294	31.2691
4	1	c	7/18/2004	11:34	-151.875	59.20333	33	21	9.44	0.8921	20.803	24.1316	31.2708
4	1	c	7/18/2004	11:34	-151.875	59.20333	33	22	9.4273	0.9253	21.793	24.1363	31.2743
4	1	c	7/18/2004	11:34	-151.875	59.20333	33	23	9.4207	0.9154	22.784	24.139	31.2764
4	1	c	7/18/2004	11:34	-151.875	59.20333	33	24	9.4212	0.9165	23.774	24.1385	31.2758
4	1	c	7/18/2004	11:34	-151.875	59.20333	33	25	9.4199	0.9263	24.765	24.1389	31.276
4	1	c	7/18/2004	11:34	-151.875	59.20333	33	26	9.4194	0.9172	25.755	24.139	31.2761
4	1	c	7/18/2004	11:34	-151.875	59.20333	33	27	9.4202	0.9121	26.746	24.1386	31.2756
4	1	c	7/18/2004	11:34	-151.875	59.20333	33	28	9.421	0.9052	27.736	24.1383	31.2755
4	1	c	7/18/2004	11:34	-151.875	59.20333	33	29	9.421	0.9167	28.727	24.1383	31.2754
4	1	c	7/18/2004	11:34	-151.875	59.20333	33	30	9.4219	0.9065	29.717	24.138	31.2752
4	1	c	7/18/2004	11:34	-151.875	59.20333	33	31	9.4245	0.9017	30.708	24.1369	31.2743
4	1	c	7/18/2004	11:34	-151.875	59.20333	33	32	9.4287	0.9431	31.699	24.135	31.2726
4	3	c	7/18/2004	11:34	-151.905	59.17667	39	1	9.7214	0.8257	0.991	24.0185	31.1836
4	3	c	7/18/2004	11:34	-151.905	59.17667	39	2	9.6946	0.8512	1.981	24.0233	31.1842
4	3	c	7/18/2004	11:34	-151.905	59.17667	39	3	9.6555	0.8696	2.972	24.0385	31.1957
4	3	c	7/18/2004	11:34	-151.905	59.17667	39	4	9.6545	0.8619	3.963	24.0394	31.1965
4	3	c	7/18/2004	11:34	-151.905	59.17667	39	5	9.5876	0.8659	4.953	24.0655	31.2164
4	3	c	7/18/2004	11:34	-151.905	59.17667	39	6	9.5506	0.8764	5.944	24.0804	31.2279
4	3	c	7/18/2004	11:34	-151.905	59.17667	39	7	9.5274	0.8441	6.934	24.0892	31.2345
4	3	c	7/18/2004	11:34	-151.905	59.17667	39	8	9.5207	0.8479	7.925	24.0913	31.2358
4	3	c	7/18/2004	11:34	-151.905	59.17667	39	9	9.5269	0.8729	8.916	24.0888	31.2338
4	3	c	7/18/2004	11:34	-151.905	59.17667	39	10	9.5053	0.8524	9.906	24.096	31.2386
4	3	c	7/18/2004	11:34	-151.905	59.17667	39	11	9.4221	0.8502	10.897	24.1293	31.2645
4	3	c	7/18/2004	11:34	-151.905	59.17667	39	12	9.3756	0.8444	11.887	24.1465	31.2772
4	3	c	7/18/2004	11:34	-151.905	59.17667	39	13	9.3639	0.8728	12.878	24.1508	31.2803
4	3	c	7/18/2004	11:34	-151.905	59.17667	39	14	9.3171	0.8583	13.869	24.1682	31.2932
4	3	c	7/18/2004	11:34	-151.905	59.17667	39	15	9.285	0.8508	14.859	24.18	31.3019
4	3	c	7/18/2004	11:34	-151.905	59.17667	39	16	9.2386	0.8528	15.85	24.1969	31.3143
4	3	c	7/18/2004	11:34	-151.905	59.17667	39	17	9.1888	0.8649	16.84	24.2151	31.3276
4	3	c	7/18/2004	11:34	-151.905	59.17667	39	18	9.1789	0.8444	17.831	24.2179	31.3292
4	3	c	7/18/2004	11:34	-151.905	59.17667	39	19	9.1706	0.8474	18.822	24.2197	31.3299
4	3	c	7/18/2004	11:34	-151.905	59.17667	39	20	9.1599	0.8471	19.812	24.2228	31.3317
4	3	c	7/18/2004	11:34	-151.905	59.17667	39	21	9.1537	0.8465	20.803	24.2243	31.3324
4	3	c	7/18/2004	11:34	-151.905	59.17667	39	22	9.1436	0.8469	21.793	24.2273	31.3342
4	3	c	7/18/2004	11:34	-151.905	59.17667	39	23	9.1334	0.8512	22.784	24.2298	31.3353
4	3	c	7/18/2004	11:34	-151.905	59.17667	39	24	8.8983	0.8064	23.774	24.3107	31.3929
4	3	c	7/18/2004	11:34	-151.905	59.17667	39	25	8.8265	0.8039	24.765	24.3369	31.4124
4	3	c	7/18/2004	11:34	-151.905	59.17667	39	26	8.806	0.7892	25.755	24.3436	31.417
4	3	c	7/18/2004	11:34	-151.905	59.17667	39	27	8.8031	0.8048	26.746	24.344	31.417
4	3	c	7/18/2004	11:34	-151.905	59.17667	39	28	8.7732	0.8022	27.736	24.3543	31.4243
4	3	c	7/18/2004	11:34	-151.905	59.17667	39	29	8.7507	0.797	28.727	24.3625	31.4304
4	3	c	7/18/2004	11:34	-151.905	59.17667	39	30	8.7432	0.7878	29.717	24.3648	31.432
4	3	c	7/18/2004	11:34	-151.905	59.17667	39	31	8.734	0.7772	30.708	24.3684	31.4348
4	3	c	7/18/2004	11:34	-151.905	59.17667	39	32	8.7332	0.7831	31.698	24.3682	31.4344
4	3	c	7/18/2004	11:34	-151.905	59.17667	39	33	8.7232	0.7909	32.689	24.3716	31.4367
4	3	c	7/18/2004	11:34	-151.905	59.17667	39	34	8.7276	0.7893	33.679	24.3699	31.4354
4	3	c	7/18/2004	11:34	-151.905	59.17667	39	35	8.7256	0.7785	34.67	24.3706	31.4359
4	3	c	7/18/2004	11:34	-151.905	59.17667	39	36	8.7252	0.7986	35.66	24.3705	31.4357
4	3	c	7/18/2004	11:34	-151.905	59.17667	39	37	8.7246	0.7871	36.651	24.3708	31.4359
4	3	c	7/18/2004	11:34	-151.905	59.17667	39	38	8.721	0.7914	37.641	24.3723	31.4371
4	5	c	7/18/2004	11:34	-151.95167	59.12167	123	1	10.1963	0.7973	0.991	23.9487	31.1931
4	5	c	7/18/2004	11:34	-151.95167	59.12167	123	2	10.194	0.7859	1.981	23.8813	31.1061
4	5	c	7/18/2004	11:34	-151.95167	59.12167	123	3	10.2262	0.7863	2.972	23.8757	31.1056
4	5	c	7/18/2004	11:34	-151.95167	59.12167	123	4	10.2392	0.8002	3.963	23.8682	31.0987
4	5	c	7/18/2004	11:34	-151.95167	59.12167	123	5	10.1939	0.791	4.953	23.8853	31.1111
4	5	c	7/18/2004	11:34	-151.95167	59.12167	123	6	10.2125	0.8006	5.944	23.8731	31.0994
4	5	c	7/18/2004	11:34	-151.95167	59.12167	123	7	9.9696	0.7971	6.935	23.9701	31.1727
4	5	c	7/18/2004	11:34	-151.95167	59.12167	123	8	9.911	0.8037	7.925	23.9882	31.1837
4	5	c	7/18/2004	11:34	-151.95167	59.12167	123	9	9.7953	0.7795	8.916	24.0222	31.2033
4	5	c	7/18/2004	11:34	-151.95167	59.12167	123	10	9.7481	0.7682	9.906	24.0337	31.2084
4	5	c	7/18/2004	11:34	-151.95167	59.12167	123	11	9.7284	0.7625	10.897	24.0385	31.2104
4	5	c	7/18/2004	11:34	-151.95167	59.12167	123	12	9.6986	0.7789	11.887	24.0465	31.2145
4	5	c	7/18/2004	11:34	-151.95167	59.12167	123	13	9.6886	0.7723	12.878	24.0497	31.2165
4	5	c	7/18/2004	11:34	-151.95167	59.12167	123	14	9.6872	0.761	13.869	24.0499	31.2165
4	5	c	7/18/2004	11:34	-151.95167	59.12167	123	15	9.6896	0.7614	14.859	24.0494	31.2164
4	5	c	7/18/2004	11:34	-151.95167	59.12167	123	16	9.6435	0.772	15.85	24.0644	31.2261
4	5	c	7/18/2004	11:34	-151.95167	59.12167	123	17	9.5745	0.7807	16.84	24.0867	31.2406
4	5	c	7/18/2004	11:34	-151.95167	59.12167	123	18	9.5518	0.7788	17.831	24.0939	31.2452
4	5	c	7/18/2004	11:34	-151.95167	59.12167	123	19	9.5425	0.7893	18.821	24.0966	31.2468
4	5	c	7/18/2004	11:34	-151.95167	59.12167	123	20	9.5067	0.7738	19.812	24.1077	31.2537
4	5	c	7/18/2004	11:34	-151.95167	59.12167	123	21	9.4621	0.7727	20.802	24.1207	31.2613
4	5	c	7/18/2004	11:34	-151.95167	59.12167	123	22	9.4293	0.7739	21.793	24.1324	31.2697
4	5	c	7/18/2004	11:34	-151.95167	59.12167	123	23	9.3981	0.7721	22.784	24.1421	31.2758
4	5	c	7/18/2004	11:34	-151.95167	59.12167	123	24	9.3829	0.7769	23.774	24.1465	31.2784
4	5	c	7/18/2004	11:34	-151.95167	59.12167	123	25	9.3709	0.7754	24.765	24.1501	31.2805
4	5	c	7/18/2004	11:34	-151.95167	59.12167	123	26	9.3625	0.7829	25.755	24.1528	31.2822
4	5	c	7/18/2004	11:34	-151.95167	59.12167	123	27	9.357	0.7788	26.746	24.1544	31.2832
4	5	c	7/18/2004	11:34	-151.95167	59.12167	123	28	9.3143	0.7715	27.736	24.1672	31.291
4	5	c	7/18/2004	11:34	-151.95167	59.12167	123	29	9.2879	0.7651	28.727	24.1749	31.2956
4	5	c	7/18/2004	11:34	-151.95167	59.12167	123	30	9.233	0.7632	29.717	24.1913	31.3056
4	5	c	7/18/2004	11:34	-151.95167	59.12167	123	31	9.1665	0.7501	30.708	24.2133	31.3207
4	5	c	7/18/2004	11:34	-151.95167	59.12167	123	32	9.1452	0.7518	31.698	24.2216	31.327
4	5	c	7/18/2004	11:34	-151.95167	59.12167	123	33	9.1291	0.7389	32.689	24.2271	31.3308
4	5	c	7/18/2004	11:34	-151.95167	59.12167	123	34	9.0789	0.7539	33.679	24.244	31.3426
4	5	c	7/18/2004	11:34	-151.95167	59.12167	123	35	9.0729	0.7328	34.67	24.2448	31.3424
4	5	c	7/18/2004	11:34	-151.95167	59.12167	123	36	9.0646	0.7371	35.66	24.247	31.3435
4	5	c	7/18/2004	11:34	-151.95167	59.12167	123	37	9.0377	0.7477	36.651	24.2557	31.3494
4	5	c	7/18/2004	11:34	-151.95167	59.12167	123	38	9.026	0.7369	37.641	24.2593	31.3517
4	5	c	7/18/2004	11:34	-151.95167	59.12167	123	39	8.9655	0.7285	38.632	24.2792	31.3654
4	5	c	7/18/2004	11:34	-151.95167	59.12167	123	40	8.9254	0.7292	39.622	24.2922	31.3742
4	5	c	7/18/2004	11:34	-151.95167	59.12167	123	41	8.9403	0.735	40.613	24.2867	31.3699
4	5	c	7/18/2004	11:34	-151.95167	59.12167	123	42	8.9287	0.7184	41.603	24.2913	31.3736
4	5	c	7/18/2004	11:34	-151.95167	59.12167	123	43	8.8928	0.7254	42.594	24.3031	31.3816
4	5	c	7/18/2004	11:34	-151.95167	59.12167	123	44	8.8921	0.7154	43.584	24.3031	31.3815
4	5	c	7/18/2004	11:34	-151.95167	59.12167	123	45	8.875	0.7042	44.574	24.3089	31.3857
4	5	c	7/18/2004	11:34	-151.95167	59.12167	123	46	8.8683	0.7248	45.565	24.3107	31.3866
4	5	c	7/18/2004	11:34	-151.95167	59.12167	123	47	8.8664	0.7397	46.555	24.3111	31.3867
4	5	c	7/18/2004	11:34	-151.95167	59.12167	123	48	8.8612	0.7223	47.546	24.3126	31.3876
4	5	c	7/18/2004	11:34	-151.95167	59.12167	123	49	8.8549	0.7205	48.536	24.3143	31.3886
4	5	c	7/18/2004	11:34	-151.95167	59.12167	123	50	8.8008	0.7187	49.527	24.3324	31.4013
4	5	c	7/18/2004	11:34	-151.95167	59.12167	123	51	8.741	0.6998	50.517	24.3528	31.4158
4	5	c	7/18/2004	11:34	-151.95167	59.12167	123	52	8.6645	0.706	51.507	24.3785	31.4341
4	5	c	7/18/2004	11:34	-151.95167	59.12167	123	53	8.5762	0.6808	52.498	24.4066	31.4531
4	5	c	7/18/2004	11:34	-151.95167	59.12167	123	54	8.4112	0.6868	53.488	24.465	31.4967
4	5	c	7/18/2004	11:34	-151.95167	59.12167	123	55	8.3813	0.6839	54.479	24.4753	31.5041
4	5	c	7/18/2004	11:34	-151.95167	59.12167	123	56	8.371	0.6928	55.469	24.4778	31.5054
4	5	c	7/18/2004	11:34	-151.95167	59.12167	123	57	8.3505	0.6767	56.459	24.4847	31.5103
4	5	c	7/18/2004	11:34	-151.95167	59.12167	123	58	8.32	0.687	57.45	24.4952	31.518
4	5	c	7/18/2004	11:34	-151.95167	59.12167	123	59	8.2777	0.6826	58.44	24.5084	31.5271
4	5	c	7/18/2004	11:34	-151.95167	59.12167	123	60	8.2247	0.6838	59.431	24.5273	31.5414
4	5	c	7/18/2004	11:34	-151.95167	59.12167	123	61	8.2064	0.6739	60.421	24.5338	31.5462
4	5	c	7/18/2004	11:34	-151.95167	59.12167	123	62	8.1981	0.6716	61.411	24.5363	31.5478
4	5	c	7/18/2004	11:34	-151.95167	59.12167	123	63	8.1448	0.6706	62.401	24.5536	31.5602
4	5	c	7/18/2004	11:34	-151.95167	59.12167	123	64	8.1024	0.6647	63.392	24.5676	31.5702
4	5	c	7/18/2004	11:34	-151.95167	59.12167	123	65	8.064	0.6652	64.382	24.5801	31.5791
4	5	c	7/18/2004	11:34	-151.95167	59.12167	123	66	8.0407	0.668	65.373	24.5876	31.5844
4	5	c	7/18/2004	11:34	-151.95167	59.12167	123	67	7.9986	0.6707	66.363	24.6014	31.5944
4	5	c	7/18/2004	11:34	-151.95167	59.12167	123	68	7.8887	0.6533	67.353	24.638	31.6212
4	5	c	7/18/2004	11:34	-151.95167	59.12167	123	69	7.9345	0.6558	68.344	24.6221	31.6091
4	5	c	7/18/2004	11:34	-151.95167	59.12167	123	70	7.8751	0.6525	69.334	24.6417	31.6234
4	5	c	7/18/2004	11:34	-151.95167	59.12167	123	71	7.8415	0.6505	70.324	24.6528	31.6315
4	5	c	7/18/2004	11:34	-151.95167	59.12167	123	72	7.8586	0.657	71.314	24.6464	31.6264
4	5	c	7/18/2004	11:34	-151.95167	59.12167	123	73	7.8247	0.6641	72.305	24.6577	31.6347
4	5	c	7/18/2004	11:34	-151.95167	59.12167	123	74	7.8147	0.6508	73.295	24.6603	31.6362
4	5	c	7/18/2004	11:34	-151.95167	59.12167	123	75	7.7936	0.6508	74.285	24.6674	31.6414
4	5	c	7/18/2004	11:34	-151.95167	59.12167	123	76	7.7062	0.6341	75.276	24.6962	31.6626
4	5	c	7/18/2004	11:34	-151.95167	59.12167	123	77	7.7082	0.6434	76.266	24.6949	31.6612
4	5	c	7/18/2004	11:34	-151.95167	59.12167	123	78	7.626	0.6372	77.256	24.7219	31.6812
4	5	c	7/18/2004	11:34	-151.95167	59.12167	123	79	7.605	0.6261	78.247	24.7284	31.6856
4	5	c	7/18/2004	11:34	-151.95167	59.12167	123	80	7.4988	0.6192	79.237	24.7635	31.7118
4	5	c	7/18/2004	11:34	-151.95167	59.12167	123	81	7.4294	0.6178	80.227	24.7846	31.7266
4	5	c	7/18/2004	11:34	-151.95167	59.12167	123	82	7.5099	0.6215	81.217	24.7586	31.7075
4	5	c	7/18/2004	11:34	-151.95167	59.12167	123	83	7.5213	0.6221	82.208	24.7549	31.7047
4	5	c	7/18/2004	11:34	-151.95167	59.12167	123	84	7.4764	0.6173	83.198	24.7694	31.7154
4	5	c	7/18/2004	11:34	-151.95167	59.12167	123	85	7.3809	0.607	84.188	24.8001	31.7378
4	5	c	7/18/2004	11:34	-151.95167	59.12167	123	86	7.342	0.6093	85.178	24.8128	31.7472
4	5	c	7/18/2004	11:34	-151.95167	59.12167	123	87	7.3533	0.5992	86.169	24.8084	31.7436
4	5	c	7/18/2004	11:34	-151.95167	59.12167	123	88	7.38	0.6243	87.159	24.7994	31.7367
4	5	c	7/18/2004	11:34	-151.95167	59.12167	123	89	7.3086	0.6122	88.149	24.8216	31.7527
4	5	c	7/18/2004	11:34	-151.95167	59.12167	123	90	7.2241	0.587	89.139	24.8498	31.7741
4	5	c	7/18/2004	11:34	-151.95167	59.12167	123	91	7.2021	0.5832	90.129	24.8564	31.7787
4	5	c	7/18/2004	11:34	-151.95167	59.12167	123	92	7.1889	0.5846	91.12	24.8602	31.7813
4	5	c	7/18/2004	11:34	-151.95167	59.12167	123	93	7.1787	0.5824	92.11	24.8636	31.7838
4	5	c	7/18/2004	11:34	-151.95167	59.12167	123	94	7.1751	0.5796	93.1	24.8647	31.7846
4	5	c	7/18/2004	11:34	-151.95167	59.12167	123	95	7.1657	0.5808	94.09	24.8675	31.7866
4	5	c	7/18/2004	11:34	-151.95167	59.12167	123	96	7.1423	0.577	95.081	24.8743	31.7913
4	5	c	7/18/2004	11:34	-151.95167	59.12167	123	97	7.143	0.5759	96.071	24.8743	31.7914
4	5	c	7/18/2004	11:34	-151.95167	59.12167	123	98	7.1484	0.5758	97.061	24.8726	31.7901
4	5	c	7/18/2004	11:34	-151.95167	59.12167	123	99	7.1371	0.5748	98.051	24.8762	31.7928
4	5	c	7/18/2004	11:34	-151.95167	59.12167	123	100	7.1351	0.578	99.041	24.8769	31.7933
4	5	c	7/18/2004	11:34	-151.95167	59.12167	123	101	7.13	0.5755	100.031	24.8784	31.7943
4	5	c	7/18/2004	11:34	-151.95167	59.12167	123	102	7.1299	0.5728	101.021	24.8786	31.7945
4	7	c	7/18/2004	11:34	-152.015	59.05167	202	1	9.9748	0.848	0.991	24.09	31.3277
4	7	c	7/18/2004	11:34	-152.015	59.05167	202	2	9.9198	0.9405	1.981	24.1026	31.3324
4	7	c	7/18/2004	11:34	-152.015	59.05167	202	3	9.9048	0.9858	2.972	24.1051	31.3324
4	7	c	7/18/2004	11:34	-152.015	59.05167	202	4	9.8618	1.0237	3.962	24.1115	31.3317
4	7	c	7/18/2004	11:34	-152.015	59.05167	202	5	9.838	1.0272	4.953	24.1142	31.3301
4	7	c	7/18/2004	11:34	-152.015	59.05167	202	6	9.7408	1.0103	5.944	24.1279	31.3276
4	7	c	7/18/2004	11:34	-152.015	59.05167	202	7	9.5973	0.9377	6.934	24.1476	31.3235
4	7	c	7/18/2004	11:34	-152.015	59.05167	202	8	9.5533	0.8719	7.925	24.1556	31.3247
4	7	c	7/18/2004	11:34	-152.015	59.05167	202	9	9.5467	0.8768	8.916	24.156	31.3238
4	7	c	7/18/2004	11:34	-152.015	59.05167	202	10	9.5048	0.8902	9.906	24.1631	31.3244
4	7	c	7/18/2004	11:34	-152.015	59.05167	202	11	9.3731	0.8457	10.897	24.193	31.3362
4	7	c	7/18/2004	11:34	-152.015	59.05167	202	12	9.2253	0.8036	11.887	24.2265	31.3495
4	7	c	7/18/2004	11:34	-152.015	59.05167	202	13	9.1564	0.7522	12.878	24.2435	31.3576
4	7	c	7/18/2004	11:34	-152.015	59.05167	202	14	9.1174	0.7804	13.869	24.2515	31.3602
4	7	c	7/18/2004	11:34	-152.015	59.05167	202	15	8.9537	0.7876	14.859	24.2899	31.3772
4	7	c	7/18/2004	11:34	-152.015	59.05167	202	16	8.9022	0.6872	15.85	24.3045	31.3858
4	7	c	7/18/2004	11:34	-152.015	59.05167	202	17	8.8598	0.6978	16.84	24.3177	31.3945
4	7	c	7/18/2004	11:34	-152.015	59.05167	202	18	8.7911	0.7	17.831	24.3399	31.4096
4	7	c	7/18/2004	11:34	-152.015	59.05167	202	19	8.7397	0.705	18.821	24.3574	31.422
4	7	c	7/18/2004	11:34	-152.015	59.05167	202	20	8.6692	0.6877	19.812	24.3813	31.4391
4	7	c	7/18/2004	11:34	-152.015	59.05167	202	21	8.5612	0.7304	20.803	24.4193	31.467
4	7	c	7/18/2004	11:34	-152.015	59.05167	202	22	8.553	0.6821	21.793	24.422	31.469
4	7	c	7/18/2004	11:34	-152.015	59.05167	202	23	8.4941	0.6936	22.784	24.443	31.4846
4	7	c	7/18/2004	11:34	-152.015	59.05167	202	24	8.4233	0.6812	23.774	24.4692	31.5047
4	7	c	7/18/2004	11:34	-152.015	59.05167	202	25	8.3024	0.6485	24.765	24.5145	31.5401
4	7	c	7/18/2004	11:34	-152.015	59.05167	202	26	8.2321	0.6888	25.755	24.541	31.5608
4	7	c	7/18/2004	11:34	-152.015	59.05167	202	27	8.2012	0.6622	26.746	24.5525	31.5697
4	7	c	7/18/2004	11:34	-152.015	59.05167	202	28	8.1796	0.6488	27.736	24.5625	31.5785
4	7	c	7/18/2004	11:34	-152.015	59.05167	202	29	8.061	0.6103	28.727	24.6116	31.6194
4	7	c	7/18/2004	11:34	-152.015	59.05167	202	30	7.8321	0.5867	29.717	24.7022	31.6934
4	7	c	7/18/2004	11:34	-152.015	59.05167	202	31	7.8038	0.5634	30.708	24.7124	31.7014
4	7	c	7/18/2004	11:34	-152.015	59.05167	202	32	7.8015	0.558	31.698	24.7122	31.7006
4	7	c	7/18/2004	11:34	-152.015	59.05167	202	33	7.7374	0.5504	32.689	24.7343	31.7174
4	7	c	7/18/2004	11:34	-152.015	59.05167	202	34	7.7603	0.5622	33.679	24.7257	31.7105
4	7	c	7/18/2004	11:34	-152.015	59.05167	202	35	7.7504	0.5526	34.67	24.7289	31.7127
4	7	c	7/18/2004	11:34	-152.015	59.05167	202	36	7.7463	0.5503	35.66	24.7298	31.7132
4	7	c	7/18/2004	11:34	-152.015	59.05167	202	37	7.7454	0.5569	36.651	24.7296	31.7128
4	7	c	7/18/2004	11:34	-152.015	59.05167	202	38	7.7391	0.5545	37.641	24.7317	31.7143
4	7	c	7/18/2004	11:34	-152.015	59.05167	202	39	7.7427	0.5492	38.632	24.7306	31.7135
4	7	c	7/18/2004	11:34	-152.015	59.05167	202	40	7.7305	0.5472	39.622	24.7351	31.717
4	7	c	7/18/2004	11:34	-152.015	59.05167	202	41	7.7274	0.5465	40.613	24.7357	31.7173
4	7	c	7/18/2004	11:34	-152.015	59.05167	202	42	7.7194	0.5485	41.603	24.739	31.72
4	7	c	7/18/2004	11:34	-152.015	59.05167	202	43	7.7132	0.5444	42.594	24.7412	31.7217
4	7	c	7/18/2004	11:34	-152.015	59.05167	202	44	7.712	0.5487	43.584	24.7415	31.7218
4	7	c	7/18/2004	11:34	-152.015	59.05167	202	45	7.7089	0.5446	44.574	24.7418	31.7217
4	7	c	7/18/2004	11:34	-152.015	59.05167	202	46	7.7078	0.5403	45.565	24.7425	31.7224
4	7	c	7/18/2004	11:34	-152.015	59.05167	202	47	7.7084	0.5386	46.555	24.7426	31.7225
4	7	c	7/18/2004	11:34	-152.015	59.05167	202	48	7.716	0.5451	47.546	24.7396	31.7201
4	7	c	7/18/2004	11:34	-152.015	59.05167	202	49	7.7198	0.5403	48.536	24.7383	31.7191
4	7	c	7/18/2004	11:34	-152.015	59.05167	202	50	7.7188	0.5421	49.527	24.7388	31.7196
4	7	c	7/18/2004	11:34	-152.015	59.05167	202	51	7.7152	0.5479	50.517	24.7403	31.7208
4	7	c	7/18/2004	11:34	-152.015	59.05167	202	52	7.7079	0.5401	51.508	24.7428	31.7226
4	7	c	7/18/2004	11:34	-152.015	59.05167	202	53	7.7063	0.5368	52.498	24.7435	31.7232
4	7	c	7/18/2004	11:34	-152.015	59.05167	202	54	7.7071	0.5392	53.488	24.743	31.7228
4	7	c	7/18/2004	11:34	-152.015	59.05167	202	55	7.71	0.5407	54.479	24.7419	31.7219
4	7	c	7/18/2004	11:34	-152.015	59.05167	202	56	7.7069	0.5468	55.469	24.7431	31.7228
4	7	c	7/18/2004	11:34	-152.015	59.05167	202	57	7.7064	0.5387	56.459	24.7435	31.7232
4	7	c	7/18/2004	11:34	-152.015	59.05167	202	58	7.7057	0.5396	57.45	24.7435	31.7231
4	7	c	7/18/2004	11:34	-152.015	59.05167	202	59	7.7049	0.5406	58.44	24.7442	31.7238
4	7	c	7/18/2004	11:34	-152.015	59.05167	202	60	7.7005	0.5354	59.431	24.7452	31.7243
4	7	c	7/18/2004	11:34	-152.015	59.05167	202	61	7.6979	0.5388	60.421	24.746	31.7247
4	7	c	7/18/2004	11:34	-152.015	59.05167	202	62	7.6993	0.5349	61.411	24.7457	31.7246
4	7	c	7/18/2004	11:34	-152.015	59.05167	202	63	7.6996	0.5403	62.402	24.7455	31.7244
4	7	c	7/18/2004	11:34	-152.015	59.05167	202	64	7.6959	0.5407	63.392	24.7466	31.7251
4	7	c	7/18/2004	11:34	-152.015	59.05167	202	65	7.6948	0.5333	64.382	24.7475	31.7261
4	7	c	7/18/2004	11:34	-152.015	59.05167	202	66	7.6944	0.5375	65.373	24.7475	31.726
4	7	c	7/18/2004	11:34	-152.015	59.05167	202	67	7.6914	0.5366	66.363	24.748	31.7261
4	7	c	7/18/2004	11:34	-152.015	59.05167	202	68	7.6932	0.5308	67.353	24.7479	31.7263
4	7	c	7/18/2004	11:34	-152.015	59.05167	202	69	7.6913	0.5356	68.344	24.7483	31.7265
4	7	c	7/18/2004	11:34	-152.015	59.05167	202	70	7.6908	0.5335	69.334	24.7487	31.7268
4	7	c	7/18/2004	11:34	-152.015	59.05167	202	71	7.6907	0.5322	70.324	24.7486	31.7266
4	7	c	7/18/2004	11:34	-152.015	59.05167	202	72	7.689	0.5316	71.314	24.7494	31.7274
4	7	c	7/18/2004	11:34	-152.015	59.05167	202	73	7.6857	0.5325	72.305	24.7507	31.7285
4	7	c	7/18/2004	11:34	-152.015	59.05167	202	74	7.6886	0.5292	73.295	24.7503	31.7284
4	7	c	7/18/2004	11:34	-152.015	59.05167	202	75	7.6981	0.531	74.285	24.7475	31.7265
4	7	c	7/18/2004	11:34	-152.015	59.05167	202	76	7.6945	0.5339	75.276	24.7489	31.7276
4	7	c	7/18/2004	11:34	-152.015	59.05167	202	77	7.6945	0.5345	76.266	24.7509	31.7302
4	7	c	7/18/2004	11:34	-152.015	59.05167	202	78	7.6936	0.5316	77.256	24.7516	31.7309
4	7	c	7/18/2004	11:34	-152.015	59.05167	202	79	7.6954	0.5321	78.246	24.7505	31.7298
4	7	c	7/18/2004	11:34	-152.015	59.05167	202	80	7.6949	0.5306	79.237	24.7508	31.73
4	7	c	7/18/2004	11:34	-152.015	59.05167	202	81	7.6955	0.5327	80.227	24.7507	31.7301
4	7	c	7/18/2004	11:34	-152.015	59.05167	202	82	7.6913	0.5295	81.217	24.7517	31.7306
4	7	c	7/18/2004	11:34	-152.015	59.05167	202	83	7.6875	0.5312	82.207	24.7529	31.7314
4	7	c	7/18/2004	11:34	-152.015	59.05167	202	84	7.6818	0.5313	83.198	24.7541	31.7319
4	7	c	7/18/2004	11:34	-152.015	59.05167	202	85	7.6903	0.5348	84.188	24.7519	31.7306
4	7	c	7/18/2004	11:34	-152.015	59.05167	202	86	7.6921	0.5298	85.178	24.7516	31.7305
4	7	c	7/18/2004	11:34	-152.015	59.05167	202	87	7.6749	0.5247	86.169	24.7558	31.7328
4	7	c	7/18/2004	11:34	-152.015	59.05167	202	88	7.6828	0.5268	87.159	24.7536	31.7313
4	7	c	7/18/2004	11:34	-152.015	59.05167	202	89	7.667	0.5281	88.149	24.7579	31.734
4	7	c	7/18/2004	11:34	-152.015	59.05167	202	90	7.6661	0.5276	89.139	24.7584	31.7344
4	7	c	7/18/2004	11:34	-152.015	59.05167	202	91	7.6796	0.5296	90.129	24.755	31.7325
4	7	c	7/18/2004	11:34	-152.015	59.05167	202	92	7.6835	0.5266	91.12	24.7541	31.7321
4	7	c	7/18/2004	11:34	-152.015	59.05167	202	93	7.687	0.5298	92.11	24.7534	31.7318
4	7	c	7/18/2004	11:34	-152.015	59.05167	202	94	7.6917	0.5326	93.1	24.7528	31.7319
4	7	c	7/18/2004	11:34	-152.015	59.05167	202	95	7.696	0.5273	94.09	24.7512	31.7305
4	7	c	7/18/2004	11:34	-152.015	59.05167	202	96	7.6967	0.5302	95.081	24.7514	31.7309
4	7	c	7/18/2004	11:34	-152.015	59.05167	202	97	7.7001	0.5305	96.071	24.7509	31.7309
4	7	c	7/18/2004	11:34	-152.015	59.05167	202	98	7.7004	0.5315	97.061	24.7505	31.7304
4	7	c	7/18/2004	11:34	-152.015	59.05167	202	99	7.6984	0.5634	98.051	24.7513	31.731
4	7	c	7/18/2004	11:34	-152.015	59.05167	202	100	7.6866	0.5162	99.041	24.7532	31.7314
4	7	c	7/18/2004	11:34	-152.015	59.05167	202	101	7.63	0.5238	100.031	24.7672	31.7392
4	7	c	7/18/2004	11:34	-152.015	59.05167	202	102	7.5517	0.5161	101.021	24.7865	31.7499
4	7	c	7/18/2004	11:34	-152.015	59.05167	202	103	7.5751	0.5151	102.012	24.7797	31.7454
4	7	c	7/18/2004	11:34	-152.015	59.05167	202	104	7.5706	0.5145	103.002	24.7815	31.7469
4	7	c	7/18/2004	11:34	-152.015	59.05167	202	105	7.5779	0.5173	103.992	24.7793	31.7453
4	7	c	7/18/2004	11:34	-152.015	59.05167	202	106	7.5249	0.5163	104.982	24.7921	31.7523
4	7	c	7/18/2004	11:34	-152.015	59.05167	202	107	7.5281	0.5118	105.972	24.7919	31.7526
4	7	c	7/18/2004	11:34	-152.015	59.05167	202	108	7.5131	0.5141	106.962	24.7949	31.7538
4	7	c	7/18/2004	11:34	-152.015	59.05167	202	109	7.4713	0.5093	107.952	24.8047	31.7589
4	7	c	7/18/2004	11:34	-152.015	59.05167	202	110	7.4544	0.5104	108.943	24.8092	31.7618
4	7	c	7/18/2004	11:34	-152.015	59.05167	202	111	7.4516	0.5049	109.933	24.8097	31.7619
4	7	c	7/18/2004	11:34	-152.015	59.05167	202	112	7.4504	0.5073	110.923	24.8099	31.7619
4	7	c	7/18/2004	11:34	-152.015	59.05167	202	113	7.4517	0.5054	111.913	24.8097	31.7618
4	7	c	7/18/2004	11:34	-152.015	59.05167	202	114	7.4457	0.507	112.903	24.8111	31.7626
4	7	c	7/18/2004	11:34	-152.015	59.05167	202	115	7.4407	0.5082	113.893	24.8125	31.7634
4	7	c	7/18/2004	11:34	-152.015	59.05167	202	116	7.4393	0.5034	114.883	24.8128	31.7636
4	7	c	7/18/2004	11:34	-152.015	59.05167	202	117	7.438	0.5057	115.873	24.8129	31.7634
4	7	c	7/18/2004	11:34	-152.015	59.05167	202	118	7.4358	0.5064	116.863	24.8137	31.7641
4	7	c	7/18/2004	11:34	-152.015	59.05167	202	119	7.4367	0.5042	117.854	24.8135	31.764
4	7	c	7/18/2004	11:34	-152.015	59.05167	202	120	7.4321	0.503	118.844	24.8143	31.7642
4	7	c	7/18/2004	11:34	-152.015	59.05167	202	121	7.4234	0.5031	119.834	24.8166	31.7657
4	7	c	7/18/2004	11:34	-152.015	59.05167	202	122	7.4283	0.5081	120.824	24.8153	31.7647
4	7	c	7/18/2004	11:34	-152.015	59.05167	202	123	7.4266	0.5034	121.814	24.8158	31.7651
4	7	c	7/18/2004	11:34	-152.015	59.05167	202	124	7.4189	0.5034	122.804	24.8176	31.766
4	7	c	7/18/2004	11:34	-152.015	59.05167	202	125	7.4048	0.5019	123.794	24.8212	31.7682
4	7	c	7/18/2004	11:34	-152.015	59.05167	202	126	7.388	0.5047	124.784	24.8252	31.7703
4	7	c	7/18/2004	11:34	-152.015	59.05167	202	127	7.3823	0.5037	125.774	24.8268	31.7714
4	7	c	7/18/2004	11:34	-152.015	59.05167	202	128	7.3594	0.501	126.764	24.8327	31.7749
4	7	c	7/18/2004	11:34	-152.015	59.05167	202	129	7.3574	0.5005	127.754	24.8329	31.7748
4	7	c	7/18/2004	11:34	-152.015	59.05167	202	130	7.3458	0.5001	128.744	24.8359	31.7767
4	7	c	7/18/2004	11:34	-152.015	59.05167	202	131	7.3374	0.4985	129.734	24.838	31.7778
4	7	c	7/18/2004	11:34	-152.015	59.05167	202	132	7.3274	0.4956	130.724	24.8405	31.7793
4	7	c	7/18/2004	11:34	-152.015	59.05167	202	133	7.3021	0.4939	131.714	24.8468	31.7829
4	7	c	7/18/2004	11:34	-152.015	59.05167	202	134	7.2924	0.4944	132.704	24.8493	31.7844
4	7	c	7/18/2004	11:34	-152.015	59.05167	202	135	7.2633	0.4924	133.694	24.8567	31.7889
4	7	c	7/18/2004	11:34	-152.015	59.05167	202	136	7.2268	0.4907	134.684	24.8665	31.7951
4	7	c	7/18/2004	11:34	-152.015	59.05167	202	137	7.2166	0.4907	135.674	24.8683	31.7956
4	7	c	7/18/2004	11:34	-152.015	59.05167	202	138	7.1953	0.4884	136.664	24.8743	31.7996
4	7	c	7/18/2004	11:34	-152.015	59.05167	202	139	7.1847	0.4896	137.654	24.8769	31.8011
4	7	c	7/18/2004	11:34	-152.015	59.05167	202	140	7.1749	0.4882	138.644	24.8794	31.8026
4	7	c	7/18/2004	11:34	-152.015	59.05167	202	141	7.1614	0.4863	139.634	24.8828	31.8046
4	7	c	7/18/2004	11:34	-152.015	59.05167	202	142	7.1503	0.4864	140.624	24.886	31.8069
4	7	c	7/18/2004	11:34	-152.015	59.05167	202	143	7.1535	0.486	141.614	24.8846	31.8056
4	7	c	7/18/2004	11:34	-152.015	59.05167	202	144	7.1158	0.4842	142.604	24.8946	31.8119
4	7	c	7/18/2004	11:34	-152.015	59.05167	202	145	7.1032	0.4826	143.594	24.898	31.8141
4	7	c	7/18/2004	11:34	-152.015	59.05167	202	146	7.097	0.484	144.584	24.8998	31.8152
4	7	c	7/18/2004	11:34	-152.015	59.05167	202	147	7.095	0.4823	145.574	24.9	31.8152
4	7	c	7/18/2004	11:34	-152.015	59.05167	202	148	7.0907	0.4819	146.564	24.9011	31.8159
4	7	c	7/18/2004	11:34	-152.015	59.05167	202	149	7.0892	0.4803	147.554	24.9018	31.8165
4	7	c	7/18/2004	11:34	-152.015	59.05167	202	150	7.0903	0.4821	148.544	24.9018	31.8166
4	7	c	7/18/2004	11:34	-152.015	59.05167	202	151	7.0862	0.4816	149.534	24.9027	31.8171
4	7	c	7/18/2004	11:34	-152.015	59.05167	202	152	7.0844	0.4799	150.524	24.903	31.817
4	7	c	7/18/2004	11:34	-152.015	59.05167	202	153	7.0745	0.4817	151.513	24.9056	31.8188
4	7	c	7/18/2004	11:34	-152.015	59.05167	202	154	7.0685	0.4808	152.503	24.9071	31.8196
4	7	c	7/18/2004	11:34	-152.015	59.05167	202	155	7.0685	0.4808	153.493	24.9071	31.8196
4	7	c	7/18/2004	11:34	-152.015	59.05167	202	156	7.0673	0.4799	154.483	24.9073	31.8196
4	7	c	7/18/2004	11:34	-152.015	59.05167	202	157	7.0696	0.4789	155.473	24.9066	31.8192
4	7	c	7/18/2004	11:34	-152.015	59.05167	202	158	7.0677	0.481	156.463	24.9072	31.8196
4	7	c	7/18/2004	11:34	-152.015	59.05167	202	159	7.0668	0.4797	157.453	24.9074	31.8196
4	7	c	7/18/2004	11:34	-152.015	59.05167	202	160	7.045	0.4776	158.443	24.913	31.8231
4	7	c	7/18/2004	11:34	-152.015	59.05167	202	161	7.0111	0.4746	159.433	24.9217	31.8285
4	7	c	7/18/2004	11:34	-152.015	59.05167	202	162	7.0101	0.4753	160.423	24.9217	31.8284
4	7	c	7/18/2004	11:34	-152.015	59.05167	202	163	7.0094	0.475	161.412	24.9219	31.8284
4	7	c	7/18/2004	11:34	-152.015	59.05167	202	164	7.0199	0.4763	162.402	24.9193	31.8268
4	7	c	7/18/2004	11:34	-152.015	59.05167	202	165	7.0236	0.4754	163.392	24.9185	31.8265
4	7	c	7/18/2004	11:34	-152.015	59.05167	202	166	7.0132	0.474	164.382	24.9215	31.8285
4	7	c	7/18/2004	11:34	-152.015	59.05167	202	167	7.0132	0.4741	165.372	24.9213	31.8282
4	7	c	7/18/2004	11:34	-152.015	59.05167	202	168	7.0132	0.4734	166.362	24.9209	31.8277
4	7	c	7/18/2004	11:34	-152.015	59.05167	202	169	7.0161	0.4743	167.351	24.9202	31.8273
4	7	c	7/18/2004	11:34	-152.015	59.05167	202	170	7.0096	0.473	168.342	24.9218	31.8283
4	9	c	7/18/2004	11:34	-152.07833	58.98833	125	1	8.166	0.539	0.991	24.6505	31.6887
4	9	c	7/18/2004	11:34	-152.07833	58.98833	125	2	8.1549	0.5375	1.981	24.6511	31.6875
4	9	c	7/18/2004	11:34	-152.07833	58.98833	125	3	8.1497	0.5491	2.972	24.6524	31.688
4	9	c	7/18/2004	11:34	-152.07833	58.98833	125	4	8.1457	0.566	3.963	24.6535	31.6888
4	9	c	7/18/2004	11:34	-152.07833	58.98833	125	5	8.148	0.5624	4.953	24.6531	31.6886
4	9	c	7/18/2004	11:34	-152.07833	58.98833	125	6	8.1349	0.5668	5.944	24.6549	31.6885
4	9	c	7/18/2004	11:34	-152.07833	58.98833	125	7	8.1202	0.5761	6.934	24.6579	31.6896
4	9	c	7/18/2004	11:34	-152.07833	58.98833	125	8	8.1179	0.5921	7.925	24.6582	31.6896
4	9	c	7/18/2004	11:34	-152.07833	58.98833	125	9	8.0962	0.5937	8.916	24.6622	31.6906
4	9	c	7/18/2004	11:34	-152.07833	58.98833	125	10	8.0913	0.5854	9.906	24.6622	31.6897
4	9	c	7/18/2004	11:34	-152.07833	58.98833	125	11	8.0926	0.6047	10.897	24.6627	31.6907
4	9	c	7/18/2004	11:34	-152.07833	58.98833	125	12	8.0893	0.6027	11.888	24.6627	31.69
4	9	c	7/18/2004	11:34	-152.07833	58.98833	125	13	8.0907	0.6104	12.878	24.6629	31.6905
4	9	c	7/18/2004	11:34	-152.07833	58.98833	125	14	8.0892	0.6064	13.869	24.6628	31.6901
4	9	c	7/18/2004	11:34	-152.07833	58.98833	125	15	8.0827	0.6065	14.859	24.6642	31.6907
4	9	c	7/18/2004	11:34	-152.07833	58.98833	125	16	8.0816	0.6128	15.85	24.6639	31.6901
4	9	c	7/18/2004	11:34	-152.07833	58.98833	125	17	8.0825	0.606	16.84	24.6636	31.6898
4	9	c	7/18/2004	11:34	-152.07833	58.98833	125	18	8.0815	0.5983	17.831	24.6642	31.6904
4	9	c	7/18/2004	11:34	-152.07833	58.98833	125	19	8.0851	0.5967	18.822	24.6631	31.6896
4	9	c	7/18/2004	11:34	-152.07833	58.98833	125	20	8.0838	0.6051	19.812	24.6637	31.6901
4	9	c	7/18/2004	11:34	-152.07833	58.98833	125	21	8.0859	0.5996	20.803	24.663	31.6896
4	9	c	7/18/2004	11:34	-152.07833	58.98833	125	22	8.0865	0.6005	21.793	24.6631	31.6898
4	9	c	7/18/2004	11:34	-152.07833	58.98833	125	23	8.0862	0.6034	22.784	24.6628	31.6894
4	9	c	7/18/2004	11:34	-152.07833	58.98833	125	24	8.089	0.5976	23.774	24.6624	31.6893
4	9	c	7/18/2004	11:34	-152.07833	58.98833	125	25	8.0875	0.5803	24.765	24.663	31.6899
4	9	c	7/18/2004	11:34	-152.07833	58.98833	125	26	8.0894	0.5997	25.755	24.6628	31.6899
4	9	c	7/18/2004	11:34	-152.07833	58.98833	125	27	8.0915	0.594	26.746	24.6625	31.6899
4	9	c	7/18/2004	11:34	-152.07833	58.98833	125	28	8.0913	0.5979	27.736	24.6621	31.6892
4	9	c	7/18/2004	11:34	-152.07833	58.98833	125	29	8.0891	0.5934	28.727	24.6624	31.6893
4	9	c	7/18/2004	11:34	-152.07833	58.98833	125	30	8.092	0.6051	29.717	24.662	31.6893
4	9	c	7/18/2004	11:34	-152.07833	58.98833	125	31	8.0919	0.6023	30.708	24.662	31.6892
4	9	c	7/18/2004	11:34	-152.07833	58.98833	125	32	8.0921	0.5976	31.698	24.6619	31.6891
4	9	c	7/18/2004	11:34	-152.07833	58.98833	125	33	8.0896	0.5883	32.689	24.6623	31.6891
4	9	c	7/18/2004	11:34	-152.07833	58.98833	125	34	8.0916	0.5889	33.679	24.6617	31.6887
4	9	c	7/18/2004	11:34	-152.07833	58.98833	125	35	8.0868	0.5943	34.67	24.6622	31.6885
4	9	c	7/18/2004	11:34	-152.07833	58.98833	125	36	8.0845	0.5863	35.66	24.6629	31.6889
4	9	c	7/18/2004	11:34	-152.07833	58.98833	125	37	8.079	0.5917	36.651	24.6644	31.6899
4	9	c	7/18/2004	11:34	-152.07833	58.98833	125	38	8.0742	0.5927	37.641	24.6655	31.6903
4	9	c	7/18/2004	11:34	-152.07833	58.98833	125	39	8.0834	0.583	38.632	24.6636	31.6896
4	9	c	7/18/2004	11:34	-152.07833	58.98833	125	40	8.0858	0.6011	39.622	24.6629	31.6891
4	9	c	7/18/2004	11:34	-152.07833	58.98833	125	41	8.0737	0.5984	40.613	24.6655	31.6902
4	9	c	7/18/2004	11:34	-152.07833	58.98833	125	42	8.0645	0.593	41.603	24.6672	31.6907
4	9	c	7/18/2004	11:34	-152.07833	58.98833	125	43	8.0517	0.5899	42.594	24.6713	31.6936
4	9	c	7/18/2004	11:34	-152.07833	58.98833	125	44	8.0498	0.5936	43.584	24.6718	31.6938
4	9	c	7/18/2004	11:34	-152.07833	58.98833	125	45	8.0544	0.5967	44.574	24.6706	31.6931
4	9	c	7/18/2004	11:34	-152.07833	58.98833	125	46	8.0423	0.5876	45.565	24.6731	31.6941
4	9	c	7/18/2004	11:34	-152.07833	58.98833	125	47	8.0357	0.5819	46.555	24.6753	31.6956
4	9	c	7/18/2004	11:34	-152.07833	58.98833	125	48	8.0103	0.585	47.546	24.681	31.6982
4	9	c	7/18/2004	11:34	-152.07833	58.98833	125	49	7.952	0.5776	48.536	24.6958	31.7065
4	9	c	7/18/2004	11:34	-152.07833	58.98833	125	50	7.9449	0.5816	49.527	24.6975	31.7074
4	9	c	7/18/2004	11:34	-152.07833	58.98833	125	51	7.9406	0.5814	50.517	24.6987	31.7081
4	9	c	7/18/2004	11:34	-152.07833	58.98833	125	52	7.9515	0.5728	51.508	24.695	31.7055
4	9	c	7/18/2004	11:34	-152.07833	58.98833	125	53	7.9552	0.5954	52.498	24.6942	31.7049
4	9	c	7/18/2004	11:34	-152.07833	58.98833	125	54	7.9492	0.5697	53.488	24.6953	31.7054
4	9	c	7/18/2004	11:34	-152.07833	58.98833	125	55	7.9469	0.5722	54.479	24.6965	31.7064
4	9	c	7/18/2004	11:34	-152.07833	58.98833	125	56	7.9452	0.567	55.469	24.697	31.7068
4	9	c	7/18/2004	11:34	-152.07833	58.98833	125	57	7.953	0.5718	56.459	24.6947	31.7051
4	9	c	7/18/2004	11:34	-152.07833	58.98833	125	58	7.9483	0.5825	57.45	24.6962	31.7062
4	9	c	7/18/2004	11:34	-152.07833	58.98833	125	59	7.946	0.5753	58.44	24.6967	31.7064
4	9	c	7/18/2004	11:34	-152.07833	58.98833	125	60	7.9457	0.5708	59.43	24.6967	31.7063
4	9	c	7/18/2004	11:34	-152.07833	58.98833	125	61	7.9436	0.5752	60.421	24.697	31.7063
4	9	c	7/18/2004	11:34	-152.07833	58.98833	125	62	7.9413	0.5685	61.411	24.6983	31.7076
4	9	c	7/18/2004	11:34	-152.07833	58.98833	125	63	7.9423	0.5667	62.402	24.6978	31.7071
4	9	c	7/18/2004	11:34	-152.07833	58.98833	125	64	7.9292	0.5654	63.392	24.7012	31.709
4	9	c	7/18/2004	11:34	-152.07833	58.98833	125	65	7.9246	0.5805	64.382	24.7019	31.7091
4	9	c	7/18/2004	11:34	-152.07833	58.98833	125	66	7.9127	0.5742	65.372	24.7046	31.7103
4	9	c	7/18/2004	11:34	-152.07833	58.98833	125	67	7.8978	0.5674	66.363	24.709	31.7133
4	9	c	7/18/2004	11:34	-152.07833	58.98833	125	68	7.8282	0.581	67.353	24.7235	31.7192
4	9	c	7/18/2004	11:34	-152.07833	58.98833	125	69	7.8385	0.5647	68.344	24.7252	31.7232
4	9	c	7/18/2004	11:34	-152.07833	58.98833	125	70	7.7795	0.5548	69.334	24.7369	31.7275
4	9	c	7/18/2004	11:34	-152.07833	58.98833	125	71	7.7307	0.5476	70.324	24.7509	31.7367
4	9	c	7/18/2004	11:34	-152.07833	58.98833	125	72	7.7262	0.5457	71.314	24.7517	31.7369
4	9	c	7/18/2004	11:34	-152.07833	58.98833	125	73	7.7145	0.5366	72.305	24.7541	31.7379
4	9	c	7/18/2004	11:34	-152.07833	58.98833	125	74	7.7054	0.5445	73.295	24.7565	31.7393
4	9	c	7/18/2004	11:34	-152.07833	58.98833	125	75	7.7036	0.5456	74.285	24.757	31.7395
4	9	c	7/18/2004	11:34	-152.07833	58.98833	125	76	7.7147	0.5475	75.276	24.7537	31.7373
4	9	c	7/18/2004	11:34	-152.07833	58.98833	125	77	7.7073	0.5396	76.266	24.7557	31.7386
4	9	c	7/18/2004	11:34	-152.07833	58.98833	125	78	7.7125	0.5422	77.256	24.7543	31.7377
4	9	c	7/18/2004	11:34	-152.07833	58.98833	125	79	7.7111	0.544	78.247	24.7545	31.7376
4	9	c	7/18/2004	11:34	-152.07833	58.98833	125	80	7.7121	0.5779	79.237	24.7547	31.7381
4	9	c	7/18/2004	11:34	-152.07833	58.98833	125	81	7.7089	0.5488	80.227	24.7551	31.7379
4	9	c	7/18/2004	11:34	-152.07833	58.98833	125	82	7.7132	0.5392	81.217	24.7539	31.7372
4	9	c	7/18/2004	11:34	-152.07833	58.98833	125	83	7.7106	0.5351	82.208	24.7547	31.7377
4	9	c	7/18/2004	11:34	-152.07833	58.98833	125	84	7.7273	0.5379	83.198	24.7508	31.7357
4	9	c	7/18/2004	11:34	-152.07833	58.98833	125	85	7.725	0.5527	84.188	24.7511	31.7357
4	9	c	7/18/2004	11:34	-152.07833	58.98833	125	86	7.7199	0.5403	85.178	24.7524	31.7365
4	9	c	7/18/2004	11:34	-152.07833	58.98833	125	87	7.7039	0.5388	86.168	24.7565	31.7388
4	9	c	7/18/2004	11:34	-152.07833	58.98833	125	88	7.6827	0.5327	87.159	24.7608	31.7406
4	9	c	7/18/2004	11:34	-152.07833	58.98833	125	89	7.6723	0.5386	88.149	24.766	31.7453
4	9	c	7/18/2004	11:34	-152.07833	58.98833	125	90	7.6979	0.5358	89.139	24.7579	31.7395
4	9	c	7/18/2004	11:34	-152.07833	58.98833	125	91	7.6733	0.5417	90.129	24.7644	31.7434
4	9	c	7/18/2004	11:34	-152.07833	58.98833	125	92	7.6751	0.5341	91.12	24.7637	31.7428
4	9	c	7/18/2004	11:34	-152.07833	58.98833	125	93	7.6663	0.5371	92.11	24.7645	31.7422
4	9	c	7/18/2004	11:34	-152.07833	58.98833	125	94	7.6255	0.5279	93.1	24.7761	31.7497
4	9	c	7/18/2004	11:34	-152.07833	58.98833	125	95	7.6286	0.5263	94.09	24.7751	31.749
4	9	c	7/18/2004	11:34	-152.07833	58.98833	125	96	7.6063	0.5319	95.08	24.7798	31.7511
4	9	c	7/18/2004	11:34	-152.07833	58.98833	125	97	7.6036	0.5229	96.071	24.7808	31.7518
4	9	c	7/18/2004	11:34	-152.07833	58.98833	125	98	7.6063	0.5305	97.061	24.7806	31.7521
4	9	c	7/18/2004	11:34	-152.07833	58.98833	125	99	7.6105	0.5277	98.051	24.7788	31.7505
4	9	c	7/18/2004	11:34	-152.07833	58.98833	125	100	7.6077	0.5239	99.041	24.7799	31.7514
4	9	c	7/18/2004	11:34	-152.07833	58.98833	125	101	7.6098	0.5216	100.031	24.7788	31.7503
4	11	c	7/18/2004	11:34	-152.14167	58.925	87	1	8.2688	0.5294	0.991	24.5388	31.565
4	11	c	7/18/2004	11:34	-152.14167	58.925	87	2	8.2549	0.5543	1.981	24.6224	31.6693
4	11	c	7/18/2004	11:34	-152.14167	58.925	87	3	8.2558	0.5624	2.972	24.6213	31.6681
4	11	c	7/18/2004	11:34	-152.14167	58.925	87	4	8.2873	0.5747	3.963	24.6151	31.6659
4	11	c	7/18/2004	11:34	-152.14167	58.925	87	5	8.2007	0.572	4.953	24.6343	31.6743
4	11	c	7/18/2004	11:34	-152.14167	58.925	87	6	8.2331	0.5669	5.944	24.6271	31.6712
4	11	c	7/18/2004	11:34	-152.14167	58.925	87	7	8.1361	0.5684	6.935	24.6505	31.6831
4	11	c	7/18/2004	11:34	-152.14167	58.925	87	8	8.1366	0.5611	7.925	24.65	31.6825
4	11	c	7/18/2004	11:34	-152.14167	58.925	87	9	8.1321	0.5665	8.916	24.6507	31.6826
4	11	c	7/18/2004	11:34	-152.14167	58.925	87	10	8.1289	0.5699	9.906	24.6508	31.6821
4	11	c	7/18/2004	11:34	-152.14167	58.925	87	11	8.1297	0.5681	10.897	24.6505	31.6818
4	11	c	7/18/2004	11:34	-152.14167	58.925	87	12	8.13	0.5718	11.887	24.6498	31.681
4	11	c	7/18/2004	11:34	-152.14167	58.925	87	13	8.1292	0.5728	12.878	24.65	31.6811
4	11	c	7/18/2004	11:34	-152.14167	58.925	87	14	8.1311	0.5618	13.869	24.6494	31.6807
4	11	c	7/18/2004	11:34	-152.14167	58.925	87	15	8.1347	0.5635	14.859	24.6482	31.6799
4	11	c	7/18/2004	11:34	-152.14167	58.925	87	16	8.1336	0.5692	15.85	24.6488	31.6804
4	11	c	7/18/2004	11:34	-152.14167	58.925	87	17	8.1352	0.5714	16.84	24.6483	31.68
4	11	c	7/18/2004	11:34	-152.14167	58.925	87	18	8.1378	0.5569	17.831	24.6475	31.6794
4	11	c	7/18/2004	11:34	-152.14167	58.925	87	19	8.1347	0.5516	18.822	24.6484	31.68
4	11	c	7/18/2004	11:34	-152.14167	58.925	87	20	8.1333	0.5559	19.812	24.6485	31.6798
4	11	c	7/18/2004	11:34	-152.14167	58.925	87	21	8.1326	0.5524	20.803	24.6489	31.6801
4	11	c	7/18/2004	11:34	-152.14167	58.925	87	22	8.1326	0.5598	21.793	24.6486	31.6798
4	11	c	7/18/2004	11:34	-152.14167	58.925	87	23	8.1447	0.5586	22.784	24.6459	31.6785
4	11	c	7/18/2004	11:34	-152.14167	58.925	87	24	8.1483	0.5586	23.774	24.6447	31.6777
4	11	c	7/18/2004	11:34	-152.14167	58.925	87	25	8.1466	0.5671	24.765	24.6452	31.678
4	11	c	7/18/2004	11:34	-152.14167	58.925	87	26	8.1454	0.5599	25.755	24.6458	31.6784
4	11	c	7/18/2004	11:34	-152.14167	58.925	87	27	8.1436	0.5597	26.746	24.6462	31.6787
4	11	c	7/18/2004	11:34	-152.14167	58.925	87	28	8.1436	0.5579	27.736	24.6459	31.6782
4	11	c	7/18/2004	11:34	-152.14167	58.925	87	29	8.1442	0.5525	28.727	24.6459	31.6784
4	11	c	7/18/2004	11:34	-152.14167	58.925	87	30	8.142	0.5598	29.717	24.6464	31.6786
4	11	c	7/18/2004	11:34	-152.14167	58.925	87	31	8.1413	0.55	30.708	24.6466	31.6786
4	11	c	7/18/2004	11:34	-152.14167	58.925	87	32	8.143	0.5601	31.698	24.6463	31.6786
4	11	c	7/18/2004	11:34	-152.14167	58.925	87	33	8.1426	0.5581	32.689	24.6466	31.6789
4	11	c	7/18/2004	11:34	-152.14167	58.925	87	34	8.1421	0.5745	33.679	24.6462	31.6783
4	11	c	7/18/2004	11:34	-152.14167	58.925	87	35	8.1443	0.5608	34.67	24.6459	31.6783
4	11	c	7/18/2004	11:34	-152.14167	58.925	87	36	8.1439	0.5651	35.66	24.646	31.6783
4	11	c	7/18/2004	11:34	-152.14167	58.925	87	37	8.1432	0.5633	36.651	24.6462	31.6784
4	11	c	7/18/2004	11:34	-152.14167	58.925	87	38	8.1414	0.5541	37.641	24.6468	31.6788
4	11	c	7/18/2004	11:34	-152.14167	58.925	87	39	8.1405	0.5567	38.632	24.6468	31.6786
4	11	c	7/18/2004	11:34	-152.14167	58.925	87	40	8.1102	0.5501	39.622	24.6542	31.6825
4	11	c	7/18/2004	11:34	-152.14167	58.925	87	41	8.109	0.551	40.613	24.6547	31.6829
4	11	c	7/18/2004	11:34	-152.14167	58.925	87	42	8.1196	0.5495	41.603	24.6523	31.6818
4	11	c	7/18/2004	11:34	-152.14167	58.925	87	43	8.1254	0.5534	42.594	24.6506	31.6807
4	11	c	7/18/2004	11:34	-152.14167	58.925	87	44	8.0966	0.5402	43.584	24.6571	31.6837
4	11	c	7/18/2004	11:34	-152.14167	58.925	87	45	8.0972	0.5436	44.574	24.6573	31.684
4	11	c	7/18/2004	11:34	-152.14167	58.925	87	46	8.0968	0.5428	45.565	24.6574	31.6841
4	11	c	7/18/2004	11:34	-152.14167	58.925	87	47	8.1021	0.5421	46.555	24.6558	31.6828
4	11	c	7/18/2004	11:34	-152.14167	58.925	87	48	8.0815	0.5396	47.546	24.6613	31.6862
4	11	c	7/18/2004	11:34	-152.14167	58.925	87	49	8.0619	0.5369	48.536	24.666	31.6886
4	11	c	7/18/2004	11:34	-152.14167	58.925	87	50	8.0622	0.5315	49.527	24.6661	31.6887
4	11	c	7/18/2004	11:34	-152.14167	58.925	87	51	8.0601	0.5278	50.517	24.6662	31.6885
4	11	c	7/18/2004	11:34	-152.14167	58.925	87	52	8.0651	0.5278	51.507	24.6652	31.688
4	11	c	7/18/2004	11:34	-152.14167	58.925	87	53	8.0642	0.5295	52.498	24.6655	31.6883
4	11	c	7/18/2004	11:34	-152.14167	58.925	87	54	8.0644	0.5407	53.488	24.6656	31.6884
4	11	c	7/18/2004	11:34	-152.14167	58.925	87	55	8.0635	0.5361	54.479	24.6659	31.6887
4	11	c	7/18/2004	11:34	-152.14167	58.925	87	56	8.065	0.5473	55.469	24.6654	31.6882
4	11	c	7/18/2004	11:34	-152.14167	58.925	87	57	8.0665	0.5242	56.459	24.665	31.6879
4	11	c	7/18/2004	11:34	-152.14167	58.925	87	58	8.0676	0.5336	57.45	24.6647	31.6877
4	11	c	7/18/2004	11:34	-152.14167	58.925	87	59	8.0672	0.5285	58.44	24.6646	31.6876
4	11	c	7/18/2004	11:34	-152.14167	58.925	87	60	8.0622	0.5328	59.43	24.6658	31.6882
4	11	c	7/18/2004	11:34	-152.14167	58.925	87	61	8.0672	0.5194	60.421	24.6647	31.6877
4	11	c	7/18/2004	11:34	-152.14167	58.925	87	62	8.0692	0.5309	61.411	24.6643	31.6875
4	11	c	7/18/2004	11:34	-152.14167	58.925	87	63	8.0779	0.5493	62.402	24.6622	31.6864
4	11	c	7/18/2004	11:34	-152.14167	58.925	87	64	8.0828	0.5277	63.392	24.6607	31.6854
4	11	c	7/18/2004	11:34	-152.14167	58.925	87	65	8.0843	0.5341	64.382	24.6605	31.6854
4	11	c	7/18/2004	11:34	-152.14167	58.925	87	66	8.0813	0.5243	65.373	24.6616	31.6861
4	11	c	7/18/2004	11:34	-152.14167	58.925	87	67	8.0786	0.5322	66.363	24.6621	31.6863
4	11	c	7/18/2004	11:34	-152.14167	58.925	87	68	8.0802	0.5354	67.353	24.6621	31.6865
4	11	c	7/18/2004	11:34	-152.14167	58.925	87	69	8.0815	0.5312	68.343	24.6614	31.6858
4	11	c	7/18/2004	11:34	-152.14167	58.925	87	70	8.0664	0.5337	69.334	24.665	31.6877
4	11	c	7/18/2004	11:34	-152.14167	58.925	87	71	8.0687	0.5278	70.324	24.6643	31.6872
4	11	c	7/18/2004	11:34	-152.14167	58.925	87	72	8.067	0.5263	71.314	24.6649	31.6876
4	11	c	7/18/2004	11:34	-152.14167	58.925	87	73	8.0579	0.5248	72.305	24.6671	31.6887
4	11	c	7/18/2004	11:34	-152.14167	58.925	87	74	8.0446	0.522	73.295	24.6704	31.6906
4	11	c	7/18/2004	11:34	-152.14167	58.925	87	75	8.0457	0.5241	74.285	24.67	31.6902
4	11	c	7/18/2004	11:34	-152.14167	58.925	87	76	8.0467	0.523	75.276	24.6695	31.6898
4	11	c	7/18/2004	11:34	-152.14167	58.925	87	77	8.0437	0.5233	76.266	24.6701	31.69
4	13	c	7/18/2004	11:34	-152.1867	58.86167	91	1	9.3362	0.6883	0.991	24.3692	31.5546
4	13	c	7/18/2004	11:34	-152.1867	58.86167	91	2	9.3245	0.6909	1.981	24.3488	31.5261
4	13	c	7/18/2004	11:34	-152.1867	58.86167	91	3	9.0659	0.7061	2.972	24.4215	31.5678
4	13	c	7/18/2004	11:34	-152.1867	58.86167	91	4	8.9369	0.7097	3.963	24.454	31.5839
4	13	c	7/18/2004	11:34	-152.1867	58.86167	91	5	8.7403	0.6965	4.953	24.5038	31.6095
4	13	c	7/18/2004	11:34	-152.1867	58.86167	91	6	8.6226	0.6505	5.944	24.532	31.623
4	13	c	7/18/2004	11:34	-152.1867	58.86167	91	7	8.5858	0.6569	6.935	24.5387	31.6245
4	13	c	7/18/2004	11:34	-152.1867	58.86167	91	8	8.4026	0.6242	7.925	24.5847	31.6486
4	13	c	7/18/2004	11:34	-152.1867	58.86167	91	9	8.325	0.5908	8.916	24.6024	31.6566
4	13	c	7/18/2004	11:34	-152.1867	58.86167	91	10	8.2833	0.5881	9.906	24.6115	31.6605
4	13	c	7/18/2004	11:34	-152.1867	58.86167	91	11	8.2792	0.5861	10.897	24.6117	31.6599
4	13	c	7/18/2004	11:34	-152.1867	58.86167	91	12	8.2706	0.5773	11.887	24.6135	31.6606
4	13	c	7/18/2004	11:34	-152.1867	58.86167	91	13	8.2618	0.5736	12.878	24.615	31.6609
4	13	c	7/18/2004	11:34	-152.1867	58.86167	91	14	8.2128	0.5631	13.869	24.6269	31.667
4	13	c	7/18/2004	11:34	-152.1867	58.86167	91	15	8.1813	0.554	14.859	24.6348	31.6713
4	13	c	7/18/2004	11:34	-152.1867	58.86167	91	16	8.1724	0.5461	15.85	24.6366	31.6719
4	13	c	7/18/2004	11:34	-152.1867	58.86167	91	17	8.1799	0.5594	16.84	24.6344	31.6705
4	13	c	7/18/2004	11:34	-152.1867	58.86167	91	18	8.1626	0.5562	17.831	24.6375	31.6712
4	13	c	7/18/2004	11:34	-152.1867	58.86167	91	19	8.0785	0.5353	18.822	24.66	31.6845
4	13	c	7/18/2004	11:34	-152.1867	58.86167	91	20	8.0584	0.5223	19.812	24.6652	31.6874
4	13	c	7/18/2004	11:34	-152.1867	58.86167	91	21	8.0578	0.5246	20.803	24.6652	31.6873
4	13	c	7/18/2004	11:34	-152.1867	58.86167	91	22	8.0508	0.5308	21.793	24.6665	31.6876
4	13	c	7/18/2004	11:34	-152.1867	58.86167	91	23	8.0416	0.5244	22.784	24.6693	31.6894
4	13	c	7/18/2004	11:34	-152.1867	58.86167	91	24	8.0415	0.5196	23.774	24.669	31.6891
4	13	c	7/18/2004	11:34	-152.1867	58.86167	91	25	8.0419	0.52	24.765	24.6687	31.6888
4	13	c	7/18/2004	11:34	-152.1867	58.86167	91	26	8.041	0.529	25.755	24.6692	31.6892
4	13	c	7/18/2004	11:34	-152.1867	58.86167	91	27	8.0401	0.5283	26.746	24.6695	31.6894
4	13	c	7/18/2004	11:34	-152.1867	58.86167	91	28	8.0391	0.5126	27.736	24.6702	31.69
4	13	c	7/18/2004	11:34	-152.1867	58.86167	91	29	8.04	0.5149	28.727	24.6695	31.6894
4	13	c	7/18/2004	11:34	-152.1867	58.86167	91	30	8.04	0.5134	29.718	24.6699	31.6898
4	13	c	7/18/2004	11:34	-152.1867	58.86167	91	31	8.0411	0.5229	30.708	24.6688	31.6887
4	13	c	7/18/2004	11:34	-152.1867	58.86167	91	32	8.0403	0.5214	31.698	24.6694	31.6892
4	13	c	7/18/2004	11:34	-152.1867	58.86167	91	33	8.0406	0.5208	32.689	24.6693	31.6891
4	13	c	7/18/2004	11:34	-152.1867	58.86167	91	34	8.0398	0.5191	33.68	24.6694	31.6891
4	13	c	7/18/2004	11:34	-152.1867	58.86167	91	35	8.0177	0.5119	34.67	24.6759	31.6933
4	13	c	7/18/2004	11:34	-152.1867	58.86167	91	36	7.972	0.5144	35.66	24.6898	31.7028
4	13	c	7/18/2004	11:34	-152.1867	58.86167	91	37	7.9665	0.5083	36.651	24.6921	31.7047
4	13	c	7/18/2004	11:34	-152.1867	58.86167	91	38	7.962	0.5006	37.641	24.6922	31.704
4	13	c	7/18/2004	11:34	-152.1867	58.86167	91	39	7.9016	0.499	38.632	24.7107	31.7166
4	13	c	7/18/2004	11:34	-152.1867	58.86167	91	40	7.9022	0.5023	39.622	24.7103	31.7162
4	13	c	7/18/2004	11:34	-152.1867	58.86167	91	41	7.9012	0.4925	40.613	24.7106	31.7164
4	13	c	7/18/2004	11:34	-152.1867	58.86167	91	42	7.8968	0.4955	41.603	24.7117	31.717
4	13	c	7/18/2004	11:34	-152.1867	58.86167	91	43	7.8955	0.4921	42.594	24.712	31.7171
4	13	c	7/18/2004	11:34	-152.1867	58.86167	91	44	7.8954	0.4927	43.584	24.712	31.7171
4	13	c	7/18/2004	11:34	-152.1867	58.86167	91	45	7.902	0.4886	44.574	24.7105	31.7163
4	13	c	7/18/2004	11:34	-152.1867	58.86167	91	46	7.8959	0.4912	45.565	24.7114	31.7164
4	13	c	7/18/2004	11:34	-152.1867	58.86167	91	47	7.8967	0.4931	46.555	24.7119	31.7172
4	13	c	7/18/2004	11:34	-152.1867	58.86167	91	48	7.9086	0.4962	47.546	24.7079	31.7141
4	13	c	7/18/2004	11:34	-152.1867	58.86167	91	49	7.9085	0.4952	48.536	24.708	31.7143
4	13	c	7/18/2004	11:34	-152.1867	58.86167	91	50	7.8702	0.4841	49.527	24.7191	31.7215
4	13	c	7/18/2004	11:34	-152.1867	58.86167	91	51	7.8543	0.4795	50.517	24.7233	31.724
4	13	c	7/18/2004	11:34	-152.1867	58.86167	91	52	7.8032	0.4768	51.507	24.7387	31.7343
4	13	c	7/18/2004	11:34	-152.1867	58.86167	91	53	7.7786	0.4683	52.498	24.7455	31.7387
4	13	c	7/18/2004	11:34	-152.1867	58.86167	91	54	7.7622	0.4677	53.488	24.7501	31.7415
4	13	c	7/18/2004	11:34	-152.1867	58.86167	91	55	7.7738	0.4687	54.479	24.7466	31.7392
4	13	c	7/18/2004	11:34	-152.1867	58.86167	91	56	7.7487	0.4661	55.469	24.7541	31.7442
4	13	c	7/18/2004	11:34	-152.1867	58.86167	91	57	7.7011	0.4569	56.459	24.7678	31.7532
4	13	c	7/18/2004	11:34	-152.1867	58.86167	91	58	7.7273	0.4611	57.45	24.7598	31.7476
4	13	c	7/18/2004	11:34	-152.1867	58.86167	91	59	7.6616	0.4574	58.44	24.7775	31.7585
4	13	c	7/18/2004	11:34	-152.1867	58.86167	91	60	7.5829	0.4531	59.43	24.8005	31.7738
4	13	c	7/18/2004	11:34	-152.1867	58.86167	91	61	7.616	0.4444	60.421	24.7901	31.7666
4	13	c	7/18/2004	11:34	-152.1867	58.86167	91	62	7.5972	0.4478	61.411	24.7951	31.7695
4	13	c	7/18/2004	11:34	-152.1867	58.86167	91	63	7.5813	0.4465	62.402	24.7978	31.7701
4	13	c	7/18/2004	11:34	-152.1867	58.86167	91	64	7.5467	0.4432	63.392	24.8078	31.7767
4	13	c	7/18/2004	11:34	-152.1867	58.86167	91	65	7.5239	0.4465	64.382	24.8133	31.7797
4	13	c	7/18/2004	11:34	-152.1867	58.86167	91	66	7.5098	0.4414	65.373	24.8166	31.7815
4	13	c	7/18/2004	11:34	-152.1867	58.86167	91	67	7.5081	0.4381	66.363	24.8171	31.7819
4	13	c	7/18/2004	11:34	-152.1867	58.86167	91	68	7.505	0.4397	67.353	24.8177	31.7821
4	13	c	7/18/2004	11:34	-152.1867	58.86167	91	69	7.5159	0.4415	68.344	24.8153	31.7808
4	13	c	7/18/2004	11:34	-152.1867	58.86167	91	70	7.5191	0.4429	69.334	24.8146	31.7806
4	13	c	7/18/2004	11:34	-152.1867	58.86167	91	71	7.4869	0.4354	70.324	24.8213	31.7834
4	13	c	7/18/2004	11:34	-152.1867	58.86167	91	72	7.4271	0.4324	71.314	24.8349	31.7903
4	13	c	7/18/2004	11:34	-152.1867	58.86167	91	73	7.4341	0.4354	72.305	24.834	31.7903
4	13	c	7/18/2004	11:34	-152.1867	58.86167	91	74	7.4159	0.4326	73.295	24.8378	31.792
4	13	c	7/18/2004	11:34	-152.1867	58.86167	91	75	7.4066	0.4298	74.285	24.8393	31.7923
4	13	c	7/18/2004	11:34	-152.1867	58.86167	91	76	7.3269	0.4272	75.276	24.8585	31.803
4	13	c	7/18/2004	11:34	-152.1867	58.86167	91	77	7.3376	0.4286	76.266	24.8555	31.801
4	13	c	7/18/2004	11:34	-152.1867	58.86167	91	78	7.33	0.4231	77.256	24.8577	31.8024
4	13	c	7/18/2004	11:34	-152.1867	58.86167	91	77	7.4108	0.4135	76.272	24.8176	31.7659
4	15	c	7/18/2004	11:34	-152.22667	58.79833	122	1	10.4364	0.7603	0.991	24.0486	31.3728
4	15	c	7/18/2004	11:34	-152.22667	58.79833	122	2	10.2634	0.7682	1.981	24.0821	31.3787
4	15	c	7/18/2004	11:34	-152.22667	58.79833	122	3	9.9931	0.8509	2.972	24.1508	31.4094
4	15	c	7/18/2004	11:34	-152.22667	58.79833	122	4	9.9684	0.8639	3.962	24.1569	31.412
4	15	c	7/18/2004	11:34	-152.22667	58.79833	122	5	9.9427	0.8807	4.953	24.1638	31.4155
4	15	c	7/18/2004	11:34	-152.22667	58.79833	122	6	9.9098	0.8724	5.944	24.1744	31.4223
4	15	c	7/18/2004	11:34	-152.22667	58.79833	122	7	9.8277	0.8743	6.934	24.2012	31.4395
4	15	c	7/18/2004	11:34	-152.22667	58.79833	122	8	9.7161	0.8652	7.925	24.2363	31.4614
4	15	c	7/18/2004	11:34	-152.22667	58.79833	122	9	9.6778	0.8819	8.916	24.2477	31.4681
4	15	c	7/18/2004	11:34	-152.22667	58.79833	122	10	9.6428	0.8831	9.906	24.2573	31.4733
4	15	c	7/18/2004	11:34	-152.22667	58.79833	122	11	9.596	0.861	10.897	24.2719	31.4823
4	15	c	7/18/2004	11:34	-152.22667	58.79833	122	12	9.4843	0.8307	11.887	24.3075	31.5052
4	15	c	7/18/2004	11:34	-152.22667	58.79833	122	13	9.383	0.8284	12.878	24.3386	31.5245
4	15	c	7/18/2004	11:34	-152.22667	58.79833	122	14	9.2568	0.7877	13.869	24.3736	31.544
4	15	c	7/18/2004	11:34	-152.22667	58.79833	122	15	9.1597	0.7367	14.859	24.4008	31.5594
4	15	c	7/18/2004	11:34	-152.22667	58.79833	122	16	9.092	0.7163	15.85	24.421	31.5719
4	15	c	7/18/2004	11:34	-152.22667	58.79833	122	17	9.0776	0.7195	16.84	24.4263	31.5758
4	15	c	7/18/2004	11:34	-152.22667	58.79833	122	18	9.0567	0.7043	17.831	24.4318	31.5787
4	15	c	7/18/2004	11:34	-152.22667	58.79833	122	19	9.0428	0.7064	18.821	24.4348	31.5798
4	15	c	7/18/2004	11:34	-152.22667	58.79833	122	20	8.9832	0.6868	19.812	24.4511	31.5889
4	15	c	7/18/2004	11:34	-152.22667	58.79833	122	21	8.9559	0.6606	20.803	24.4585	31.5931
4	15	c	7/18/2004	11:34	-152.22667	58.79833	122	22	8.9426	0.6667	21.793	24.4629	31.596
4	15	c	7/18/2004	11:34	-152.22667	58.79833	122	23	8.9421	0.6645	22.784	24.4629	31.5959
4	15	c	7/18/2004	11:34	-152.22667	58.79833	122	24	8.9428	0.6811	23.774	24.4623	31.5953
4	15	c	7/18/2004	11:34	-152.22667	58.79833	122	25	8.944	0.6642	24.765	24.4617	31.5947
4	15	c	7/18/2004	11:34	-152.22667	58.79833	122	26	8.9442	0.6711	25.755	24.4613	31.5943
4	15	c	7/18/2004	11:34	-152.22667	58.79833	122	27	8.9464	0.6815	26.746	24.4604	31.5934
4	15	c	7/18/2004	11:34	-152.22667	58.79833	122	28	8.9504	0.6728	27.737	24.4589	31.5923
4	15	c	7/18/2004	11:34	-152.22667	58.79833	122	29	8.9471	0.6844	28.727	24.4602	31.5933
4	15	c	7/18/2004	11:34	-152.22667	58.79833	122	30	8.9466	0.6848	29.717	24.4603	31.5934
4	15	c	7/18/2004	11:34	-152.22667	58.79833	122	31	8.9365	0.656	30.708	24.4651	31.5975
4	15	c	7/18/2004	11:34	-152.22667	58.79833	122	32	8.936	0.6567	31.698	24.4667	31.5994
4	15	c	7/18/2004	11:34	-152.22667	58.79833	122	33	8.8703	0.6315	32.689	24.4847	31.6097
4	15	c	7/18/2004	11:34	-152.22667	58.79833	122	34	8.8007	0.6036	33.679	24.502	31.6182
4	15	c	7/18/2004	11:34	-152.22667	58.79833	122	35	8.8249	0.6016	34.67	24.4961	31.6153
4	15	c	7/18/2004	11:34	-152.22667	58.79833	122	36	8.7505	0.5928	35.66	24.5108	31.6198
4	15	c	7/18/2004	11:34	-152.22667	58.79833	122	37	8.5812	0.5486	36.651	24.5559	31.645
4	15	c	7/18/2004	11:34	-152.22667	58.79833	122	38	8.5411	0.524	37.641	24.5646	31.6485
4	15	c	7/18/2004	11:34	-152.22667	58.79833	122	39	8.5135	0.5233	38.632	24.571	31.6514
4	15	c	7/18/2004	11:34	-152.22667	58.79833	122	40	8.503	0.5227	39.622	24.5731	31.6521
4	15	c	7/18/2004	11:34	-152.22667	58.79833	122	41	8.4944	0.5186	40.613	24.5749	31.6528
4	15	c	7/18/2004	11:34	-152.22667	58.79833	122	42	8.4784	0.5138	41.603	24.5783	31.6541
4	15	c	7/18/2004	11:34	-152.22667	58.79833	122	43	8.4413	0.5025	42.594	24.5867	31.6578
4	15	c	7/18/2004	11:34	-152.22667	58.79833	122	44	8.3684	0.4867	43.584	24.6036	31.6657
4	15	c	7/18/2004	11:34	-152.22667	58.79833	122	45	8.3306	0.4822	44.574	24.6114	31.6686
4	15	c	7/18/2004	11:34	-152.22667	58.79833	122	46	8.3074	0.4787	45.565	24.6168	31.6711
4	15	c	7/18/2004	11:34	-152.22667	58.79833	122	47	8.2903	0.4703	46.555	24.6198	31.6717
4	15	c	7/18/2004	11:34	-152.22667	58.79833	122	48	8.2796	0.4763	47.546	24.6215	31.6719
4	15	c	7/18/2004	11:34	-152.22667	58.79833	122	49	8.2654	0.4657	48.536	24.624	31.6724
4	15	c	7/18/2004	11:34	-152.22667	58.79833	122	50	8.2453	0.4704	49.527	24.6271	31.6727
4	15	c	7/18/2004	11:34	-152.22667	58.79833	122	51	8.2409	0.4631	50.517	24.6273	31.6721
4	15	c	7/18/2004	11:34	-152.22667	58.79833	122	52	8.2246	0.4633	51.507	24.6291	31.6713
4	15	c	7/18/2004	11:34	-152.22667	58.79833	122	53	8.2065	0.4575	52.498	24.6316	31.6712
4	15	c	7/18/2004	11:34	-152.22667	58.79833	122	54	8.1964	0.4609	53.488	24.6327	31.6707
4	15	c	7/18/2004	11:34	-152.22667	58.79833	122	55	8.1909	0.455	54.478	24.6332	31.6703
4	15	c	7/18/2004	11:34	-152.22667	58.79833	122	56	8.1781	0.4533	55.469	24.6355	31.6708
4	15	c	7/18/2004	11:34	-152.22667	58.79833	122	57	8.1664	0.4558	56.459	24.6372	31.6708
4	15	c	7/18/2004	11:34	-152.22667	58.79833	122	58	8.1622	0.453	57.45	24.6379	31.671
4	15	c	7/18/2004	11:34	-152.22667	58.79833	122	59	8.1586	0.452	58.44	24.6382	31.6707
4	15	c	7/18/2004	11:34	-152.22667	58.79833	122	60	8.1482	0.4507	59.43	24.6398	31.6708
4	15	c	7/18/2004	11:34	-152.22667	58.79833	122	61	8.1338	0.452	60.421	24.6433	31.6725
4	15	c	7/18/2004	11:34	-152.22667	58.79833	122	62	8.1139	0.4659	61.411	24.6476	31.6744
4	15	c	7/18/2004	11:34	-152.22667	58.79833	122	63	8.0761	0.4528	62.402	24.6545	31.6762
4	15	c	7/18/2004	11:34	-152.22667	58.79833	122	64	8.0549	0.4478	63.392	24.6601	31.6795
4	15	c	7/18/2004	11:34	-152.22667	58.79833	122	65	8.0374	0.4432	64.382	24.6673	31.6855
4	15	c	7/18/2004	11:34	-152.22667	58.79833	122	66	7.9792	0.4393	65.373	24.6858	31.6984
4	15	c	7/18/2004	11:34	-152.22667	58.79833	122	67	7.926	0.4359	66.363	24.6991	31.7057
4	15	c	7/18/2004	11:34	-152.22667	58.79833	122	68	7.8432	0.4344	67.353	24.7189	31.7161
4	15	c	7/18/2004	11:34	-152.22667	58.79833	122	69	7.8166	0.4274	68.344	24.7274	31.7221
4	15	c	7/18/2004	11:34	-152.22667	58.79833	122	70	7.7978	0.4308	69.334	24.7325	31.7252
4	15	c	7/18/2004	11:34	-152.22667	58.79833	122	71	7.7964	0.4237	70.324	24.7328	31.7253
4	15	c	7/18/2004	11:34	-152.22667	58.79833	122	72	7.778	0.4234	71.314	24.7376	31.7282
4	15	c	7/18/2004	11:34	-152.22667	58.79833	122	73	7.6569	0.4252	72.305	24.7725	31.7512
4	15	c	7/18/2004	11:34	-152.22667	58.79833	122	74	7.5935	0.4201	73.295	24.7909	31.7633
4	15	c	7/18/2004	11:34	-152.22667	58.79833	122	75	7.5675	0.4189	74.285	24.7979	31.7677
4	15	c	7/18/2004	11:34	-152.22667	58.79833	122	76	7.5385	0.42	75.276	24.8079	31.7752
4	15	c	7/18/2004	11:34	-152.22667	58.79833	122	77	7.5009	0.4184	76.266	24.8187	31.7824
4	15	c	7/18/2004	11:34	-152.22667	58.79833	122	78	7.4795	0.4154	77.256	24.824	31.7855
4	15	c	7/18/2004	11:34	-152.22667	58.79833	122	79	7.453	0.4172	78.247	24.8292	31.7875
4	15	c	7/18/2004	11:34	-152.22667	58.79833	122	80	7.4474	0.415	79.237	24.8309	31.7886
4	15	c	7/18/2004	11:34	-152.22667	58.79833	122	81	7.431	0.4152	80.227	24.8348	31.7907
4	15	c	7/18/2004	11:34	-152.22667	58.79833	122	82	7.4004	0.4134	81.217	24.8428	31.7956
4	15	c	7/18/2004	11:34	-152.22667	58.79833	122	83	7.3711	0.4103	82.208	24.8491	31.7985
4	15	c	7/18/2004	11:34	-152.22667	58.79833	122	84	7.3344	0.4097	83.198	24.857	31.8023
4	15	c	7/18/2004	11:34	-152.22667	58.79833	122	85	7.2648	0.4089	84.188	24.8721	31.8095
4	15	c	7/18/2004	11:34	-152.22667	58.79833	122	86	7.1982	0.4053	85.178	24.8896	31.8204
4	15	c	7/18/2004	11:34	-152.22667	58.79833	122	87	7.1683	0.4046	86.168	24.897	31.8247
4	15	c	7/18/2004	11:34	-152.22667	58.79833	122	88	7.1473	0.4048	87.159	24.9028	31.8284
4	15	c	7/18/2004	11:34	-152.22667	58.79833	122	89	7.1231	0.4036	88.149	24.9091	31.8323
4	15	c	7/18/2004	11:34	-152.22667	58.79833	122	90	7.0582	0.4059	89.139	24.9237	31.84
4	15	c	7/18/2004	11:34	-152.22667	58.79833	122	91	6.9464	0.4014	90.129	24.9541	31.8599
4	15	c	7/18/2004	11:34	-152.22667	58.79833	122	92	6.9768	0.4007	91.12	24.9452	31.8536
4	15	c	7/18/2004	11:34	-152.22667	58.79833	122	93	6.9057	0.398	92.11	24.9627	31.864
4	15	c	7/18/2004	11:34	-152.22667	58.79833	122	94	6.8572	0.3964	93.1	24.9771	31.8743
4	15	c	7/18/2004	11:34	-152.22667	58.79833	122	95	6.7853	0.3939	94.09	24.9966	31.8871
4	15	c	7/18/2004	11:34	-152.22667	58.79833	122	96	6.7924	0.3939	95.08	24.9945	31.8856
4	15	c	7/18/2004	11:34	-152.22667	58.79833	122	97	6.7974	0.3935	96.071	24.9926	31.884
4	15	c	7/18/2004	11:34	-152.22667	58.79833	122	98	6.8048	0.3939	97.061	24.9898	31.8817
4	15	c	7/18/2004	11:34	-152.22667	58.79833	122	99	6.7424	0.3931	98.051	25.0088	31.8955
4	15	c	7/18/2004	11:34	-152.22667	58.79833	122	100	6.7321	0.3919	99.041	25.0118	31.8977
4	15	c	7/18/2004	11:34	-152.22667	58.79833	122	101	6.7298	0.3923	100.031	25.0126	31.8983
4	15	c	7/18/2004	11:34	-152.22667	58.79833	122	102	6.731	0.3923	101.021	25.0119	31.8976
4	15	c	7/18/2004	11:34	-152.22667	58.79833	122	103	6.7278	0.3917	102.012	25.0127	31.8981
4	15	c	7/18/2004	11:34	-152.22667	58.79833	122	104	6.7282	0.3911	103.002	25.0127	31.8981
4	15	c	7/18/2004	11:34	-152.22667	58.79833	122	105	6.7299	0.3924	103.992	25.0119	31.8974
4	15	c	7/18/2004	11:34	-152.22667	58.79833	122	106	6.7302	0.3917	104.982	25.0118	31.8973
4	15	c	7/18/2004	11:34	-152.22667	58.79833	122	107	6.732	0.3913	105.972	25.0113	31.8969
4	15	c	7/18/2004	11:34	-152.22667	58.79833	122	108	6.7297	0.3918	106.962	25.012	31.8975
4	15	c	7/18/2004	11:34	-152.22667	58.79833	122	109	6.7256	0.3922	107.952	25.0131	31.8982
4	15	c	7/18/2004	11:34	-152.22667	58.79833	122	110	6.7192	0.3909	108.943	25.0151	31.8996
4	15	c	7/18/2004	11:34	-152.22667	58.79833	122	111	6.7164	0.3911	109.933	25.0158	31.9
4	15	c	7/18/2004	11:34	-152.22667	58.79833	122	112	6.7199	0.3918	110.923	25.0151	31.8997
4	17	c	7/18/2004	11:34	-152.26667	58.735	120	1	9.4316	0.4985	0.991	24.3046	31.491
4	17	c	7/18/2004	11:34	-152.26667	58.735	120	2	9.3374	0.5821	1.981	24.3495	31.5296
4	17	c	7/18/2004	11:34	-152.26667	58.735	120	3	9.1792	0.5885	2.972	24.3837	31.5417
4	17	c	7/18/2004	11:34	-152.26667	58.735	120	4	9.1316	0.6419	3.962	24.3924	31.5433
4	17	c	7/18/2004	11:34	-152.26667	58.735	120	5	9.1426	0.6204	4.953	24.3893	31.5416
4	17	c	7/18/2004	11:34	-152.26667	58.735	120	6	9.157	0.65	5.944	24.385	31.5389
4	17	c	7/18/2004	11:34	-152.26667	58.735	120	7	9.1458	0.649	6.934	24.3869	31.5391
4	17	c	7/18/2004	11:34	-152.26667	58.735	120	8	8.9758	0.6563	7.925	24.4161	31.5429
4	17	c	7/18/2004	11:34	-152.26667	58.735	120	9	8.9832	0.6417	8.916	24.4167	31.5452
4	17	c	7/18/2004	11:34	-152.26667	58.735	120	10	8.9718	0.6324	9.906	24.4187	31.5455
4	17	c	7/18/2004	11:34	-152.26667	58.735	120	11	8.9688	0.6402	10.897	24.4182	31.5442
4	17	c	7/18/2004	11:34	-152.26667	58.735	120	12	8.9297	0.6249	11.887	24.423	31.5427
4	17	c	7/18/2004	11:34	-152.26667	58.735	120	13	8.9305	0.6261	12.878	24.4231	31.543
4	17	c	7/18/2004	11:34	-152.26667	58.735	120	14	8.9317	0.615	13.869	24.4245	31.545
4	17	c	7/18/2004	11:34	-152.26667	58.735	120	15	8.9201	0.6141	14.859	24.4246	31.5428
4	17	c	7/18/2004	11:34	-152.26667	58.735	120	16	8.8943	0.6066	15.85	24.421	31.5332
4	17	c	7/18/2004	11:34	-152.26667	58.735	120	17	8.9033	0.6129	16.84	24.4248	31.5398
4	17	c	7/18/2004	11:34	-152.26667	58.735	120	18	8.8127	0.5848	17.831	24.4293	31.528
4	17	c	7/18/2004	11:34	-152.26667	58.735	120	19	8.7329	0.5635	18.821	24.4356	31.5207
4	17	c	7/18/2004	11:34	-152.26667	58.735	120	20	8.7133	0.5499	19.812	24.4418	31.5247
4	17	c	7/18/2004	11:34	-152.26667	58.735	120	21	8.7301	0.551	20.803	24.4374	31.5223
4	17	c	7/18/2004	11:34	-152.26667	58.735	120	22	8.7299	0.5562	21.793	24.4366	31.5213
4	17	c	7/18/2004	11:34	-152.26667	58.735	120	23	8.7156	0.542	22.784	24.4349	31.5163
4	17	c	7/18/2004	11:34	-152.26667	58.735	120	24	8.7109	0.5456	23.774	24.4337	31.5139
4	17	c	7/18/2004	11:34	-152.26667	58.735	120	25	8.6743	0.5312	24.765	24.4379	31.5123
4	17	c	7/18/2004	11:34	-152.26667	58.735	120	26	8.642	0.5378	25.755	24.4482	31.5192
4	17	c	7/18/2004	11:34	-152.26667	58.735	120	27	8.4859	0.5144	26.746	24.4693	31.5167
4	17	c	7/18/2004	11:34	-152.26667	58.735	120	28	8.2938	0.481	27.736	24.5092	31.5315
4	17	c	7/18/2004	11:34	-152.26667	58.735	120	29	8.1918	0.4669	28.727	24.5287	31.5376
4	17	c	7/18/2004	11:34	-152.26667	58.735	120	30	8.1359	0.4494	29.717	24.5401	31.5419
4	17	c	7/18/2004	11:34	-152.26667	58.735	120	31	8.1176	0.4479	30.708	24.5446	31.5442
4	17	c	7/18/2004	11:34	-152.26667	58.735	120	32	8.1087	0.4465	31.698	24.5507	31.5504
4	17	c	7/18/2004	11:34	-152.26667	58.735	120	33	8.0436	0.4616	32.689	24.5823	31.5788
4	17	c	7/18/2004	11:34	-152.26667	58.735	120	34	7.7605	0.4153	33.679	24.6697	31.6392
4	17	c	7/18/2004	11:34	-152.26667	58.735	120	35	7.6949	0.4076	34.67	24.696	31.6611
4	17	c	7/18/2004	11:34	-152.26667	58.735	120	36	7.6743	0.4125	35.66	24.7084	31.6731
4	17	c	7/18/2004	11:34	-152.26667	58.735	120	37	7.6695	0.4069	36.651	24.7208	31.6881
4	17	c	7/18/2004	11:34	-152.26667	58.735	120	38	7.6638	0.4072	37.641	24.7297	31.6984
4	17	c	7/18/2004	11:34	-152.26667	58.735	120	39	7.6514	0.4126	38.632	24.7414	31.7111
4	17	c	7/18/2004	11:34	-152.26667	58.735	120	40	7.6336	0.4176	39.622	24.7586	31.7298
4	17	c	7/18/2004	11:34	-152.26667	58.735	120	41	7.6276	0.4152	40.613	24.7639	31.7355
4	17	c	7/18/2004	11:34	-152.26667	58.735	120	42	7.6112	0.4182	41.603	24.7791	31.752
4	17	c	7/18/2004	11:34	-152.26667	58.735	120	43	7.579	0.4216	42.594	24.8	31.7729
4	17	c	7/18/2004	11:34	-152.26667	58.735	120	44	7.5346	0.4209	43.584	24.8161	31.7856
4	17	c	7/18/2004	11:34	-152.26667	58.735	120	45	7.4585	0.4129	44.575	24.8399	31.8025
4	17	c	7/18/2004	11:34	-152.26667	58.735	120	46	7.2909	0.4028	45.565	24.88	31.8246
4	17	c	7/18/2004	11:34	-152.26667	58.735	120	47	7.1033	0.3838	46.555	24.9229	31.8472
4	17	c	7/18/2004	11:34	-152.26667	58.735	120	48	7.0221	0.3693	47.546	24.944	31.8603
4	17	c	7/18/2004	11:34	-152.26667	58.735	120	49	6.8689	0.3614	48.536	24.9798	31.8802
4	17	c	7/18/2004	11:34	-152.26667	58.735	120	50	6.8408	0.359	49.527	24.9876	31.8855
4	17	c	7/18/2004	11:34	-152.26667	58.735	120	51	6.8065	0.3585	50.517	24.9961	31.8907
4	17	c	7/18/2004	11:34	-152.26667	58.735	120	52	6.762	0.3543	51.507	25.0105	31.9016
4	17	c	7/18/2004	11:34	-152.26667	58.735	120	53	6.7544	0.3526	52.498	25.0116	31.9018
4	17	c	7/18/2004	11:34	-152.26667	58.735	120	54	6.7425	0.3532	53.488	25.0146	31.9037
4	17	c	7/18/2004	11:34	-152.26667	58.735	120	55	6.7049	0.3499	54.479	25.0277	31.914
4	17	c	7/18/2004	11:34	-152.26667	58.735	120	56	6.685	0.3537	55.469	25.0341	31.9189
4	17	c	7/18/2004	11:34	-152.26667	58.735	120	57	6.6754	0.3523	56.459	25.0364	31.9204
4	17	c	7/18/2004	11:34	-152.26667	58.735	120	58	6.6504	0.35	57.45	25.0451	31.9273
4	17	c	7/18/2004	11:34	-152.26667	58.735	120	59	6.6487	0.3536	58.44	25.0453	31.9272
4	17	c	7/18/2004	11:34	-152.26667	58.735	120	60	6.6273	0.3524	59.43	25.0527	31.9331
4	17	c	7/18/2004	11:34	-152.26667	58.735	120	61	6.6251	0.3536	60.421	25.0532	31.9334
4	17	c	7/18/2004	11:34	-152.26667	58.735	120	62	6.6229	0.3535	61.411	25.0539	31.934
4	17	c	7/18/2004	11:34	-152.26667	58.735	120	63	6.6234	0.3526	62.402	25.0535	31.9335
4	17	c	7/18/2004	11:34	-152.26667	58.735	120	64	6.6135	0.3527	63.392	25.0572	31.9365
4	17	c	7/18/2004	11:34	-152.26667	58.735	120	65	6.6188	0.353	64.382	25.055	31.9346
4	17	c	7/18/2004	11:34	-152.26667	58.735	120	66	6.6107	0.3534	65.372	25.058	31.9372
4	17	c	7/18/2004	11:34	-152.26667	58.735	120	67	6.6026	0.3547	66.363	25.061	31.9395
4	17	c	7/18/2004	11:34	-152.26667	58.735	120	68	6.6025	0.3532	67.353	25.0608	31.9394
4	17	c	7/18/2004	11:34	-152.26667	58.735	120	69	6.6001	0.3523	68.344	25.0617	31.94
4	17	c	7/18/2004	11:34	-152.26667	58.735	120	70	6.599	0.3519	69.334	25.0621	31.9404
4	17	c	7/18/2004	11:34	-152.26667	58.735	120	71	6.5981	0.3535	70.324	25.0623	31.9404
4	17	c	7/18/2004	11:34	-152.26667	58.735	120	72	6.599	0.3509	71.314	25.062	31.9402
4	17	c	7/18/2004	11:34	-152.26667	58.735	120	73	6.5978	0.3516	72.305	25.0621	31.9401
4	17	c	7/18/2004	11:34	-152.26667	58.735	120	74	6.5977	0.3532	73.295	25.0622	31.9402
4	17	c	7/18/2004	11:34	-152.26667	58.735	120	75	6.5942	0.3528	74.286	25.0539	31.9291
4	17	c	7/18/2004	11:34	-152.26667	58.735	120	76	6.5893	0.3516	75.276	25.0658	31.9434
4	17	c	7/18/2004	11:34	-152.26667	58.735	120	77	6.587	0.3532	76.266	25.0663	31.9437
4	17	c	7/18/2004	11:34	-152.26667	58.735	120	78	6.5781	0.3531	77.256	25.0696	31.9464
4	17	c	7/18/2004	11:34	-152.26667	58.735	120	79	6.5757	0.3518	78.246	25.0704	31.947
4	17	c	7/18/2004	11:34	-152.26667	58.735	120	80	6.5731	0.3528	79.237	25.0716	31.948
4	17	c	7/18/2004	11:34	-152.26667	58.735	120	81	6.5687	0.3533	80.227	25.0732	31.9495
4	17	c	7/18/2004	11:34	-152.26667	58.735	120	82	6.568	0.3556	81.217	25.0739	31.9501
4	17	c	7/18/2004	11:34	-152.26667	58.735	120	83	6.567	0.3556	82.207	25.0741	31.9503
4	17	c	7/18/2004	11:34	-152.26667	58.735	120	84	6.5685	0.3526	83.198	25.0736	31.9498
4	17	c	7/18/2004	11:34	-152.26667	58.735	120	85	6.562	0.3528	84.188	25.0753	31.9509
4	17	c	7/18/2004	11:34	-152.26667	58.735	120	86	6.5525	0.3521	85.178	25.0783	31.9532
4	17	c	7/18/2004	11:34	-152.26667	58.735	120	87	6.5577	0.3525	86.168	25.0769	31.9523
4	17	c	7/18/2004	11:34	-152.26667	58.735	120	88	6.5563	0.3513	87.159	25.0774	31.9527
4	17	c	7/18/2004	11:34	-152.26667	58.735	120	89	6.5574	0.3529	88.149	25.0775	31.953
4	17	c	7/18/2004	11:34	-152.26667	58.735	120	90	6.5469	0.3518	89.139	25.0806	31.9551
4	17	c	7/18/2004	11:34	-152.26667	58.735	120	91	6.4893	0.3529	90.129	25.0957	31.965
4	17	c	7/18/2004	11:34	-152.26667	58.735	120	92	6.4499	0.3499	91.12	25.1083	31.9747
4	17	c	7/18/2004	11:34	-152.26667	58.735	120	93	6.4381	0.3491	92.11	25.1115	31.9769
4	17	c	7/18/2004	11:34	-152.26667	58.735	120	94	6.4445	0.349	93.1	25.1095	31.9753
4	17	c	7/18/2004	11:34	-152.26667	58.735	120	95	6.4459	0.348	94.09	25.1092	31.9752
4	17	c	7/18/2004	11:34	-152.26667	58.735	120	96	6.4559	0.3491	95.08	25.1063	31.9731
4	17	c	7/18/2004	11:34	-152.26667	58.735	120	97	6.478	0.3499	96.07	25.1003	31.9691
4	17	c	7/18/2004	11:34	-152.26667	58.735	120	98	6.4506	0.3515	97.061	25.1073	31.9735
4	17	c	7/18/2004	11:34	-152.26667	58.735	120	99	6.4305	0.3477	98.051	25.113	31.9775
4	17	c	7/18/2004	11:34	-152.26667	58.735	120	100	6.4027	0.3501	99.041	25.1213	31.9836
4	17	c	7/18/2004	11:34	-152.26667	58.735	120	101	6.3979	0.3472	100.031	25.1228	31.9847
4	17	c	7/18/2004	11:34	-152.26667	58.735	120	102	6.3848	0.3473	101.021	25.1267	31.9876
4	17	c	7/18/2004	11:34	-152.26667	58.735	120	103	6.3689	0.3472	102.012	25.1301	31.9894
4	17	c	7/18/2004	11:34	-152.26667	58.735	120	104	6.3642	0.3449	103.002	25.1322	31.9913
4	17	c	7/18/2004	11:34	-152.26667	58.735	120	105	6.3668	0.345	103.992	25.1311	31.9902
4	17	c	7/18/2004	11:34	-152.26667	58.735	120	106	6.3732	0.3463	104.982	25.1291	31.9888
4	17	c	7/18/2004	11:34	-152.26667	58.735	120	107	6.3722	0.3452	105.972	25.1298	31.9894
