Cruise	Lon (?E)	Lat (?N)	Bot. Depth [m]	Station	Depth [m]	Pressure [psi]	Temp [deg. C]	Chlorophyl a [mg/m^3]	Oxygen [% Sat]	Oxygen [mg/l]	PAR	Salinity [PSU]
2018	-152.151667	59.825	48	4	1	1.768	9.494	31.347	90.814	9.286	975.46	31.122
2018	-152.151667	59.825	48	4	2	3.11	9.368	30.396	87.835	9.35	520.881	31.57
2018	-152.151667	59.825	48	4	3	4.54	9.377	30.89	87.477	9.349	387.359	31.655
2018	-152.151667	59.825	48	4	4	5.978	9.346	31.752	88.492	9.351	322.831	31.613
2018	-152.151667	59.825	48	4	5	7.395	9.304	31.996	88.873	9.362	263.297	31.598
2018	-152.151667	59.825	48	4	6	8.851	9.307	32.054	88.881	9.363	217.305	31.631
2018	-152.151667	59.825	48	4	7	10.269	9.264	32.076	89.079	9.371	185.645	31.628
2018	-152.151667	59.825	48	4	8	11.721	9.256	32.231	90.355	9.375	150.001	31.591
2018	-152.151667	59.825	48	4	9	13.231	9.25	32.278	91.593	9.378	138.31	31.557
2018	-152.151667	59.825	48	4	10	14.747	9.224	32.361	92.588	9.384	120.912	31.535
2018	-152.151667	59.825	48	4	11	16.193	9.211	32.488	92.606	9.389	107.101	31.523
2018	-152.151667	59.825	48	4	12	17.623	9.202	32.745	92.552	9.392	93.466	31.51
2018	-152.151667	59.825	48	4	13	19.046	9.195	32.818	92.197	9.394	81.258	31.504
2018	-152.151667	59.825	48	4	14	20.475	9.19	33.384	91.578	9.395	70.806	31.5
2018	-152.151667	59.825	48	4	15	21.936	9.188	33.52	91.454	9.396	60.168	31.505
2018	-152.151667	59.825	48	4	16	23.413	9.183	33.627	91.704	9.397	51.983	31.495
2018	-152.151667	59.825	48	4	17	24.881	9.18	33.606	91.723	9.398	45.786	31.498
2018	-152.151667	59.825	48	4	18	26.32	9.176	33.635	92.009	9.399	39.462	31.491
2018	-152.151667	59.825	48	4	19	27.857	9.149	33.868	91.898	9.404	35.133	31.502
2018	-152.151667	59.825	48	4	20	29.317	9.151	33.844	91.681	9.403	30.792	31.513
2018	-152.151667	59.825	48	4	21	30.767	9.147	33.926	91.808	9.404	26.698	31.498
2018	-152.151667	59.825	48	4	22	32.21	9.145	33.915	91.443	9.405	23.501	31.501
2018	-152.151667	59.825	48	4	23	33.642	9.144	33.835	91.272	9.405	20.812	31.498
2018	-152.151667	59.825	48	4	24	35.095	9.143	33.816	91.103	9.405	18.363	31.503
2018	-152.151667	59.825	48	4	25	36.559	9.141	33.853	91.088	9.406	16.106	31.501
2018	-152.151667	59.825	48	4	26	38.036	9.139	33.946	91.097	9.406	14.247	31.506
2018	-152.151667	59.825	48	4	27	39.505	9.135	33.946	91.146	9.407	12.687	31.504
2018	-152.151667	59.825	48	4	28	40.964	9.134	33.993	91.201	9.407	11.168	31.507
2018	-152.151667	59.825	48	4	29	42.449	9.132	34.069	91.149	9.407	9.93	31.505
2018	-152.151667	59.825	48	4	30	43.88	9.13	34.125	90.865	9.408	8.927	31.505
2018	-152.151667	59.825	48	4	31	45.29	9.128	34.176	90.776	9.408	8.046	31.505
2018	-152.151667	59.825	48	4	32	46.73	9.127	34.09	90.348	9.408	7.214	31.508
2018	-152.151667	59.825	48	4	33	48.138	9.133	34.117	90.104	9.408	6.817	31.503
2018	-152.151667	59.825	48	4	34	49.468	9.093	34.218	88.995	9.416	6.484	31.504
2018	-152.151667	59.825	48	4	35	50.925	9.014	34.342	89.095	9.431	6.4	31.537
2018	-152.151667	59.825	48	4	36	52.383	8.994	34.282	89.368	9.434	6.217	31.542
2018	-152.151667	59.825	48	4	37	53.774	8.951	34.405	79.526	9.443	5.914	31.56
2018	-152.151667	59.825	48	4	38	55.389	8.997	33.989	88.845	9.432	5.949	31.572
2018	-152.151667	59.825	48	4	39	56.75	9.013	33.958	62.434	9.429	5.337	31.588
2018	-152.151667	59.825	48	4	40	58.434	8.971	33.815	23.275	9.435	5.249	31.6
2018	-152.151667	59.825	48	4	41	59.772	8.97	33.835	66.146	9.436	4.825	31.601
2018	-152.151667	59.825	48	4	42	61.1	8.971	33.854	66.092	9.435	4.458	31.604
2018	-152.151667	59.825	48	4	43	62.265	8.974	33.77	66.33	9.435	3.942	31.602
2018	-152.151667	59.825	48	4	44	63.712	8.922	27.403	59.028	9.446	3.306	31.6
2018	-152.151667	59.825	48	4	45	65.058	8.961	34.894	85.227	9.439	2.86	31.593
2018	-152.151667	59.825	48	4	46	65.479	9.411	34.438	88.455	9.351	1.542	31.485
2018	-152.225	59.837	68	5	1	1.803	9.813	32.032	91.438	9.259	779.212	30.678
2018	-152.225	59.837	68	5	2	3.208	9.701	30.213	90.514	9.311	462.775	31.008
2018	-152.225	59.837	68	5	3	4.592	9.659	30.42	89.704	9.319	370.996	31.048
2018	-152.225	59.837	68	5	4	5.957	9.6	31.282	88.747	9.328	299.97	31.092
2018	-152.225	59.837	68	5	5	7.385	9.528	31.764	88.7	9.339	244.968	31.15
2018	-152.225	59.837	68	5	6	8.825	9.473	31.962	89.105	9.349	202.068	31.192
2018	-152.225	59.837	68	5	7	10.284	9.407	32.146	90.288	9.359	163.113	31.203
2018	-152.225	59.837	68	5	8	11.742	9.322	32.27	91.953	9.375	136.235	31.215
2018	-152.225	59.837	68	5	9	13.249	9.27	32.297	92.21	9.388	115.113	31.266
2018	-152.225	59.837	68	5	10	14.704	9.243	32.42	92.492	9.395	95.754	31.275
2018	-152.225	59.837	68	5	11	16.148	9.225	32.491	92.827	9.399	81.595	31.279
2018	-152.225	59.837	68	5	12	17.593	9.212	32.586	92.656	9.402	70.286	31.286
2018	-152.225	59.837	68	5	13	19.021	9.203	32.686	92.089	9.405	60.484	31.289
2018	-152.225	59.837	68	5	14	20.493	9.197	32.777	91.867	9.406	51.824	31.295
2018	-152.225	59.837	68	5	15	22.006	9.191	32.828	92.125	9.407	44.51	31.296
2018	-152.225	59.837	68	5	16	23.479	9.181	32.967	92.337	9.409	38.346	31.291
2018	-152.225	59.837	68	5	17	24.918	9.17	32.945	92.12	9.411	32.928	31.294
2018	-152.225	59.837	68	5	18	26.343	9.161	32.979	91.908	9.413	28.257	31.299
2018	-152.225	59.837	68	5	19	27.786	9.149	33.016	91.925	9.415	24.151	31.304
2018	-152.225	59.837	68	5	20	29.27	9.139	33.036	91.89	9.417	20.657	31.312
2018	-152.225	59.837	68	5	21	30.762	9.132	33.133	91.904	9.418	17.877	31.316
2018	-152.225	59.837	68	5	22	32.198	9.127	33.294	91.651	9.42	15.555	31.318
2018	-152.225	59.837	68	5	23	33.601	9.123	33.108	91.3	9.42	13.503	31.32
2018	-152.225	59.837	68	5	24	35.062	9.122	33.118	91.161	9.421	11.766	31.324
2018	-152.225	59.837	68	5	25	36.576	9.117	33.179	91.154	9.421	10.235	31.325
2018	-152.225	59.837	68	5	26	38.049	9.109	33.204	91.377	9.422	8.954	31.325
2018	-152.225	59.837	68	5	27	39.48	9.1	33.212	91.353	9.424	7.869	31.33
2018	-152.225	59.837	68	5	28	40.919	9.092	33.309	91.363	9.425	6.962	31.335
2018	-152.225	59.837	68	5	29	42.441	9.058	33.358	91.251	9.431	6.332	31.349
2018	-152.225	59.837	68	5	30	43.889	9.049	33.384	91.369	9.433	5.646	31.356
2018	-152.225	59.837	68	5	31	45.32	9.045	33.404	91.099	9.434	5.064	31.359
2018	-152.225	59.837	68	5	32	46.827	9.089	33.172	90.731	9.425	4.543	31.355
2018	-152.225	59.837	68	5	33	48.287	9.086	33.275	91.005	9.426	4.128	31.358
2018	-152.225	59.837	68	5	34	49.822	9.084	33.34	91.466	9.426	3.763	31.362
2018	-152.225	59.837	68	5	35	51.334	9.081	33.505	91.887	9.427	3.471	31.36
2018	-152.225	59.837	68	5	36	52.747	9.077	33.399	91.748	9.427	3.223	31.363
2018	-152.225	59.837	68	5	37	54.143	9.073	33.368	91.45	9.428	3.002	31.366
2018	-152.225	59.837	68	5	38	55.555	9.069	33.516	90.981	9.429	2.803	31.37
2018	-152.225	59.837	68	5	39	56.997	9.069	33.493	90.571	9.429	2.627	31.378
2018	-152.225	59.837	68	5	40	58.567	9.036	33.39	91.277	9.434	2.545	31.403
2018	-152.225	59.837	68	5	41	60.055	9.034	33.562	91.31	9.434	2.419	31.405
2018	-152.225	59.837	68	5	42	61.527	9.032	33.566	91.417	9.434	2.306	31.406
2018	-152.225	59.837	68	5	43	62.99	9.032	33.639	91.488	9.434	2.207	31.407
2018	-152.225	59.837	68	5	44	64.399	9.03	33.634	91.088	9.435	2.124	31.406
2018	-152.225	59.837	68	5	45	65.829	9.029	33.546	90.712	9.435	2.05	31.407
2018	-152.225	59.837	68	5	46	67.297	9.027	33.46	90.813	9.435	1.987	31.408
2018	-152.225	59.837	68	5	47	68.744	9.025	33.406	90.682	9.436	1.933	31.41
2018	-152.225	59.837	68	5	48	70.204	9.024	33.575	90.52	9.436	1.885	31.412
2018	-152.225	59.837	68	5	49	71.676	9.024	33.541	90.525	9.436	1.843	31.413
2018	-152.225	59.837	68	5	50	73.19	9.046	33.496	90.989	9.432	1.82	31.403
2018	-152.225	59.837	68	5	51	74.561	9.045	33.397	90.874	9.432	1.788	31.402
2018	-152.225	59.837	68	5	52	75.835	9.049	33.477	90.405	9.432	1.753	31.404
2018	-152.225	59.837	68	5	53	77.458	8.97	33.738	90.618	9.446	1.76	31.424
2018	-152.225	59.837	68	5	54	78.805	8.97	33.786	89.921	9.446	1.734	31.425
2018	-152.225	59.837	68	5	55	80.226	8.943	33.871	89.61	9.452	1.681	31.423
2018	-152.225	59.837	68	5	56	81.727	9.005	33.665	89.845	9.442	1.628	31.385
2018	-152.225	59.837	68	5	57	83.392	8.972	33.435	91.188	9.448	1.647	31.389
2018	-152.225	59.837	68	5	58	84.787	8.972	33.473	91.04	9.448	1.635	31.389
2018	-152.225	59.837	68	5	59	86.097	8.971	33.563	90.364	9.448	1.625	31.389
2018	-152.225	59.837	68	5	60	87.325	8.979	33.643	88.176	9.447	1.853	31.395
2018	-152.225	59.837	68	5	61	88.577	8.981	33.817	87.257	9.449	1.521	31.359
2018	-152.225	59.837	68	5	62	90.304	9.079	32.994	87.234	9.433	1.575	31.279
2018	-152.225	59.837	68	5	63	91.567	9.386	33.703	90.621	9.377	1.565	31.134
2018	-152.225	59.837	68	5	64	92.802	9.396	33.281	88.997	9.375	7.506	31.143
2018	-152.225	59.837	68	5	65	94.08	9.524	32.959	91.55	9.347	1.553	31.155
2018	-152.225	59.837	68	5	66	94.564	9.526	33.131	90.835	9.347	2.109	31.156
2018	-152.293333	59.850	88	6	1	1.77	10.419	31.683	89.039	9.231	1014.071	29.696
2018	-152.293333	59.850	88	6	2	3.11	10.322	30.374	88.037	9.257	565.781	29.844
2018	-152.293333	59.850	88	6	3	4.544	10.266	31.311	87.856	9.266	382.298	29.901
2018	-152.293333	59.850	88	6	4	5.944	10.184	31.793	87.035	9.276	260.503	29.937
2018	-152.293333	59.850	88	6	5	7.4	10.112	31.991	86.953	9.288	182.785	30.001
2018	-152.293333	59.850	88	6	6	8.855	10.05	32.199	87.916	9.299	129.237	30.07
2018	-152.293333	59.850	88	6	7	10.326	9.927	32.386	89.912	9.31	96.765	30.134
2018	-152.293333	59.850	88	6	8	11.777	9.807	32.499	90.508	9.329	73.131	30.267
2018	-152.293333	59.850	88	6	9	13.253	9.736	32.649	91.538	9.343	56.144	30.368
2018	-152.293333	59.850	88	6	10	14.679	9.686	32.729	92.057	9.352	43.864	30.403
2018	-152.293333	59.850	88	6	11	16.11	9.64	32.873	91.859	9.359	34.594	30.462
2018	-152.293333	59.850	88	6	12	17.583	9.596	32.942	91.969	9.365	27.492	30.521
2018	-152.293333	59.850	88	6	13	19.071	9.559	32.95	91.864	9.371	22.176	30.571
2018	-152.293333	59.850	88	6	14	20.551	9.522	32.994	91.894	9.376	18.137	30.615
2018	-152.293333	59.850	88	6	15	22.002	9.484	33.007	91.66	9.381	14.998	30.65
2018	-152.293333	59.850	88	6	16	23.449	9.451	33.032	91.51	9.386	12.527	30.686
2018	-152.293333	59.850	88	6	17	24.905	9.417	33.114	91.628	9.392	10.558	30.717
2018	-152.293333	59.850	88	6	18	26.369	9.39	33.118	91.456	9.396	8.93	30.752
2018	-152.293333	59.850	88	6	19	27.846	9.368	33.135	91.479	9.4	7.616	30.775
2018	-152.293333	59.850	88	6	20	29.302	9.349	33.145	91.304	9.403	6.571	30.796
2018	-152.293333	59.850	88	6	21	30.752	9.331	33.204	91.283	9.406	5.722	30.814
2018	-152.293333	59.850	88	6	22	32.207	9.307	33.176	91.276	9.409	5.019	30.833
2018	-152.293333	59.850	88	6	23	33.673	9.288	33.209	91.508	9.412	4.446	30.855
2018	-152.293333	59.850	88	6	24	35.146	9.265	33.354	91.535	9.415	3.972	30.869
2018	-152.293333	59.850	88	6	25	36.604	9.258	33.268	91.096	9.417	3.584	30.891
2018	-152.293333	59.850	88	6	26	38.017	9.237	33.292	90.717	9.421	3.266	30.908
2018	-152.293333	59.850	88	6	27	39.476	9.241	33.373	90.042	9.42	2.994	30.923
2018	-152.293333	59.850	88	6	28	40.916	9.228	33.448	89.676	9.421	2.741	30.922
2018	-152.293333	59.850	88	6	29	42.4	9.203	33.482	89.537	9.426	2.61	30.95
2018	-152.293333	59.850	88	6	30	43.899	9.197	33.343	90.569	9.428	2.433	30.958
2018	-152.293333	59.850	88	6	31	45.452	9.226	33.311	91.161	9.421	2.342	30.943
2018	-152.293333	59.850	88	6	32	46.907	9.211	33.304	91.372	9.424	2.232	30.95
2018	-152.293333	59.850	88	6	33	48.331	9.201	33.415	91.169	9.426	2.136	30.956
2018	-152.293333	59.850	88	6	34	49.774	9.194	33.447	91.059	9.427	2.053	30.965
2018	-152.293333	59.850	88	6	35	51.237	9.183	33.435	90.779	9.428	1.98	30.972
2018	-152.293333	59.850	88	6	36	52.691	9.172	33.39	90.806	9.43	1.918	30.981
2018	-152.293333	59.850	88	6	37	54.179	9.165	33.347	91.038	9.432	1.865	30.987
2018	-152.293333	59.850	88	6	38	55.642	9.157	33.394	91.081	9.433	1.822	30.991
2018	-152.293333	59.850	88	6	39	57.109	9.151	33.435	91.133	9.435	1.786	30.996
2018	-152.293333	59.850	88	6	40	58.563	9.144	33.352	90.809	9.435	1.754	30.999
2018	-152.293333	59.850	88	6	41	59.992	9.136	33.463	90.543	9.437	1.725	31.007
2018	-152.293333	59.850	88	6	42	61.469	9.128	33.48	90.655	9.438	1.7	31.018
2018	-152.293333	59.850	88	6	43	62.999	9.123	33.529	90.875	9.438	1.677	31.033
2018	-152.293333	59.850	88	6	44	64.503	9.115	33.567	91.504	9.439	1.663	31.038
2018	-152.293333	59.850	88	6	45	65.938	9.108	33.556	91.456	9.44	1.646	31.046
2018	-152.293333	59.850	88	6	46	67.339	9.103	33.651	91.238	9.441	1.634	31.053
2018	-152.293333	59.850	88	6	47	68.757	9.098	33.706	91.105	9.442	1.623	31.059
2018	-152.293333	59.850	88	6	48	70.231	9.094	33.719	91.013	9.442	1.613	31.067
2018	-152.293333	59.850	88	6	49	71.742	9.089	33.772	91.271	9.443	1.606	31.075
2018	-152.293333	59.850	88	6	50	73.193	9.085	33.808	91.379	9.443	1.598	31.082
2018	-152.293333	59.850	88	6	51	74.571	9.08	33.768	91.068	9.444	1.591	31.088
2018	-152.293333	59.850	88	6	52	76.078	9.039	33.834	90.68	9.451	1.589	31.109
2018	-152.293333	59.850	88	6	53	77.545	9.035	33.777	90.583	9.452	1.584	31.116
2018	-152.293333	59.850	88	6	54	79.014	9.031	33.701	90.608	9.452	1.58	31.122
2018	-152.293333	59.850	88	6	55	80.536	9.027	33.736	90.66	9.453	1.577	31.127
2018	-152.293333	59.850	88	6	56	82.007	9.024	33.758	90.847	9.453	1.568	31.129
2018	-152.293333	59.850	88	6	57	83.531	9.02	33.868	91.066	9.454	1.574	31.134
2018	-152.293333	59.850	88	6	58	84.944	9.015	33.814	90.826	9.455	1.568	31.137
2018	-152.293333	59.850	88	6	59	86.424	9.015	33.731	90.905	9.455	1.566	31.143
2018	-152.293333	59.850	88	6	60	87.891	9.012	33.743	91.133	9.455	1.564	31.143
2018	-152.293333	59.850	88	6	61	89.313	9.011	33.844	91.195	9.455	1.563	31.144
2018	-152.293333	59.850	88	6	62	90.739	9.009	33.892	91.242	9.456	1.563	31.145
2018	-152.293333	59.850	88	6	63	92.169	9.009	33.949	91.041	9.456	1.555	31.148
2018	-152.293333	59.850	88	6	64	93.71	8.945	34.074	91.221	9.467	1.561	31.186
2018	-152.293333	59.850	88	6	65	95.121	8.944	33.978	90.769	9.467	1.558	31.189
2018	-152.293333	59.850	88	6	66	96.608	8.945	33.98	91.28	9.469	1.559	31.155
2018	-152.293333	59.850	88	6	67	97.998	8.943	34.085	90.939	9.469	1.558	31.157
2018	-152.293333	59.850	88	6	68	99.392	8.941	33.979	91.098	9.469	1.558	31.159
2018	-152.293333	59.850	88	6	69	100.918	8.997	33.61	90.977	9.459	1.558	31.128
2018	-152.293333	59.850	88	6	70	102.292	8.996	33.509	90.602	9.459	1.558	31.129
2018	-152.293333	59.850	88	6	71	103.616	8.993	33.546	90.06	9.46	1.557	31.132
2018	-152.293333	59.850	88	6	72	105.243	9.052	33.514	84.065	9.45	1.556	31.092
2018	-152.293333	59.850	88	6	73	106.797	9.079	33.542	90.123	9.446	1.556	31.071
2018	-152.293333	59.850	88	6	74	107.991	9.083	33.575	89.394	9.445	1.555	31.076
2018	-152.293333	59.850	88	6	75	109.504	9.092	33.586	90.067	9.449	1.556	30.969
2018	-152.293333	59.850	88	6	76	110.708	9.091	33.645	88.081	9.449	1.546	30.971
2018	-152.293333	59.850	88	6	77	112.134	9.171	33.377	89.174	9.434	1.509	30.95
2018	-152.293333	59.850	88	6	78	113.861	9.214	33.416	89.384	9.426	1.554	30.93
2018	-152.293333	59.850	88	6	79	115.191	9.221	33.322	87.065	9.424	1.531	30.94
2018	-152.293333	59.850	88	6	80	116.441	9.574	32.742	89.27	9.368	1.489	30.646
2018	-152.293333	59.850	88	6	81	118.615	9.252	34.034	91.746	9.418	1.556	30.915
2018	-152.293333	59.850	88	6	82	119.996	9.252	34.432	91.36	9.418	1.557	30.915
2018	-152.293333	59.850	88	6	83	121.37	9.252	34.934	91.266	9.418	1.557	30.914
2018	-152.293333	59.850	88	6	84	122.761	9.253	33.903		9.418	1.557	30.915
2018	-152.293333	59.850	88	6	85	123.986	9.253	34.767		9.418	1.558	30.914
2018	-152.293333	59.850	88	6	86	124.89	9.253	34.879		9.418	1.553	30.915
2018	-152.33	59.857	79	65	1	1.784	10.648	30.445	90.787	9.211	893.137	29.191
2018	-152.33	59.857	79	65	2	3.156	10.576	29.017	88.2	9.236	467.932	29.328
2018	-152.33	59.857	79	65	3	4.615	10.55	29.983	88.366	9.241	314.932	29.39
2018	-152.33	59.857	79	65	4	6.011	10.471	30.818	88.612	9.247	213.125	29.421
2018	-152.33	59.857	79	65	5	7.396	10.389	31.229	88.419	9.26	149.004	29.498
2018	-152.33	59.857	79	65	6	8.826	10.32	31.357	89.544	9.27	104.473	29.571
2018	-152.33	59.857	79	65	7	10.266	10.22	31.478	91.287	9.283	74.976	29.6
2018	-152.33	59.857	79	65	8	11.773	10.035	31.632	91.54	9.309	54.086	29.812
2018	-152.33	59.857	79	65	9	13.239	9.984	31.761	91.557	9.322	39.163	29.897
2018	-152.33	59.857	79	65	10	14.688	9.94	31.861	91.804	9.328	29.485	29.945
2018	-152.33	59.857	79	65	11	16.138	9.896	31.977	91.904	9.334	22.486	29.993
2018	-152.33	59.857	79	65	12	17.59	9.855	32.086	91.747	9.341	17.25	30.035
2018	-152.33	59.857	79	65	13	19.05	9.805	32.127	91.415	9.345	13.35	30.094
2018	-152.33	59.857	79	65	14	20.521	9.756	32.217	91.553	9.351	10.431	30.167
2018	-152.33	59.857	79	65	15	21.984	9.709	32.345	91.292	9.357	8.327	30.233
2018	-152.33	59.857	79	65	16	23.435	9.666	32.4	91.24	9.363	6.777	30.297
2018	-152.33	59.857	79	65	17	24.897	9.627	32.423	91.486	9.37	5.587	30.34
2018	-152.33	59.857	79	65	18	26.366	9.595	32.435	91.574	9.375	4.675	30.384
2018	-152.33	59.857	79	65	19	27.832	9.57	32.479	91.347	9.379	3.986	30.416
2018	-152.33	59.857	79	65	20	29.32	9.541	32.545	91.371	9.382	3.474	30.449
2018	-152.33	59.857	79	65	21	30.785	9.508	32.55	91.668	9.387	3.081	30.474
2018	-152.33	59.857	79	65	22	32.193	9.467	32.525	91.215	9.392	2.771	30.511
2018	-152.33	59.857	79	65	23	33.616	9.432	32.541	91.094	9.397	2.52	30.555
2018	-152.33	59.857	79	65	24	35.031	9.403	32.605	91.083	9.403	2.329	30.59
2018	-152.33	59.857	79	65	25	36.57	9.338	32.773	90.823	9.415	2.194	30.636
2018	-152.33	59.857	79	65	26	38.025	9.322	32.756	90.927	9.418	2.077	30.655
2018	-152.33	59.857	79	65	27	39.486	9.315	32.775	90.8	9.419	1.986	30.678
2018	-152.33	59.857	79	65	28	40.963	9.305	32.885	90.961	9.42	1.904	30.687
2018	-152.33	59.857	79	65	29	42.442	9.288	32.918	91.072	9.422	1.844	30.707
2018	-152.33	59.857	79	65	30	43.92	9.276	32.886	90.694	9.424	1.791	30.73
2018	-152.33	59.857	79	65	31	45.36	9.281	32.865	90.25	9.423	1.746	30.741
2018	-152.33	59.857	79	65	32	46.853	9.265	32.953	90.849	9.424	1.716	30.746
2018	-152.33	59.857	79	65	33	48.329	9.24	32.961	90.955	9.428	1.688	30.766
2018	-152.33	59.857	79	65	34	49.795	9.239	32.985	90.463	9.428	1.664	30.784
2018	-152.33	59.857	79	65	35	51.264	9.217	33.015	90.923	9.43	1.644	30.8
2018	-152.33	59.857	79	65	36	52.706	9.2	33.059	90.95	9.434	1.627	30.822
2018	-152.33	59.857	79	65	37	54.158	9.198	33.134	90.637	9.434	1.617	30.833
2018	-152.33	59.857	79	65	38	55.578	9.18	33.168	85.988	9.436	1.607	30.85
2018	-152.33	59.857	79	65	39	56.982	9.209	33.111	91.746	9.431	1.598	30.831
2018	-152.33	59.857	79	65	40	58.519	9.141	33.231	91.356	9.442	1.594	30.885
2018	-152.33	59.857	79	65	41	60.015	9.134	33.198	91.408	9.444	1.587	30.896
2018	-152.33	59.857	79	65	42	61.497	9.129	33.353	91.298	9.445	1.581	30.901
2018	-152.33	59.857	79	65	43	62.941	9.121	33.419	90.994	9.445	1.577	30.905
2018	-152.33	59.857	79	65	44	64.371	9.109	33.35	90.688	9.447	1.573	30.915
2018	-152.33	59.857	79	65	45	65.816	9.101	33.323	90.457	9.449	1.572	30.928
2018	-152.33	59.857	79	65	46	67.358	9.091	33.468	90.695	9.45	1.566	30.939
2018	-152.33	59.857	79	65	47	68.787	9.084	33.425	90.493	9.451	1.566	30.951
2018	-152.33	59.857	79	65	48	70.214	9.097	33.442	90.11	9.449	1.567	30.955
2018	-152.33	59.857	79	65	49	71.731	9.105	33.429	90.832	9.446	1.566	30.955
2018	-152.33	59.857	79	65	50	73.215	9.092	33.39	91.071	9.447	1.562	30.969
2018	-152.33	59.857	79	65	51	74.68	9.075	33.433	91.029	9.449	1.562	30.99
2018	-152.33	59.857	79	65	52	76.095	9.066	33.44	90.619	9.451	1.565	31.005
2018	-152.33	59.857	79	65	53	77.582	9.046	33.452	91.141	9.454	1.56	31.03
2018	-152.33	59.857	79	65	54	79.053	9.087	33.379	91.036	9.445	1.561	31.033
2018	-152.33	59.857	79	65	55	80.502	9.082	33.554	90.978	9.446	1.559	31.04
2018	-152.33	59.857	79	65	56	81.95	9.08	33.605	90.959	9.447	1.559	31.045
2018	-152.33	59.857	79	65	57	83.341	9.079	33.468	90.621	9.447	1.555	31.047
2018	-152.33	59.857	79	65	58	84.933	8.999	33.585	91.368	9.459	1.558	31.124
2018	-152.33	59.857	79	65	59	86.389	8.995	33.454	91.289	9.459	1.558	31.127
2018	-152.33	59.857	79	65	60	87.826	8.991	33.411	91.113	9.46	1.558	31.131
2018	-152.33	59.857	79	65	61	89.297	8.989	33.548	91.12	9.46	1.557	31.136
2018	-152.33	59.857	79	65	62	90.761	8.987	33.611	91.097	9.461	1.557	31.139
2018	-152.33	59.857	79	65	63	92.188	8.986	33.574	90.949	9.461	1.557	31.141
2018	-152.33	59.857	79	65	64	93.521	8.984	33.631	90.32	9.461	1.556	31.141
2018	-152.33	59.857	79	65	65	94.912	8.947	33.577	90.146	9.469	1.551	31.143
2018	-152.33	59.857	79	65	66	96.59	9.001	33.645	90.464	9.459	1.56	31.111
2018	-152.33	59.857	79	65	67	97.986	8.999	33.556	90.634	9.46	1.55	31.113
2018	-152.33	59.857	79	65	68	99.443	9.053	33.401	90.869	9.451	1.557	31.061
2018	-152.33	59.857	79	65	69	100.754	9.052	33.413	89.92	9.451	1.555	31.067
2018	-152.33	59.857	79	65	70	102.156	9.152	33.249	89.486	9.433	1.541	31.028
2018	-152.33	59.857	79	65	71	103.622	9.261	33.316	89.991	9.413	1.556	30.975
2018	-152.33	59.857	79	65	72	104.871	9.264	33.201	87.499	9.412	1.553	30.981
2018	-152.33	59.857	79	65	73	106.088	9.131	33.456	87.805	9.427	1.553	31.201
2018	-152.33	59.857	79	65	74	106.996	9.217	33.518	87.821	9.408	1.477	31.227
2018	-152.33	59.857	79	65	75	109.372	8.413	34.611	89.56	9.555	1.553	31.583
2018	-152.33	59.857	79	65	76	110.514	8.413	34.759	86.24	9.555	1.466	31.582
2018	-152.33	59.857	79	65	77	112.017	8.451	35.15	81.165	9.548	1.589	31.626
2018	-152.366667	59.862	84	7	1	1.766	10.521	32.688	89.289	9.245	708.482	29.173
2018	-152.366667	59.862	84	7	2	3.088	10.448	29.328	87.619	9.266	374.235	29.301
2018	-152.366667	59.862	84	7	3	4.55	10.414	30.936	87.135	9.27	238.704	29.336
2018	-152.366667	59.862	84	7	4	5.979	10.333	31.752	87.718	9.28	163.263	29.367
2018	-152.366667	59.862	84	7	5	7.425	10.273	32.278	88.139	9.291	105.977	29.404
2018	-152.366667	59.862	84	7	6	8.868	10.209	32.447	88.379	9.302	70.046	29.452
2018	-152.366667	59.862	84	7	7	10.299	10.145	32.421	89.386	9.31	47.798	29.506
2018	-152.366667	59.862	84	7	8	11.709	10.061	32.564	89.673	9.321	33.321	29.573
2018	-152.366667	59.862	84	7	9	13.132	10.003	32.644	89.148	9.33	23.248	29.687
2018	-152.366667	59.862	84	7	10	14.64	9.967	32.61	89.914	9.335	16.635	29.735
2018	-152.366667	59.862	84	7	11	16.112	9.894	32.603	90.778	9.346	12.449	29.763
2018	-152.366667	59.862	84	7	12	17.559	9.848	32.656	90.122	9.354	9.276	29.838
2018	-152.366667	59.862	84	7	13	19.085	9.809	32.664	90.208	9.358	7.042	29.907
2018	-152.366667	59.862	84	7	14	20.542	9.762	32.706	90.756	9.365	5.558	29.952
2018	-152.366667	59.862	84	7	15	21.946	9.728	32.669	90.375	9.37	4.382	30.005
2018	-152.366667	59.862	84	7	16	23.427	9.703	32.736	90.2	9.373	3.556	30.061
2018	-152.366667	59.862	84	7	17	24.925	9.677	32.754	90.893	9.377	3.043	30.085
2018	-152.366667	59.862	84	7	18	26.356	9.656	32.77	90.558	9.38	2.638	30.114
2018	-152.366667	59.862	84	7	19	27.832	9.631	32.805	90.487	9.382	2.334	30.153
2018	-152.366667	59.862	84	7	20	29.362	9.604	32.825	91.06	9.385	2.132	30.198
2018	-152.366667	59.862	84	7	21	30.787	9.582	32.823	90.756	9.388	1.982	30.231
2018	-152.366667	59.862	84	7	22	32.227	9.555	32.833	90.578	9.391	1.872	30.267
2018	-152.366667	59.862	84	7	23	33.711	9.516	32.836	90.935	9.396	1.797	30.299
2018	-152.366667	59.862	84	7	24	35.135	9.483	32.83	90.847	9.401	1.741	30.338
2018	-152.366667	59.862	84	7	25	36.56	9.456	32.847	90.683	9.405	1.697	30.379
2018	-152.366667	59.862	84	7	26	38.013	9.435	32.85	90.55	9.408	1.665	30.416
2018	-152.366667	59.862	84	7	27	39.443	9.418	32.873	90.434	9.411	1.636	30.437
2018	-152.366667	59.862	84	7	28	40.995	9.337	33.032	90.447	9.423	1.618	30.494
2018	-152.366667	59.862	84	7	29	42.437	9.312	33.045	90.408	9.427	1.602	30.519
2018	-152.366667	59.862	84	7	30	43.878	9.29	33.043	89.878	9.43	1.591	30.555
2018	-152.366667	59.862	84	7	31	45.315	9.27	33.092	89.961	9.433	1.582	30.576
2018	-152.366667	59.862	84	7	32	46.815	9.247	33.142	89.957	9.435	1.577	30.604
2018	-152.366667	59.862	84	7	33	48.323	9.222	33.145	90.115	9.438	1.573	30.641
2018	-152.366667	59.862	84	7	34	49.806	9.218	33.173	90.484	9.438	1.57	30.675
2018	-152.366667	59.862	84	7	35	51.244	9.205	33.16	90.441	9.44	1.567	30.696
2018	-152.366667	59.862	84	7	36	52.7	9.194	33.299	90.283	9.442	1.565	30.711
2018	-152.366667	59.862	84	7	37	54.158	9.179	33.289	90.656	9.443	1.563	30.727
2018	-152.366667	59.862	84	7	38	55.51	9.165	33.182	90.394	9.445	1.556	30.749
2018	-152.366667	59.862	84	7	39	57.065	9.136	33.226	90.585	9.449	1.559	30.781
2018	-152.366667	59.862	84	7	40	58.527	9.127	33.299	90.384	9.451	1.554	30.795
2018	-152.366667	59.862	84	7	41	60.013	9.121	33.369	90.34	9.452	1.558	30.808
2018	-152.366667	59.862	84	7	42	61.505	9.114	33.407	90.427	9.453	1.558	30.818
2018	-152.366667	59.862	84	7	43	62.967	9.105	33.47	90.507	9.454	1.558	30.83
2018	-152.366667	59.862	84	7	44	64.42	9.095	33.508	90.548	9.455	1.558	30.842
2018	-152.366667	59.862	84	7	45	65.88	9.086	33.494	90.655	9.456	1.557	30.855
2018	-152.366667	59.862	84	7	46	67.326	9.078	33.497	90.442	9.457	1.556	30.866
2018	-152.366667	59.862	84	7	47	68.782	9.073	33.507	90.308	9.458	1.556	30.876
2018	-152.366667	59.862	84	7	48	70.274	9.068	33.553	90.497	9.459	1.556	30.883
2018	-152.366667	59.862	84	7	49	71.757	9.059	33.684	90.829	9.459	1.557	30.894
2018	-152.366667	59.862	84	7	50	73.177	9.051	33.654	90.748	9.461	1.556	30.903
2018	-152.366667	59.862	84	7	51	74.638	9.087	33.552	90.215	9.455	1.556	30.867
2018	-152.366667	59.862	84	7	52	76.062	9.081	33.488	89.904	9.456	1.555	30.877
2018	-152.366667	59.862	84	7	53	77.575	9.076	33.429	90.262	9.457	1.559	30.886
2018	-152.366667	59.862	84	7	54	79.124	9.071	33.523	90.613	9.458	1.556	30.893
2018	-152.366667	59.862	84	7	55	80.559	9.067	33.503	90.496	9.458	1.556	30.898
2018	-152.366667	59.862	84	7	56	81.994	9.063	33.632	90.389	9.459	1.555	30.903
2018	-152.366667	59.862	84	7	57	83.408	9.059	33.546	90.047	9.459	1.555	30.908
2018	-152.366667	59.862	84	7	58	84.808	9.055	33.517	89.696	9.46	1.555	30.914
2018	-152.366667	59.862	84	7	59	86.269	9.071	33.458	89.413	9.454	1.551	30.951
2018	-152.366667	59.862	84	7	60	87.631	9.071	33.47	88.277	9.454	1.517	30.956
2018	-152.366667	59.862	84	7	61	89.291	8.997	33.568	90.523	9.469	1.558	30.967
2018	-152.366667	59.862	84	7	62	90.753	8.994	33.461	90.615	9.47	1.555	30.971
2018	-152.366667	59.862	84	7	63	92.207	8.992	33.477	90.711	9.47	1.556	30.973
2018	-152.366667	59.862	84	7	64	93.603	8.992	33.491	89.683	9.47	1.551	30.975
2018	-152.366667	59.862	84	7	65	94.973	8.864	33.609	89.975	9.489	1.553	31.101
2018	-152.366667	59.862	84	7	66	96.739	8.941	33.457	91.045	9.474	1.562	31.078
2018	-152.366667	59.862	84	7	67	98.044	8.939	33.549	90.689	9.475	1.554	31.075
2018	-152.366667	59.862	84	7	68	99.432	8.938	33.671	90.448	9.475	1.555	31.077
2018	-152.366667	59.862	84	7	69	100.754	8.937	33.493	89.839	9.475	1.556	31.081
2018	-152.366667	59.862	84	7	70	102.263	8.998	33.434	89.139	9.463	1.555	31.068
2018	-152.366667	59.862	84	7	71	103.642	9.09	33.57	89.323	9.446	1.552	31.018
2018	-152.366667	59.862	84	7	72	105.064	9.142	33.5	89.511	9.438	1.551	30.985
2018	-152.366667	59.862	84	7	73	106.782	8.941	33.785	89.367	9.471	1.556	31.126
2018	-152.366667	59.862	84	7	74	108.367	9.106	33.822	90.791	9.438	1.558	31.109
2018	-152.366667	59.862	84	7	75	109.753	9.106	34.234	90.529	9.437	1.556	31.108
2018	-152.366667	59.862	84	7	76	111.162	9.106	34.208	90.553	9.437	1.557	31.11
2018	-152.366667	59.862	84	7	77	112.563	9.106	34.41	89.409	9.437	1.556	31.11
2018	-152.366667	59.862	84	7	78	113.747	9.106	34	87.812	9.437	1.548	31.11
2018	-152.366667	59.862	84	7	79	114.897	9.113	34.379	82.582	9.436	1.548	31.123
2018	-152.366667	59.862	84	7	80	115.95	9.015	33.982	92.291	9.459	1.556	31.053
2018	-152.366667	59.862	84	7	81	116.689	9.015	33.976	93.59	9.459	1.074	31.05
2018	-152.438333	59.873	54	8	1	1.721	10.46	31.658	88.619	9.26	551.067	29.094
2018	-152.438333	59.873	54	8	2	3.103	10.411	30.372	87.518	9.28	270.827	29.225
2018	-152.438333	59.873	54	8	3	4.499	10.36	31.12	86.193	9.287	174.978	29.231
2018	-152.438333	59.873	54	8	4	5.916	10.345	31.792	85.038	9.289	103.245	29.3
2018	-152.438333	59.873	54	8	5	7.393	10.293	32.055	85.854	9.292	65.678	29.301
2018	-152.438333	59.873	54	8	6	8.824	10.208	32.163	86.736	9.306	42.704	29.363
2018	-152.438333	59.873	54	8	7	10.27	10.155	32.234	87.897	9.315	27.33	29.419
2018	-152.438333	59.873	54	8	8	11.73	10.097	32.277	88.377	9.324	17.658	29.445
2018	-152.438333	59.873	54	8	9	13.195	10.055	32.334	88.827	9.332	11.894	29.513
2018	-152.438333	59.873	54	8	10	14.697	10.025	32.465	90.25	9.337	8.204	29.548
2018	-152.438333	59.873	54	8	11	16.202	9.979	32.551	91.495	9.343	5.937	29.571
2018	-152.438333	59.873	54	8	12	17.608	9.949	32.579	90.744	9.349	4.454	29.616
2018	-152.438333	59.873	54	8	13	19.052	9.927	32.648	90.349	9.351	3.421	29.661
2018	-152.438333	59.873	54	8	14	20.531	9.888	32.669	91.091	9.355	2.877	29.696
2018	-152.438333	59.873	54	8	15	22.015	9.86	32.669	90.989	9.36	2.442	29.734
2018	-152.438333	59.873	54	8	16	23.483	9.838	32.68	90.771	9.361	2.145	29.791
2018	-152.438333	59.873	54	8	17	24.924	9.818	32.761	91.211	9.364	1.995	29.814
2018	-152.438333	59.873	54	8	18	26.365	9.801	32.771	91.103	9.367	1.861	29.842
2018	-152.438333	59.873	54	8	19	27.81	9.789	32.781	91.076	9.369	1.76	29.86
2018	-152.438333	59.873	54	8	20	29.257	9.776	32.808	91.445	9.371	1.703	29.87
2018	-152.438333	59.873	54	8	21	30.756	9.694	32.958	91.11	9.385	1.664	29.905
2018	-152.438333	59.873	54	8	22	32.158	9.674	33.001	90.535	9.387	1.63	29.927
2018	-152.438333	59.873	54	8	23	33.622	9.648	33.019	90.647	9.389	1.605	29.963
2018	-152.438333	59.873	54	8	24	35.054	9.627	33.047	90.596	9.394	1.594	29.988
2018	-152.438333	59.873	54	8	25	36.494	9.601	33.041	90.186	9.396	1.582	30.019
2018	-152.438333	59.873	54	8	26	38.06	9.575	33.082	89.89	9.399	1.578	30.065
2018	-152.438333	59.873	54	8	27	39.554	9.539	33.121	90.274	9.403	1.567	30.104
2018	-152.438333	59.873	54	8	28	40.937	9.509	33.093	90.311	9.408	1.566	30.139
2018	-152.438333	59.873	54	8	29	42.416	9.524	33.074	90.344	9.406	1.558	30.151
2018	-152.438333	59.873	54	8	30	43.878	9.506	33.115	90.343	9.407	1.558	30.182
2018	-152.438333	59.873	54	8	31	45.297	9.485	33.114	90.007	9.409	1.554	30.216
2018	-152.438333	59.873	54	8	32	46.8	9.465	33.113	89.241	9.411	1.558	30.247
2018	-152.438333	59.873	54	8	33	48.303	9.432	33.142	89.24	9.414	1.557	30.285
2018	-152.438333	59.873	54	8	34	49.809	9.37	33.16	89.732	9.421	1.557	30.346
2018	-152.438333	59.873	54	8	35	51.248	9.311	33.191	90.262	9.431	1.558	30.422
2018	-152.438333	59.873	54	8	36	52.695	9.273	33.205	90.162	9.437	1.557	30.478
2018	-152.438333	59.873	54	8	37	54.062	9.251	33.225	89.748	9.44	1.554	30.515
2018	-152.438333	59.873	54	8	38	55.541	9.235	33.177	90.048	9.443	1.556	30.53
2018	-152.438333	59.873	54	8	39	56.947	9.221	33.308	89.782	9.445	1.555	30.558
2018	-152.438333	59.873	54	8	40	58.343	9.218	33.366	89.736	9.446	1.55	30.576
2018	-152.438333	59.873	54	8	41	59.776	9.241	33.288	89.613	9.443	1.516	30.537
2018	-152.438333	59.873	54	8	42	61.275	9.214	33.3	89.187	9.449	1.534	30.536
2018	-152.438333	59.873	54	8	43	62.8	9.227	33.272	88.585	9.446	1.556	30.541
2018	-152.438333	59.873	54	8	44	64.229	9.285	33.068	89.636	9.435	1.556	30.524
2018	-152.438333	59.873	54	8	45	65.45	9.292	32.998	88.101	9.434	1.543	30.546
2018	-152.438333	59.873	54	8	46	67.296	9.626	32.663	90.719	9.375	1.557	30.333
2018	-152.438333	59.873	54	8	47	68.716	9.62	32.662	90.557	9.376	1.557	30.342
2018	-152.438333	59.873	54	8	48	70.082	9.611	32.695	89.992	9.377	1.558	30.35
2018	-152.438333	59.873	54	8	49	71.273	9.603	32.687	89.199	9.378	1.552	30.365
2018	-152.438333	59.873	54	8	50	72.725	9.517	32.868	88.369	9.391	1.546	30.44
2018	-152.438333	59.873	54	8	51	73.84	9.518	32.478	86.958	9.391	1.456	30.467
2018	-152.438333	59.873	54	8	52	75.712	9.524	32.882	88.485	9.395	1.559	30.37
2018	-152.438333	59.873	54	8	53	76.892	9.52	32.925	86.68	9.396	1.561	30.38
2018	-152.438333	59.873	54	8	54	78.088	9.528	32.9	81.414	9.394	1.45	30.392
