	Depth	Pressure	Temp deg. C	Fluorescence 	Oxygen % Sat	Oxygen mg/l	PAR	Salinity	flag		Pressure [psi]	Temp deg. C	Chlor a [mg/m^3]	Oxygen % Sat	Oxygen mg/l	PAR	Salinity [PSU]
cast1	1	1.82	8.487	31.0383	92.91323	9.52313	1.76E+03	31.1279	0.00E+00	1	1.768	9.494	31.347	90.814	9.286	975.460	31.122
cast1	2	2.939	8.4222	32.7066	85.40144	9.55185	1.09E+03	31.5528	0.00E+00	2	3.110	9.368	30.396	87.835	9.350	520.881	31.570
cast1	3	4.345	8.706	35.0665	86.19494	9.51413	8.17E+02	31.7317	0.00E+00	3	4.540	9.377	30.890	87.477	9.349	387.359	31.655
cast1	4	6.166	8.5853	35.8125	92.26565	9.49041	5.56E+02	31.5298	0.00E+00	4	5.978	9.346	31.752	88.492	9.351	322.831	31.613
cast1	5	7.556	8.3652	35.9237	91.38107	9.54243	4.57E+02	31.5845	0.00E+00	5	7.395	9.304	31.996	88.873	9.362	263.297	31.598
cast1	6	8.762	8.3137	35.9188	91.17372	9.56283	3.79E+02	31.6893	0.00E+00	6	8.851	9.307	32.054	88.881	9.363	217.305	31.631
cast1	7	10.03	8.3014	35.9533	91.12859	9.56758	2.97E+02	31.7354	0.00E+00	7	10.269	9.264	32.076	89.079	9.371	185.645	31.628
cast1	8	11.302	8.2968	35.9294	89.01843	9.56826	2.52E+02	31.7577	0.00E+00	8	11.721	9.256	32.231	90.355	9.375	150.001	31.591
cast1	9	12.968	8.5209	36.098	85.29317	9.52106	2.39E+02	31.8273	0.00E+00	9	13.231	9.250	32.278	91.593	9.378	138.310	31.557
cast1	10	14.726	8.3215	36.1824	86.75734	9.55593	2.12E+02	31.7114	0.00E+00	10	14.747	9.224	32.361	92.588	9.384	120.912	31.535
cast1	11	16.105	8.3057	36.2331	86.85199	9.5635	1.86E+02	31.8034	0.00E+00	11	16.193	9.211	32.488	92.606	9.389	107.101	31.523
cast1	12	17.589	8.2867	36.4611	88.24511	9.57076	1.60E+02	31.728	0.00E+00	12	17.623	9.202	32.745	92.552	9.392	93.466	31.510
cast1	13	18.974	8.2793	36.431	85.738	9.57218	1.38E+02	31.7699	0.00E+00	13	19.046	9.195	32.818	92.197	9.394	81.258	31.504
cast1	14	20.479	8.2826	36.8176	85.4148	9.57249	1.14E+02	31.7433	0.00E+00	14	20.475	9.190	33.384	91.578	9.395	70.806	31.500
cast1	15	22.007	8.2844	36.6071	86.18509	9.57204	9.85E+01	31.7529	0.00E+00	15	21.936	9.188	33.520	91.454	9.396	60.168	31.505
cast1	16	23.359	8.2683	36.7248	86.41083	9.57758	8.58E+01	31.7003	0.00E+00	16	23.413	9.183	33.627	91.704	9.397	51.983	31.495
cast1	17	24.874	8.2737	36.8123	82.92861	9.5744	7.23E+01	31.7527	0.00E+00	17	24.881	9.180	33.606	91.723	9.398	45.786	31.498
cast1	18	26.418	8.2705	36.8154	86.36179	9.5786	6.28E+01	31.6866	0.00E+00	18	26.320	9.176	33.635	92.009	9.399	39.462	31.491
cast1	19	27.759	8.2598	36.6905	85.17091	9.58152	5.47E+01	31.6711	0.00E+00	19	27.857	9.149	33.868	91.898	9.404	35.133	31.502
cast1	20	29.394	8.2873	36.685	82.54226	9.56647	4.69E+01	31.8447	0.00E+00	20	29.317	9.151	33.844	91.681	9.403	30.792	31.513
cast1	21	30.767	8.25	36.7251	86.19689	9.58252	4.12E+01	31.6353	0.00E+00	21	30.767	9.147	33.926	91.808	9.404	26.698	31.498
cast1	22	32.187	8.2461	36.9072	84.47285	9.58369	3.57E+01	31.7014	0.00E+00	22	32.210	9.145	33.915	91.443	9.405	23.501	31.501
cast1	23	33.685	8.248	36.9515	85.95923	9.58563	3.11E+01	31.6463	0.00E+00	23	33.642	9.144	33.835	91.272	9.405	20.812	31.498
cast1	24	35.139	8.2448	36.8282	85.67855	9.58572	2.68E+01	31.67	0.00E+00	24	35.095	9.143	33.816	91.103	9.405	18.363	31.503
cast1	25	36.64	8.2426	36.7778	86.90702	9.58695	2.33E+01	31.6413	0.00E+00	25	36.559	9.141	33.853	91.088	9.406	16.106	31.501
cast1	26	38.039	8.2367	36.7975	85.91149	9.58809	2.02E+01	31.6584	0.00E+00	26	38.036	9.139	33.946	91.097	9.406	14.247	31.506
cast1	27	39.546	8.2365	36.747	86.44977	9.58836	1.77E+01	31.6455	0.00E+00	27	39.505	9.135	33.946	91.146	9.407	12.687	31.504
cast1	28	41	8.2326	36.9841	86.53951	9.58939	1.54E+01	31.651	0.00E+00	28	40.964	9.134	33.993	91.201	9.407	11.168	31.507
cast1	29	42.466	8.2307	36.7434	86.12862	9.59004	1.36E+01	31.6395	0.00E+00	29	42.449	9.132	34.069	91.149	9.407	9.930	31.505
cast1	30	43.891	8.2312	36.9002	85.02713	9.58982	1.18E+01	31.6536	0.00E+00	30	43.880	9.130	34.125	90.865	9.408	8.927	31.505
cast1	31	45.427	8.2335	37.3374	86.28263	9.58974	1.05E+01	31.6365	0.00E+00	31	45.290	9.128	34.176	90.776	9.408	8.046	31.505
cast1	32	46.837	8.231	36.8707	85.35586	9.59021	9.25E+00	31.644	0.00E+00	32	46.730	9.127	34.090	90.348	9.408	7.214	31.508
cast1	33	48.33	8.2326	36.956	85.54878	9.59027	8.21E+00	31.6335	0.00E+00	33	48.138	9.133	34.117	90.104	9.408	6.817	31.503
cast1	34	49.734	8.2319	37.0144	83.3499	9.58999	7.31E+00	31.6448	0.00E+00	34	49.468	9.093	34.218	88.995	9.416	6.484	31.504
cast1	35	51.266	8.2344	36.9309	85.86573	9.58997	6.52E+00	31.6354	0.00E+00	35	50.925	9.014	34.342	89.095	9.431	6.400	31.537
cast1	36	52.695	8.2286	37.0483	90.12783	9.59108	5.88E+00	31.6215	0.00E+00	36	52.383	8.994	34.282	89.368	9.434	6.217	31.542
cast1	37	53.903	8.2099	37.0595	-9.99E-29	9.59593	5.31E+00	31.6154	0.00E+00	37	53.774	8.951	34.405	79.526	9.443	5.914	31.560
cast12	1	1.805	8.81	23.2687	94.7851	9.38682	2.11E+03	31.4532	0.00E+00	38	55.389	8.997	33.989	88.845	9.432	5.949	31.572
cast12	2	3.069	8.6246	28.6415	89.5288	9.48269	8.84E+02	31.9412	0.00E+00	39	56.750	9.013	33.958	62.434	9.429	5.337	31.588
cast12	3	4.409	8.7378	32.1112	82.53786	9.45487	7.39E+02	32.2909	0.00E+00	40	58.434	8.971	33.815	23.275	9.435	5.249	31.600
cast12	4	5.868	8.8053	33.331	84.20826	9.42995	6.00E+02	32.3502	0.00E+00	41	59.772	8.970	33.835	66.146	9.436	4.825	31.601
cast12	5	7.345	8.6799	33.0892	85.81006	9.46054	5.23E+02	31.9265	0.00E+00	42	61.100	8.971	33.854	66.092	9.435	4.458	31.604
cast12	6	8.759	8.6402	32.7023	82.20919	9.46808	4.21E+02	32.164	0.00E+00	43	62.265	8.974	33.770	66.330	9.435	3.942	31.602
cast12	7	10.259	8.6136	32.8867	81.67093	9.45825	3.60E+02	32.4084	0.00E+00	44	63.712	8.922	27.403	59.028	9.446	3.306	31.600
cast12	8	11.689	8.6242	32.9541	83.91423	9.48672	2.84E+02	31.9796	0.00E+00	45	65.058	8.961	34.894	85.227	9.439	2.860	31.593
cast12	9	13.16	8.6075	32.684	86.42121	9.48842	2.78E+02	31.9532	0.00E+00	46	65.479	9.411	34.438	88.455	9.351	1.542	31.485
cast12	10	14.694	8.5927	32.6555	88.09602	9.49527	2.37E+02	31.8921	0.00E+00								
cast12	11	16.159	8.5684	33.057	88.20231	9.5035	2.13E+02	31.8266	0.00E+00								
cast12	12	17.544	8.5339	33.2337	87.94978	9.51171	1.81E+02	31.7888	0.00E+00								
cast12	13	18.94	8.52	33.4173	87.59223	9.51812	1.54E+02	31.7885	0.00E+00								
cast12	14	20.375	8.5188	34.352	86.38369	9.51929	1.41E+02	31.7862	0.00E+00								
cast12	15	21.911	8.5214	34.3363	86.01548	9.51832	1.15E+02	31.8029	0.00E+00								
cast12	16	23.487	8.52	34.3962	86.89379	9.51912	1.07E+02	31.7801	0.00E+00								
cast12	17	25.071	8.5154	34.567	88.51197	9.5209	8.82E+01	31.7658	0.00E+00								
cast12	18	26.52	8.502	34.8352	89.06969	9.52444	7.71E+01	31.7347	0.00E+00								
cast12	19	27.836	8.4953	35.0821	88.5353	9.52724	7.20E+01	31.7302	0.00E+00								
cast12	20	29.198	8.4939	35.2345	88.25378	9.52805	6.20E+01	31.7307	0.00E+00								
cast12	21	30.726	8.4989	35.673	88.70727	9.52744	5.16E+01	31.7368	0.00E+00								
cast12	22	32.287	8.5006	35.0057	88.95444	9.52703	4.75E+01	31.7246	0.00E+00								
cast12	23	33.706	8.4955	35.2449	88.74716	9.5282	4.19E+01	31.7138	0.00E+00								
cast12	24	35.097	8.4941	34.9941	87.83876	9.52901	3.65E+01	31.7143	0.00E+00								
cast12	25	36.507	8.4958	34.979	86.65093	9.52893	3.22E+01	31.7155	0.00E+00								
cast12	26	38.045	8.4971	35.0755	86.48813	9.52834	2.84E+01	31.717	0.00E+00								
cast12	27	39.531	8.4963	35.056	86.84175	9.5288	2.58E+01	31.7107	0.00E+00								
cast12	28	40.979	8.4949	35.0876	87.65821	9.52916	2.26E+01	31.7106	0.00E+00								
cast12	29	42.552	8.4953	35.1724	88.10267	9.52934	1.98E+01	31.7057	0.00E+00								
cast12	30	43.957	8.491	35.1819	87.30177	9.53024	1.78E+01	31.6968	0.00E+00								
cast12	31	45.35	8.4895	35.1569	87.46696	9.53083	1.60E+01	31.7016	0.00E+00								
cast12	32	46.886	8.4912	35.1988	87.97183	9.53066	1.42E+01	31.7015	0.00E+00								
cast12	33	48.325	8.4873	35.2001	86.85798	9.53126	1.27E+01	31.693	0.00E+00								
cast12	34	49.643	8.485	35.3618	85.21948	9.53209	1.15E+01	31.6955	0.00E+00								
cast12	35	51.178	8.4887	35.3037	85.57546	9.53143	1.03E+01	31.7023	0.00E+00								
cast12	36	52.854	8.4899	35.2414	87.45168	9.53093	9.22E+00	31.697	0.00E+00								
cast12	37	54.266	8.4856	35.3381	87.30972	9.53208	8.37E+00	31.6891	0.00E+00								
cast12	38	55.633	8.4855	35.2581	87.22241	9.53244	7.58E+00	31.6912	0.00E+00								
cast12	39	57.121	8.4863	35.2076	87.65244	9.53237	6.90E+00	31.6893	0.00E+00								
cast12	40	58.527	8.4831	35.1524	86.47536	9.53285	6.33E+00	31.6836	0.00E+00								
cast12	41	59.844	8.4815	35.1493	84.58246	9.53342	5.78E+00	31.687	0.00E+00								
cast12	42	61.444	8.4845	35.4552	85.74148	9.53267	5.28E+00	31.6961	0.00E+00								
cast12	43	62.943	8.4826	35.5711	87.95394	9.53296	4.89E+00	31.6849	0.00E+00								
cast12	44	64.053	8.4811	35.4308	86.65296	9.53375	4.53E+00	31.6827	0.00E+00								
cast12	45	65.02	8.5182	35.2043	81.8163	9.52594	4.16E+00	31.7054	0.00E+00								
cast23	1	2.124	9.0308	34.3003	92.60975	9.37373	1.45E+03	31.2722	0.00E+00								
cast23	2	3.172	8.8873	31.1742	91.83098	9.43617	4.24E+02	31.5352	0.00E+00								
cast23	3	4.53	8.8303	27.5101	90.75372	9.45513	3.04E+02	31.6305	0.00E+00								
cast23	4	5.962	8.8119	33.1711	89.84695	9.46103	3.46E+02	31.6733	0.00E+00								
cast23	5	7.319	8.7961	33.5203	89.35148	9.46494	2.98E+02	31.6684	0.00E+00								
cast23	6	8.731	8.7839	33.5203	90.01008	9.46823	2.55E+02	31.671	0.00E+00								
cast23	7	10.253	8.7766	33.8232	91.16462	9.47025	2.29E+02	31.6763	0.00E+00								
cast23	8	11.787	8.7672	34.0269	91.90462	9.4729	1.91E+02	31.6587	0.00E+00								
cast23	9	13.223	8.7576	33.9857	91.92623	9.47578	2.04E+02	31.645	0.00E+00								
cast23	10	14.646	8.7518	34.0851	91.86867	9.47791	1.81E+02	31.6407	0.00E+00								
cast23	11	16.123	8.7472	34.1805	91.83661	9.479	1.62E+02	31.6412	0.00E+00								
cast23	12	17.654	8.74	34.3467	91.81492	9.48009	1.51E+02	31.6397	0.00E+00								
cast23	13	19.138	8.7287	34.592	91.62858	9.48226	1.36E+02	31.633	0.00E+00								
cast23	14	20.502	8.7236	34.873	91.28339	9.48459	1.24E+02	31.631	0.00E+00								
cast23	15	21.88	8.7272	34.7492	91.03953	9.48501	1.12E+02	31.6344	0.00E+00								
cast23	16	23.358	8.7277	34.6905	90.84778	9.48417	9.99E+01	31.6344	0.00E+00								
cast23	17	24.892	8.7265	34.6225	90.95978	9.48434	9.07E+01	31.6349	0.00E+00								
cast23	18	26.396	8.724	34.6445	90.89207	9.48464	8.04E+01	31.6336	0.00E+00								
cast23	19	27.812	8.7244	34.631	90.61746	9.48539	7.08E+01	31.6319	0.00E+00								
cast23	20	29.206	8.7261	34.8401	90.33791	9.48519	6.24E+01	31.6305	0.00E+00								
cast23	21	30.722	8.7223	35.052	90.45088	9.48501	5.53E+01	31.6302	0.00E+00								
cast23	22	32.411	8.7193	34.7937	90.80038	9.48569	5.02E+01	31.6348	0.00E+00								
cast23	23	33.953	8.7171	34.874	90.92187	9.48639	4.56E+01	31.6308	0.00E+00								
cast23	24	35.33	8.7113	34.9307	90.8462	9.48734	4.07E+01	31.622	0.00E+00								
cast23	25	36.649	8.706	34.9304	90.526	9.48854	3.58E+01	31.6219	0.00E+00								
cast23	26	37.918	8.7037	34.9321	90.16266	9.48945	3.16E+01	31.6246	0.00E+00								
cast23	27	39.2	8.7014	34.7962	89.61957	9.48992	2.80E+01	31.6253	0.00E+00								
cast23	28	40.706	8.701	34.6356	89.36105	9.49004	2.45E+01	31.6326	0.00E+00								
cast23	29	42.34	8.7017	35.031	89.57088	9.48981	2.15E+01	31.6363	0.00E+00								
cast23	30	43.984	8.7021	34.9255	90.11103	9.48963	1.88E+01	31.6368	0.00E+00								
cast23	31	45.517	8.7008	34.7351	90.37794	9.48978	1.67E+01	31.634	0.00E+00								
cast23	32	46.929	8.698	34.8113	90.54718	9.49028	1.49E+01	31.6314	0.00E+00								
cast23	33	48.252	8.696	34.8049	90.28766	9.49103	1.33E+01	31.6287	0.00E+00								
cast23	34	49.497	8.6959	34.6958	89.45777	9.49128	1.19E+01	31.6298	0.00E+00								
cast23	35	50.642	8.6954	34.6757	87.71846	9.49135	1.06E+01	31.6295	0.00E+00								
cast23	36	51.629	8.6954	34.6887	85.55394	9.49145	9.49E+00	31.6295	0.00E+00								
cast23	37	52.657	8.7071	34.6982	81.985	9.49037	6.57E+00	31.6469	0.00E+00								
Cast24	1	1.797	8.8545	27.5389	88.37673	9.41355	1.79E+03	31.4981	0.00E+00								
Cast24	2	3.117	8.7573	31.6213	85.59095	9.46512	1.12E+03	31.847	0.00E+00								
Cast24	3	4.717	8.7791	33.4626	87.96477	9.46163	7.70E+02	31.8571	0.00E+00								
Cast24	4	6.058	8.7638	33.4208	88.12104	9.46511	6.03E+02	31.7862	0.00E+00								
Cast24	5	7.333	8.7512	33.4565	86.80975	9.46931	4.67E+02	31.7641	0.00E+00								
Cast24	6	8.649	8.7501	33.4873	84.47253	9.46978	4.57E+02	31.7947	0.00E+00								
Cast24	7	10.082	8.7702	33.4986	81.72322	9.45809	4.41E+02	31.9689	0.00E+00								
Cast24	8	11.681	8.8475	33.4936	82.64249	9.44285	3.20E+02	32.0394	0.00E+00								
Cast24	9	13.254	8.8096	33.5572	87.52409	9.45117	3.30E+02	31.7563	0.00E+00								
Cast24	10	14.733	8.7599	33.7793	90.92708	9.4665	2.47E+02	31.72	0.00E+00								
Cast24	11	16.224	8.7359	33.7366	92.05383	9.47457	2.26E+02	31.7222	0.00E+00								
Cast24	12	17.675	8.7255	33.7801	92.0144	9.47863	1.84E+02	31.7113	0.00E+00								
Cast24	13	19.027	8.7202	33.8745	90.98836	9.48093	1.81E+02	31.7013	0.00E+00								
Cast24	14	20.342	8.7169	34.2625	89.63262	9.48232	1.70E+02	31.696	0.00E+00								
Cast24	15	21.782	8.7172	34.1821	88.82197	9.48268	1.35E+02	31.6991	0.00E+00								
Cast24	16	23.432	8.7231	34.0232	89.4996	9.48177	1.13E+02	31.7035	0.00E+00								
Cast24	17	25.068	8.7206	34.123	90.65651	9.48163	1.14E+02	31.6891	0.00E+00								
Cast24	18	26.591	8.7143	34.3179	91.21695	9.48343	9.78E+01	31.6816	0.00E+00								
Cast24	19	27.983	8.7097	34.1293	91.18938	9.48491	8.24E+01	31.6743	0.00E+00								
Cast24	20	29.307	8.7061	33.9705	90.62153	9.48639	7.68E+01	31.6652	0.00E+00								
Cast24	21	30.609	8.7044	34.291	89.56172	9.48715	6.81E+01	31.6633	0.00E+00								
Cast24	22	31.935	8.703	34.2854	88.39437	9.48746	5.83E+01	31.6642	0.00E+00								
Cast24	23	33.445	8.7032	34.2154	87.98234	9.48716	5.15E+01	31.6749	0.00E+00								
Cast24	24	35.273	8.708	34.2875	89.21416	9.48614	4.56E+01	31.681	0.00E+00								
Cast24	25	36.881	8.7044	34.1113	90.36808	9.48675	4.01E+01	31.662	0.00E+00								
Cast24	26	38.254	8.7005	34.1242	90.45318	9.48793	3.69E+01	31.6607	0.00E+00								
Cast24	27	39.609	8.6999	34.2961	90.3981	9.48858	3.29E+01	31.6597	0.00E+00								
Cast24	28	40.987	8.7001	34.2269	90.27143	9.48879	2.85E+01	31.657	0.00E+00								
Cast24	29	42.352	8.7006	34.1929	89.65865	9.48891	2.54E+01	31.6545	0.00E+00								
Cast24	30	43.68	8.7004	34.2964	88.33177	9.48889	2.31E+01	31.6538	0.00E+00								
Cast24	31	45.097	8.7016	34.5215	87.26498	9.48856	2.06E+01	31.6581	0.00E+00								
Cast24	32	46.781	8.7049	34.3865	88.2057	9.48767	1.80E+01	31.6654	0.00E+00								
Cast24	33	48.562	8.7077	34.1717	89.99641	9.48712	1.62E+01	31.6593	0.00E+00								
Cast24	34	50	8.7037	34.2551	90.31359	9.48779	1.47E+01	31.6503	0.00E+00								
Cast24	35	51.303	8.7011	34.0697	90.14223	9.48866	1.33E+01	31.6495	0.00E+00								
Cast24	36	52.547	8.7006	34.1071	89.7915	9.4891	1.21E+01	31.6485	0.00E+00								
Cast24	37	53.798	8.7001	34.1957	89.12002	9.48917	1.10E+01	31.649	0.00E+00								
Cast24	38	55.036	8.6999	34.2255	87.40049	9.48918	9.93E+00	31.6507	0.00E+00								
Cast24	39	56.213	8.7287	34.1224	81.56768	9.48355	8.35E+00	31.659	0.00E+00								
cast35	1	1.83	9.2379	32.5354	90.89406	9.29049	1.35E+02	31.0167	0.00E+00								
cast35	2	3.038	9.0557	30.5724	85.49546	9.3919	7.17E+01	31.6396	0.00E+00								
cast35	3	4.513	9.0514	30.0972	85.08658	9.39733	6.63E+01	31.9743	0.00E+00								
cast35	4	6.077	9.0277	32.3603	88.12202	9.4036	6.39E+01	31.8129	0.00E+00								
cast35	5	7.552	8.9828	32.4807	90.85231	9.41738	6.69E+01	31.7636	0.00E+00								
cast35	6	9.052	8.9617	32.5	92.73268	9.42423	7.23E+01	31.7642	0.00E+00								
cast35	7	10.434	8.9322	32.6048	93.2459	9.4324	7.99E+01	31.6937	0.00E+00								
cast35	8	11.82	8.9107	32.6352	93.12087	9.43911	9.45E+01	31.6805	0.00E+00								
cast35	9	13.218	8.9004	32.6885	92.77976	9.4439	1.28E+02	31.6714	0.00E+00								
cast35	10	14.612	8.8965	32.7516	92.43063	9.4459	1.87E+02	31.6662	0.00E+00								
cast35	11	16.057	8.8955	32.809	92.13621	9.44655	1.98E+02	31.6693	0.00E+00								
cast35	12	17.559	8.8957	33.1557	91.84417	9.44637	2.07E+02	31.6743	0.00E+00								
cast35	13	19.069	8.8938	33.1897	91.65863	9.44661	1.85E+02	31.6701	0.00E+00								
cast35	14	20.608	8.8886	33.0535	91.65136	9.44752	1.64E+02	31.6633	0.00E+00								
cast35	15	22.055	8.8837	33.1431	91.73805	9.44947	1.50E+02	31.6506	0.00E+00								
cast35	16	23.507	8.8818	33.2785	91.7861	9.45047	1.31E+02	31.6495	0.00E+00								
cast35	17	24.941	8.8809	33.4932	91.88059	9.45091	1.17E+02	31.6483	0.00E+00								
cast35	18	26.379	8.8805	33.7034	91.8033	9.4514	1.02E+02	31.6427	0.00E+00								
cast35	19	27.794	8.8807	33.5794	91.71425	9.45155	8.83E+01	31.6417	0.00E+00								
cast35	20	29.233	8.8842	33.5044	91.5734	9.45135	7.93E+01	31.6425	0.00E+00								
cast35	21	30.697	8.8874	33.4675	91.46491	9.45051	6.94E+01	31.6438	0.00E+00								
cast35	22	32.196	8.8875	33.4435	91.39662	9.45004	6.23E+01	31.641	0.00E+00								
cast35	23	33.702	8.8862	33.4786	91.34677	9.4504	5.78E+01	31.6367	0.00E+00								
cast35	24	35.165	8.8841	33.4881	91.24714	9.45081	5.24E+01	31.6347	0.00E+00								
cast35	25	36.588	8.8819	33.5074	91.07588	9.45135	4.62E+01	31.6328	0.00E+00								
cast35	26	38.007	8.8814	33.521	90.86335	9.45175	4.08E+01	31.6341	0.00E+00								
cast35	27	39.378	8.8786	33.2611	90.79394	9.45199	3.65E+01	31.6312	0.00E+00								
cast35	28	40.901	8.8765	33.2971	90.8447	9.45232	3.24E+01	31.638	0.00E+00								
cast35	29	42.54	8.8762	33.3125	90.90342	9.45251	2.91E+01	31.6387	0.00E+00								
cast35	30	44.052	8.8754	33.7103	90.92809	9.45292	2.67E+01	31.6347	0.00E+00								
cast35	31	45.469	8.8746	33.7444	90.90009	9.45335	2.45E+01	31.6304	0.00E+00								
cast35	32	46.848	8.8745	34.0597	90.87554	9.45352	2.21E+01	31.6297	0.00E+00								
cast35	33	48.268	8.8738	34.0241	90.72514	9.4536	1.96E+01	31.6288	0.00E+00								
cast35	34	49.65	8.8739	33.7842	90.59386	9.45369	1.75E+01	31.6293	0.00E+00								
cast35	35	51.148	8.874	33.736	90.61421	9.45341	1.57E+01	31.6338	0.00E+00								
cast35	36	52.72	8.8743	33.6741	90.78339	9.45332	1.44E+01	31.6346	0.00E+00								
cast35	37	54.269	8.8742	33.8969	90.93386	9.45339	1.33E+01	31.6328	0.00E+00								
cast35	38	55.694	8.8739	33.8965	90.92753	9.45371	1.21E+01	31.6278	0.00E+00								
cast35	39	57.035	8.8736	33.9049	-80.50331	9.45387	1.10E+01	31.6269	0.00E+00								
cast35	40	58.382	8.8731	33.9045	-174.14819	9.45393	9.96E+00	31.6267	0.00E+00								
cast35	41	59.717	8.873	33.9205	-9.99E-29	9.45396	9.04E+00	31.6278	0.00E+00								
cast35	42	61.008	8.8732	33.958	-9.99E-29	9.45391	8.25E+00	31.6289	0.00E+00								
cast35	43	62.144	8.8737	34.0448	-9.99E-29	9.4538	7.58E+00	31.6295	0.00E+00								
cast35	44	63.091	8.8806	12.5023	-9.99E-29	9.45325	3.83E+00	31.6365	0.00E+00								
cast36	1	1.664	9.2167	33.9579	90.19286	9.31722	6.56E+02	31.2999	0.00E+00								
cast36	2	3.243	9.106	31.2409	88.81387	9.39407	3.10E+02	31.9463	0.00E+00								
cast36	3	4.822	9.0998	32.2496	87.30368	9.38866	2.89E+02	31.8245	0.00E+00								
cast36	4	6.055	9.0688	32.5545	87.91424	9.39642	2.37E+02	31.8447	0.00E+00								
cast36	5	7.474	9.0645	32.8068	90.50078	9.39915	1.92E+02	31.8583	0.00E+00								
cast36	6	8.904	9.0521	33.2517	92.13611	9.40382	1.58E+02	31.7909	0.00E+00								
cast36	7	10.291	9.0345	33.4141	92.03923	9.40994	1.35E+02	31.7453	0.00E+00								
cast36	8	11.67	9.0184	33.738	91.71815	9.41454	1.18E+02	31.7289	0.00E+00								
cast36	9	13.133	9.0065	33.6755	91.8688	9.41785	1.04E+02	31.7314	0.00E+00								
cast36	10	14.636	8.9992	33.5118	92.47853	9.42065	9.25E+01	31.7206	0.00E+00								
cast36	11	16.139	8.9935	34.0506	92.9079	9.42303	8.23E+01	31.7068	0.00E+00								
cast36	12	17.578	8.9894	34.0917	92.94548	9.42501	7.40E+01	31.691	0.00E+00								
cast36	13	19.033	8.9857	34.1828	92.87415	9.42663	6.64E+01	31.6774	0.00E+00								
cast36	14	20.543	8.9849	34.0611	92.95129	9.42769	5.88E+01	31.6737	0.00E+00								
cast36	15	22.085	8.9845	34.1089	92.72411	9.42822	5.20E+01	31.6635	0.00E+00								
cast36	16	23.502	8.9828	34.154	92.26182	9.42936	4.61E+01	31.6483	0.00E+00								
cast36	17	24.842	8.9834	34.1753	91.95044	9.42996	4.10E+01	31.6418	0.00E+00								
cast36	18	26.211	8.9821	34.1794	91.92244	9.42987	3.63E+01	31.642	0.00E+00								
cast36	19	27.698	8.9811	34.07	92.15045	9.42967	3.20E+01	31.6517	0.00E+00								
cast36	20	29.34	8.9823	34.1393	92.207	9.4293	2.83E+01	31.6585	0.00E+00								
cast36	21	30.849	8.9799	34.3084	91.79759	9.43007	2.52E+01	31.6416	0.00E+00								
cast36	22	32.166	8.9774	34.0745	91.45556	9.43121	2.25E+01	31.6336	0.00E+00								
cast36	23	33.504	8.9766	33.965	91.35922	9.43144	1.99E+01	31.6384	0.00E+00								
cast36	24	35.036	8.9791	34.096	91.44005	9.43071	1.77E+01	31.6498	0.00E+00								
cast36	25	36.627	8.9797	34.043	91.86755	9.43033	1.57E+01	31.649	0.00E+00								
cast36	26	38.237	8.9797	34.1738	92.24095	9.43042	1.41E+01	31.6456	0.00E+00								
cast36	27	39.742	8.9781	34.3688	92.24163	9.43124	1.27E+01	31.6332	0.00E+00								
cast36	28	41.097	8.976	33.977	92.08525	9.43202	1.14E+01	31.6268	0.00E+00								
cast36	29	42.438	8.9746	33.9972	91.91121	9.43225	1.02E+01	31.6289	0.00E+00								
cast36	30	43.847	8.9738	34.0255	91.90137	9.43232	9.20E+00	31.6334	0.00E+00								
cast36	31	45.332	8.9764	34.036	91.88233	9.43201	8.30E+00	31.6387	0.00E+00								
cast36	32	46.882	8.978	34.0374	91.96032	9.43164	7.50E+00	31.634	0.00E+00								
cast36	33	48.362	8.9781	34.3105	91.91845	9.43177	6.82E+00	31.6292	0.00E+00								
cast36	34	49.747	8.9776	34.4169	91.58057	9.43191	6.21E+00	31.6274	0.00E+00								
cast36	35	51.057	8.9778	34.587	90.95888	9.43202	5.67E+00	31.627	0.00E+00								
cast36	36	52.407	8.9787	34.5137	90.78367	9.43168	5.18E+00	31.6313	0.00E+00								
cast36	37	53.853	8.9806	34.3809	90.50739	9.4311	4.76E+00	31.6364	0.00E+00								
cast36	38	55.217	8.9807	34.2303	88.7207	9.43078	4.40E+00	31.6334	0.00E+00								
cast36	39	56.14	9.0053	34.8923	85.2968	9.42663	4.02E+00	31.6504	0.00E+00								
cast43	1	2.029	9.2234	36.7916	94.32601	9.36108	5.01E+01	31.4339	0.00E+00								
cast43	2	3.175	9.1859	30.6613	93.2961	9.38407	2.75E+01	31.5725	0.00E+00								
cast43	3	4.47	9.177	30.4571	89.87938	9.38981	2.12E+01	31.6185	0.00E+00								
cast43	4	5.864	9.1778	30.7208	86.26715	9.38992	1.78E+01	31.6348	0.00E+00								
cast43	5	7.318	9.182	32.7496	85.23892	9.38766	1.50E+01	31.6632	0.00E+00								
cast43	6	8.742	9.1847	33.0008	85.95564	9.38749	1.30E+01	31.6539	0.00E+00								
cast43	7	10.144	9.1863	33.097	87.00052	9.38827	1.16E+01	31.6312	0.00E+00								
cast43	8	11.665	9.1855	33.6021	89.37959	9.38798	1.06E+01	31.6357	0.00E+00								
cast43	9	13.35	9.1842	33.5071	92.5483	9.38834	9.84E+00	31.6297	0.00E+00								
cast43	10	14.887	9.1777	33.4228	93.79913	9.39014	9.07E+00	31.6097	0.00E+00								
cast43	11	16.274	9.1736	33.6077	93.76351	9.39175	8.25E+00	31.605	0.00E+00								
cast43	12	17.599	9.1732	33.7276	93.20947	9.39226	7.50E+00	31.6056	0.00E+00								
cast43	13	18.964	9.1728	33.9756	92.78214	9.39235	6.82E+00	31.6066	0.00E+00								
cast43	14	20.433	9.1722	34.2625	92.49417	9.39242	6.22E+00	31.6071	0.00E+00								
cast43	15	21.987	9.1711	34.4242	92.43425	9.39258	5.69E+00	31.6067	0.00E+00								
cast43	16	23.516	9.1694	33.7561	92.37918	9.3929	5.22E+00	31.606	0.00E+00								
cast43	17	25.015	9.1693	33.8057	92.2088	9.39322	4.78E+00	31.6061	0.00E+00								
cast43	18	26.449	9.17	33.8284	92.12896	9.39324	4.39E+00	31.6045	0.00E+00								
cast43	19	27.919	9.1701	34.072	92.23374	9.39318	4.02E+00	31.6037	0.00E+00								
cast43	20	29.401	9.1697	34.0878	92.44834	9.3932	3.70E+00	31.6033	0.00E+00								
cast43	21	30.862	9.1697	34.2262	92.51393	9.39338	3.43E+00	31.6015	0.00E+00								
cast43	22	32.292	9.1692	34.3072	92.30933	9.39348	3.20E+00	31.5998	0.00E+00								
cast43	23	33.666	9.1691	34.2004	91.9317	9.39366	2.99E+00	31.5986	0.00E+00								
cast43	24	35.002	9.17	34.1702	91.59552	9.39359	2.81E+00	31.6	0.00E+00								
cast43	25	36.361	9.1707	34.1995	91.52395	9.3934	2.67E+00	31.6	0.00E+00								
cast43	26	37.864	9.1715	34.2071	91.72498	9.3931	2.51E+00	31.6022	0.00E+00								
cast43	27	39.438	9.1721	34.3248	92.0071	9.39292	2.39E+00	31.6023	0.00E+00								
cast43	28	40.867	9.1726	34.621	92.14069	9.39288	2.29E+00	31.6015	0.00E+00								
cast43	29	42.21	9.1731	34.9106	91.73274	9.3928	2.20E+00	31.6006	0.00E+00								
cast43	30	43.494	9.1732	34.358	90.25207	9.39275	2.11E+00	31.6002	0.00E+00								
cast43	31	44.617	9.1735	34.1599	87.64575	9.39271	2.04E+00	31.6005	0.00E+00								
cast43	32	46.291	9.191	33.7953	81.79281	9.38892	1.81E+00	31.6225	0.00E+00								
cast44	1	1.239	9.6751	35.6623	93.10846	9.18713	1.42E+02	30.6062	0.00E+00								
cast44	2	2.937	9.5241	30.4175	85.55287	9.33393	6.99E+01	31.7247	0.00E+00								
cast44	3	4.413	9.6057	30.1447	85.94318	9.31005	7.16E+01	31.7221	0.00E+00								
cast44	4	6.112	9.5513	32.3554	89.48834	9.30662	6.09E+01	31.4351	0.00E+00								
cast44	5	7.555	9.455	32.4592	88.41525	9.33402	5.10E+01	31.5568	0.00E+00								
cast44	6	9.085	9.4317	32.3604	92.29271	9.33886	4.13E+01	31.5573	0.00E+00								
cast44	7	10.376	9.3864	32.6158	93.98411	9.35194	3.56E+01	31.429	0.00E+00								
cast44	8	11.706	9.3544	32.7258	94.02614	9.36078	3.10E+01	31.4361	0.00E+00								
cast44	9	13.232	9.3418	32.894	94.15466	9.36573	2.71E+01	31.452	0.00E+00								
cast44	10	14.853	9.3382	32.9747	94.36637	9.36747	2.46E+01	31.4413	0.00E+00								
cast44	11	16.345	9.3272	32.7675	94.20048	9.36972	2.21E+01	31.4199	0.00E+00								
cast44	12	17.742	9.3169	32.7409	93.854	9.37224	1.97E+01	31.4162	0.00E+00								
cast44	13	19.088	9.3042	32.7327	93.47219	9.37465	1.75E+01	31.4095	0.00E+00								
cast44	14	20.458	9.2928	32.8468	93.07587	9.37735	1.55E+01	31.4099	0.00E+00								
cast44	15	21.866	9.2821	33.007	92.69459	9.37966	1.37E+01	31.4119	0.00E+00								
cast44	16	23.277	9.2762	33.3005	92.46608	9.38142	1.22E+01	31.4179	0.00E+00								
cast44	17	24.849	9.2757	33.3376	92.51459	9.382	1.08E+01	31.4265	0.00E+00								
cast44	18	26.497	9.2753	33.2501	92.73858	9.38187	9.60E+00	31.4243	0.00E+00								
cast44	19	28.005	9.2649	33.66	92.85492	9.38293	8.64E+00	31.4147	0.00E+00								
cast44	20	29.446	9.2588	33.7094	92.887	9.38409	7.79E+00	31.4319	0.00E+00								
cast44	21	30.862	9.2566	33.8576	92.91449	9.38532	7.05E+00	31.4292	0.00E+00								
cast44	22	32.277	9.2567	33.6688	92.81834	9.38544	6.34E+00	31.4346	0.00E+00								
cast44	23	33.652	9.2563	33.4757	92.72117	9.38487	5.71E+00	31.4433	0.00E+00								
cast44	24	35.022	9.2551	33.5122	92.40361	9.38551	5.14E+00	31.434	0.00E+00								
cast44	25	36.402	9.2551	33.5024	92.06204	9.38559	4.66E+00	31.4362	0.00E+00								
cast44	26	37.854	9.256	33.8924	91.62823	9.38511	4.22E+00	31.4442	0.00E+00								
cast44	27	39.416	9.2573	33.9725	91.53788	9.38447	3.85E+00	31.4506	0.00E+00								
cast44	28	41.045	9.2582	34.1221	91.95326	9.38409	3.55E+00	31.4527	0.00E+00								
cast44	29	42.603	9.2579	34.1787	92.45875	9.38408	3.29E+00	31.4511	0.00E+00								
cast44	30	44.038	9.2569	34.2095	92.63209	9.38454	3.06E+00	31.4447	0.00E+00								
cast44	31	45.329	9.2549	34.098	92.31412	9.38499	2.86E+00	31.4406	0.00E+00								
cast44	32	46.533	9.2571	34.1007	91.41175	9.38503	2.69E+00	31.4465	0.00E+00								
cast44	33	47.657	9.2608	34.0758	90.08737	9.38418	2.53E+00	31.4526	0.00E+00								
cast44	34	48.739	9.2651	34.0566	88.14222	9.38306	2.39E+00	31.457	0.00E+00								
cast44	35	49.731	9.2783	33.9517	85.4071	9.38074	1.60E+00	31.4719	0.00E+00								
cast55	1	1.651	9.5172	33.9239	88.64401	9.30689	2.62E+02	31.005	0.00E+00								
cast55	2	3.077	9.4631	33.0274	88.4728	9.34786	2.39E+02	31.3497	0.00E+00								
cast55	3	4.519	9.4653	32.8884	89.09175	9.34704	2.00E+02	31.351	0.00E+00								
cast55	4	5.839	9.4592	33.0406	86.50864	9.34851	1.68E+02	31.3441	0.00E+00								
cast55	5	7.218	9.4568	33.5648	83.40291	9.34517	1.36E+02	31.4025	0.00E+00								
cast55	6	8.681	9.4554	33.2665	80.76014	9.34266	1.11E+02	31.4663	0.00E+00								
cast55	7	10.256	9.5123	33.553	83.09643	9.33653	9.78E+01	31.5025	0.00E+00								
cast55	8	11.981	9.4946	33.9515	92.39357	9.33428	8.53E+01	31.2962	0.00E+00								
cast55	9	13.39	9.4261	33.8649	95.21148	9.35455	7.36E+01	31.2724	0.00E+00								
cast55	10	14.752	9.417	34.0138	94.87197	9.35989	6.47E+01	31.2881	0.00E+00								
cast55	11	16.125	9.4146	34.0215	94.31183	9.36115	5.62E+01	31.2881	0.00E+00								
cast55	12	17.556	9.4119	33.9104	94.06089	9.3616	4.88E+01	31.2888	0.00E+00								
cast55	13	19.086	9.4109	33.8269	94.1782	9.3622	4.26E+01	31.2871	0.00E+00								
cast55	14	20.67	9.4088	33.6393	94.47285	9.36239	3.71E+01	31.2869	0.00E+00								
cast55	15	22.169	9.4055	33.8901	94.62877	9.36266	3.24E+01	31.2924	0.00E+00								
cast55	16	23.675	9.4039	34.3489	94.67764	9.36332	2.82E+01	31.2897	0.00E+00								
cast55	17	25.124	9.4027	33.8256	94.59078	9.36326	2.46E+01	31.2958	0.00E+00								
cast55	18	26.565	9.402	33.8172	94.52586	9.36353	2.13E+01	31.2954	0.00E+00								
cast55	19	27.93	9.4017	34.5342	94.35097	9.36386	1.85E+01	31.2916	0.00E+00								
cast55	20	29.27	9.4016	34.4459	94.14936	9.36402	1.62E+01	31.2904	0.00E+00								
cast55	21	30.711	9.402	34.4745	94.21903	9.36429	1.41E+01	31.2856	0.00E+00								
cast55	22	32.184	9.4017	34.4898	94.09056	9.36426	1.23E+01	31.2851	0.00E+00								
cast55	23	33.636	9.4016	33.7861	93.95719	9.36418	1.07E+01	31.2875	0.00E+00								
cast55	24	35.119	9.4019	33.7009	93.84872	9.36409	9.35E+00	31.2891	0.00E+00								
cast55	25	36.587	9.4021	34.6238	93.73895	9.364	8.21E+00	31.2893	0.00E+00								
cast55	26	38.124	9.4018	34.4172	93.80365	9.36392	7.25E+00	31.2905	0.00E+00								
cast55	27	39.611	9.4013	34.2343	93.98411	9.36355	6.45E+00	31.2977	0.00E+00								
cast55	28	41.06	9.4013	34.259	94.11606	9.36351	5.75E+00	31.3001	0.00E+00								
cast55	29	42.483	9.401	34.2851	93.94302	9.36351	5.13E+00	31.3003	0.00E+00								
cast55	30	43.854	9.4013	35.6606	93.76715	9.36349	4.63E+00	31.3011	0.00E+00								
cast55	31	45.257	9.4015	37.0659	93.59974	9.36343	4.18E+00	31.3016	0.00E+00								
cast55	32	46.722	9.4014	35.8281	93.67033	9.36329	3.78E+00	31.3029	0.00E+00								
cast55	33	48.223	9.4014	34.8595	93.82351	9.36334	3.46E+00	31.3025	0.00E+00								
cast55	34	49.669	9.4015	34.6232	93.95041	9.36332	3.19E+00	31.3026	0.00E+00								
cast55	35	51.068	9.4017	34.2814	93.60123	9.36332	2.95E+00	31.3024	0.00E+00								
cast55	36	52.382	9.4019	34.2851	92.07525	9.3634	2.75E+00	31.3003	0.00E+00								
cast55	37	53.481	9.4018	34.2471	89.50374	9.36337	2.58E+00	31.3004	0.00E+00								
cast55	38	54.887	9.4084	34.5459	86.62994	9.36199	2.38E+00	31.3088	0.00E+00								
cast55	39	56.682	9.4703	33.5047	82.14687	9.3529	2.12E+00	31.394	0.00E+00								
cast56	1	1.742	9.4002	33.2626	89.96626	9.35163	4.08E+02	31.3665	0.00E+00								
cast56	2	3.017	9.3933	30.6359	85.29212	9.35687	2.24E+02	31.4521	0.00E+00								
cast56	3	4.468	9.4839	33.4401	84.24785	9.34328	1.75E+02	31.533	0.00E+00								
cast56	4	5.997	9.447	33.245	87.9843	9.33851	1.43E+02	31.4124	0.00E+00								
cast56	5	7.561	9.4005	33.3443	92.0724	9.35338	1.16E+02	31.419	0.00E+00								
cast56	6	8.998	9.3892	33.6706	92.32307	9.35805	9.51E+01	31.4066	0.00E+00								
cast56	7	10.27	9.3811	33.7083	90.13897	9.36087	7.68E+01	31.3924	0.00E+00								
cast56	8	11.541	9.3762	33.6929	87.8067	9.36222	6.21E+01	31.395	0.00E+00								
cast56	9	13	9.3748	34.0061	88.26752	9.36207	5.08E+01	31.4134	0.00E+00								
cast56	10	14.705	9.3776	34.2695	91.39544	9.36179	4.25E+01	31.4129	0.00E+00								
cast56	11	16.312	9.3729	34.3206	93.02467	9.36333	3.65E+01	31.3878	0.00E+00								
cast56	12	17.74	9.3684	34.1401	93.31184	9.36498	3.12E+01	31.3791	0.00E+00								
cast56	13	19.177	9.3666	33.7197	93.38886	9.36599	2.64E+01	31.3747	0.00E+00								
cast56	14	20.592	9.3656	34.1824	93.0945	9.36652	2.24E+01	31.3699	0.00E+00								
cast56	15	21.947	9.3656	34.4103	92.53507	9.3669	1.89E+01	31.3667	0.00E+00								
cast56	16	23.33	9.3647	33.9176	92.18354	9.36687	1.59E+01	31.3675	0.00E+00								
cast56	17	24.846	9.3643	34.0336	92.38828	9.3669	1.34E+01	31.37	0.00E+00								
cast56	18	26.394	9.3633	34.1354	92.62408	9.36703	1.14E+01	31.3692	0.00E+00								
cast56	19	27.908	9.3617	34.251	92.69261	9.3674	9.72E+00	31.3678	0.00E+00								
cast56	20	29.374	9.3619	34.273	92.78326	9.3677	8.34E+00	31.3673	0.00E+00								
cast56	21	30.836	9.3626	34.265	92.86529	9.36769	7.20E+00	31.3653	0.00E+00								
cast56	22	32.263	9.3626	34.4583	92.84722	9.36764	6.25E+00	31.3638	0.00E+00								
cast56	23	33.672	9.3625	34.2994	92.7611	9.36777	5.46E+00	31.3621	0.00E+00								
cast56	24	35.112	9.3621	33.9692	92.53791	9.36785	4.78E+00	31.3613	0.00E+00								
cast56	25	36.537	9.3622	34.1402	92.18542	9.36789	4.24E+00	31.3618	0.00E+00								
cast56	26	37.92	9.362	34.2393	91.82467	9.36792	3.77E+00	31.3612	0.00E+00								
cast56	27	39.372	9.3615	34.0926	91.3559	9.36791	3.37E+00	31.3626	0.00E+00								
cast56	28	40.87	9.3616	34.3617	91.34974	9.36789	3.05E+00	31.3641	0.00E+00								
cast56	29	42.482	9.3625	34.3325	92.04228	9.36773	2.79E+00	31.3653	0.00E+00								
cast56	30	44.041	9.3622	33.9425	92.49528	9.3677	2.58E+00	31.3629	0.00E+00								
cast56	31	45.401	9.3612	34.0233	92.2139	9.36797	2.41E+00	31.3611	0.00E+00								
cast56	32	46.697	9.3612	34.0861	91.95524	9.36812	2.26E+00	31.3612	0.00E+00								
cast56	33	48.051	9.361	34.3581	91.59386	9.36809	2.14E+00	31.3619	0.00E+00								
cast56	34	49.35	9.3614	34.65	89.95	9.36806	2.04E+00	31.3626	0.00E+00								
cast56	35	50.402	9.365	34.7239	87.23511	9.3678	1.89E+00	31.3658	0.00E+00								
cast56	36	51.461	9.4155	32.8797	85.80467	9.35756	1.65E+00	31.3701	0.00E+00								
cast67	1	1.999	9.6129	28.8711	87.47143	9.31497	2.03E+02	31.3541	0.00E+00								
cast67	2	3.1	9.6123	32.7443	84.39631	9.31608	1.03E+02	31.3643	0.00E+00								
cast67	3	4.412	9.6229	33.02	82.50644	9.31513	6.62E+01	31.373	0.00E+00								
cast67	4	5.897	9.625	33.2604	84.43012	9.3123	5.09E+01	31.3812	0.00E+00								
cast67	5	7.494	9.6176	33.556	89.14392	9.31442	4.17E+01	31.362	0.00E+00								
cast67	6	9.011	9.6131	33.9481	91.71306	9.31605	3.31E+01	31.3546	0.00E+00								
cast67	7	10.409	9.6093	33.5424	92.04271	9.3169	2.72E+01	31.3523	0.00E+00								
cast67	8	11.786	9.6065	33.7479	92.13069	9.31775	2.26E+01	31.3511	0.00E+00								
cast67	9	13.28	9.606	33.9999	92.55117	9.31825	1.93E+01	31.3505	0.00E+00								
cast67	10	14.797	9.6066	34.1549	92.78324	9.31844	1.67E+01	31.3471	0.00E+00								
cast67	11	16.229	9.6068	34.1	92.68427	9.31855	1.43E+01	31.3438	0.00E+00								
cast67	12	17.618	9.6065	34.0331	92.43311	9.31873	1.21E+01	31.3399	0.00E+00								
cast67	13	19.031	9.6058	34.1261	92.45655	9.31894	1.04E+01	31.3378	0.00E+00								
cast67	14	20.532	9.6053	34.1679	92.5646	9.31908	8.92E+00	31.3385	0.00E+00								
cast67	15	22.026	9.6054	33.8442	92.53114	9.31922	7.70E+00	31.3371	0.00E+00								
cast67	16	23.481	9.6057	33.8409	92.23407	9.31926	6.62E+00	31.3361	0.00E+00								
cast67	17	24.896	9.6055	34.1783	92.00936	9.31926	5.70E+00	31.3351	0.00E+00								
cast67	18	26.301	9.6053	34.1864	91.95727	9.31924	4.93E+00	31.3359	0.00E+00								
cast67	19	27.778	9.6056	33.9232	92.12262	9.31914	4.31E+00	31.3379	0.00E+00								
cast67	20	29.341	9.6057	33.9711	92.42033	9.31911	3.80E+00	31.3378	0.00E+00								
cast67	21	30.873	9.6058	34.0484	92.66907	9.31907	3.38E+00	31.338	0.00E+00								
cast67	22	32.312	9.6053	34.0877	92.7067	9.31917	3.05E+00	31.3367	0.00E+00								
cast67	23	33.716	9.6053	34.1228	92.53442	9.31926	2.77E+00	31.3364	0.00E+00								
cast67	24	35.104	9.6079	33.9846	92.3472	9.31915	2.55E+00	31.3381	0.00E+00								
cast67	25	36.552	9.6116	33.9472	92.2375	9.31853	2.35E+00	31.3388	0.00E+00								
cast67	26	38.006	9.6135	34.0475	92.26199	9.31789	2.19E+00	31.3364	0.00E+00								
cast67	27	39.483	9.6135	33.9974	92.35331	9.31762	2.07E+00	31.3361	0.00E+00								
cast67	28	40.964	9.6136	33.9062	92.35145	9.31764	1.97E+00	31.3353	0.00E+00								
cast67	29	42.456	9.6141	33.8943	92.34202	9.3176	1.88E+00	31.3354	0.00E+00								
cast67	30	43.94	9.6143	33.9429	92.30569	9.31752	1.82E+00	31.3353	0.00E+00								
cast67	31	45.392	9.6141	34.1536	92.28062	9.31756	1.76E+00	31.3337	0.00E+00								
cast67	32	46.733	9.6145	34.386	92.20637	9.31755	1.73E+00	31.3347	0.00E+00								
cast67	33	48.106	9.6149	34.3969	92.14219	9.31751	1.69E+00	31.334	0.00E+00								
cast67	34	49.506	9.6152	34.3678	91.9952	9.31732	1.67E+00	31.3355	0.00E+00								
cast67	35	50.882	9.6149	34.2561	91.13487	9.31735	1.66E+00	31.3341	0.00E+00								
cast67	36	52.112	9.6144	34.2429	89.42576	9.31736	1.63E+00	31.3353	0.00E+00								
cast67	37	53.131	9.6182	34.1722	84.68488	9.31684	1.68E+00	31.3364	0.00E+00								
cast77	1	1.725	9.4339	33.6289	87.24243	9.33814	1.73E+02	31.4964	0.00E+00								
cast77	2	3.038	9.4262	33.5422	82.67559	9.34216	9.31E+01	31.5685	0.00E+00								
cast77	3	4.464	9.4302	33.4891	83.00831	9.33817	6.69E+01	31.6263	0.00E+00								
cast77	4	5.823	9.431	33.7058	83.30092	9.34175	5.01E+01	31.5594	0.00E+00								
cast77	5	7.306	9.4325	33.8705	81.86451	9.33871	3.87E+01	31.6044	0.00E+00								
cast77	6	8.839	9.4279	33.7675	82.35847	9.34208	2.89E+01	31.5563	0.00E+00								
cast77	7	10.218	9.427	33.78	82.09168	9.34165	2.22E+01	31.579	0.00E+00								
cast77	8	11.711	9.4777	33.9021	82.42561	9.33141	1.80E+01	31.6782	0.00E+00								
cast77	9	13.271	9.46	33.9671	87.6488	9.33158	1.47E+01	31.5309	0.00E+00								
cast77	10	14.621	9.4178	33.9591	89.60956	9.34442	1.17E+01	31.5022	0.00E+00								
cast77	11	15.968	9.4082	34.0013	88.22397	9.34855	9.28E+00	31.5133	0.00E+00								
cast77	12	17.608	9.4091	34.1133	89.2816	9.34854	7.59E+00	31.525	0.00E+00								
cast77	13	19.181	9.4046	34.0075	91.04286	9.34999	6.35E+00	31.5018	0.00E+00								
cast77	14	20.558	9.4025	34.5286	90.28443	9.35098	5.26E+00	31.5017	0.00E+00								
cast77	15	21.974	9.4023	34.7944	89.93574	9.3512	4.43E+00	31.4999	0.00E+00								
cast77	16	23.51	9.4027	34.7045	90.90103	9.35118	3.79E+00	31.5009	0.00E+00								
cast77	17	25.064	9.4021	34.5998	91.55346	9.35138	3.30E+00	31.4963	0.00E+00								
cast77	18	26.466	9.4006	34.1476	91.11076	9.35192	2.91E+00	31.4911	0.00E+00								
cast77	19	27.786	9.3988	35.0402	90.97277	9.35233	2.60E+00	31.4897	0.00E+00								
cast77	20	29.306	9.3981	34.4345	90.88259	9.35255	2.37E+00	31.4911	0.00E+00								
cast77	21	30.742	9.3977	33.9844	90.56672	9.35282	2.19E+00	31.49	0.00E+00								
cast77	22	32.195	9.3985	34.1374	90.49742	9.3527	2.04E+00	31.4907	0.00E+00								
cast77	23	33.691	9.3985	34.0326	90.72081	9.3526	1.93E+00	31.4899	0.00E+00								
cast77	24	35.201	9.3982	33.9419	90.8964	9.35271	1.84E+00	31.4895	0.00E+00								
cast77	25	36.628	9.3984	33.9374	90.85973	9.35277	1.78E+00	31.4883	0.00E+00								
cast77	26	38.034	9.3984	33.982	90.66625	9.35278	1.73E+00	31.4875	0.00E+00								
cast77	27	39.478	9.3992	33.8017	90.71879	9.35275	1.69E+00	31.488	0.00E+00								
cast77	28	41.027	9.3986	34.0838	91.129	9.35269	1.66E+00	31.4873	0.00E+00								
cast77	29	42.562	9.3969	34.3899	91.14054	9.35296	1.63E+00	31.4857	0.00E+00								
cast77	30	44.005	9.3945	34.7795	91.13196	9.3534	1.62E+00	31.4854	0.00E+00								
cast77	31	45.473	9.3937	34.4629	91.33279	9.35374	1.60E+00	31.4865	0.00E+00								
cast77	32	46.926	9.393	34.2179	91.45616	9.35391	1.59E+00	31.4857	0.00E+00								
cast77	33	48.362	9.3926	34.0271	91.18063	9.35408	1.59E+00	31.4853	0.00E+00								
cast77	34	49.725	9.3924	33.9682	90.96494	9.35412	1.58E+00	31.4857	0.00E+00								
cast77	35	51.177	9.393	34.1242	91.12187	9.35409	1.57E+00	31.4868	0.00E+00								
cast77	36	52.747	9.3957	34.4447	91.51121	9.35373	1.57E+00	31.4875	0.00E+00								
cast77	37	54.271	9.3968	33.7745	91.58711	9.35344	1.57E+00	31.4844	0.00E+00								
cast77	38	55.661	9.398	33.9443	91.45423	9.35329	1.57E+00	31.4839	0.00E+00								
cast77	39	57.043	9.3989	34.2344	91.31273	9.35314	1.56E+00	31.4828	0.00E+00								
cast77	40	58.488	9.3985	34.4393	91.3919	9.35295	1.56E+00	31.4831	0.00E+00								
cast77	41	59.985	9.3979	34.4428	91.57647	9.35316	1.56E+00	31.4827	0.00E+00								
cast77	42	61.427	9.4008	34.2872	91.47729	9.35305	1.56E+00	31.4834	0.00E+00								
cast77	43	62.753	9.4032	34.1115	91.15044	9.35241	1.56E+00	31.4822	0.00E+00								
cast77	44	63.993	9.4031	34.2772	90.4298	9.35228	1.56E+00	31.4796	0.00E+00								
cast77	45	65.096	9.4037	34.5837	88.63773	9.35222	1.56E+00	31.4803	0.00E+00								
cast77	46	65.479	9.411	34.4376	88.45492	9.35107	1.54E+00	31.4851	0.00E+00								
cast89	1	1.667	9.7227	30.1931	91.39096	9.28341	1.43E+03	31.3305	0.00E+00								
cast89	2	3.275	9.6979	31.9511	86.68852	9.29814	8.51E+02	31.3877	0.00E+00								
cast89	3	4.667	9.709	31.9222	90.66375	9.29586	5.85E+02	31.3852	0.00E+00								
cast89	4	5.994	9.7074	31.9979	92.54758	9.29808	5.12E+02	31.3391	0.00E+00								
cast89	5	7.42	9.7106	32.0263	92.60244	9.29809	4.10E+02	31.3359	0.00E+00								
cast89	6	8.754	9.7005	32.0218	90.53363	9.29888	3.11E+02	31.3178	0.00E+00								
cast89	7	10.144	9.6733	32.0177	89.05897	9.30287	2.35E+02	31.3204	0.00E+00								
cast89	8	11.729	9.6669	32.1756	91.15231	9.30485	1.73E+02	31.3564	0.00E+00								
cast89	9	13.42	9.6555	32.3303	94.80714	9.30736	1.33E+02	31.3362	0.00E+00								
cast89	10	14.977	9.6389	32.5313	96.1791	9.31184	1.07E+02	31.3082	0.00E+00								
cast89	11	16.378	9.6304	32.782	95.99433	9.31479	8.60E+01	31.3051	0.00E+00								
cast89	12	17.7	9.6287	32.7444	95.96061	9.31644	6.73E+01	31.2963	0.00E+00								
cast89	13	19.013	9.6253	32.7306	95.54476	9.31734	5.16E+01	31.288	0.00E+00								
cast89	14	20.349	9.6233	32.9157	94.56533	9.31808	3.96E+01	31.2886	0.00E+00								
cast89	15	21.827	9.6266	33.1574	93.3163	9.31839	3.03E+01	31.2872	0.00E+00								
cast89	16	23.339	9.6258	33.3099	93.23758	9.31781	2.38E+01	31.284	0.00E+00								
cast89	17	24.874	9.6248	33.271	94.42315	9.31804	2.07E+01	31.2891	0.00E+00								
cast89	18	26.504	9.6228	33.2256	95.32969	9.31805	1.68E+01	31.2891	0.00E+00								
cast89	19	27.963	9.6208	33.3725	95.40828	9.31871	1.35E+01	31.2889	0.00E+00								
cast89	20	29.374	9.6215	33.3796	95.30873	9.31898	1.08E+01	31.2881	0.00E+00								
cast89	21	30.766	9.6215	33.5685	95.07324	9.31895	8.67E+00	31.2856	0.00E+00								
cast89	22	32.166	9.6207	33.5955	94.5936	9.31907	7.03E+00	31.2839	0.00E+00								
cast89	23	33.627	9.6221	33.4314	94.30921	9.31918	5.83E+00	31.2836	0.00E+00								
cast89	24	35.117	9.6217	33.4805	94.49878	9.3191	5.01E+00	31.2814	0.00E+00								
cast89	25	36.637	9.6229	33.5523	94.74535	9.31912	4.39E+00	31.2812	0.00E+00								
cast89	26	38.111	9.6201	33.4551	94.81844	9.31902	3.83E+00	31.2801	0.00E+00								
cast89	27	39.49	9.6196	33.6096	94.38257	9.31945	3.35E+00	31.2823	0.00E+00								
cast89	28	40.871	9.6105	33.8682	93.81954	9.31966	2.94E+00	31.2812	0.00E+00								
cast89	29	42.301	9.604	33.7596	93.49224	9.32146	2.60E+00	31.2884	0.00E+00								
cast89	30	43.723	9.605	33.6107	93.8319	9.32215	2.38E+00	31.293	0.00E+00								
cast89	31	45.132	9.6045	33.2094	94.27565	9.32182	2.21E+00	31.2931	0.00E+00								
cast89	32	46.445	9.6004	33.3891	93.02009	9.32217	2.08E+00	31.2954	0.00E+00								
cast89	33	47.498	9.5981	33.7858	90.47943	9.32271	1.97E+00	31.2972	0.00E+00								
cast89	34	48.452	9.6107	33.5608	84.3545	9.3207	2.04E+00	31.3125	0.00E+00								
cast90	1	1.513	10.3115	27.4588	89.87687	8.98956	9.07E+02	30.8887	0.00E+00								
cast90	2	3.133	9.9786	26.0832	92.22377	9.17782	4.62E+02	32.2003	0.00E+00								
cast90	3	4.667	9.9072	26.0207	96.16278	9.20294	3.26E+02	32.1683	0.00E+00								
cast90	4	6.131	9.8263	26.2309	96.72021	9.22443	3.79E+02	32.0202	0.00E+00								
cast90	5	7.544	9.7661	26.4458	96.05431	9.24348	3.43E+02	31.93	0.00E+00								
cast90	6	8.895	9.7313	26.5716	95.2637	9.2548	2.82E+02	31.9032	0.00E+00								
cast90	7	10.261	9.7052	26.6568	94.67528	9.265	2.24E+02	31.8416	0.00E+00								
cast90	8	11.666	9.694	27.2234	95.48593	9.27125	1.78E+02	31.8151	0.00E+00								
cast90	9	13.191	9.6936	27.5447	97.11596	9.27501	1.52E+02	31.7734	0.00E+00								
cast90	10	14.806	9.6776	27.9008	98.32852	9.2794	1.26E+02	31.7097	0.00E+00								
cast90	11	16.293	9.6397	28.1733	98.46903	9.29153	1.05E+02	31.5908	0.00E+00								
cast90	12	17.671	9.6122	28.4568	98.01416	9.30203	8.68E+01	31.5237	0.00E+00								
cast90	13	19.069	9.5946	28.7059	97.438	9.30995	7.01E+01	31.4797	0.00E+00								
cast90	14	20.498	9.5854	29.4326	97.14444	9.31487	5.47E+01	31.4541	0.00E+00								
cast90	15	21.922	9.5802	30.0181	97.04276	9.31685	4.29E+01	31.448	0.00E+00								
cast90	16	23.382	9.5785	31.2154	96.90359	9.31781	3.35E+01	31.45	0.00E+00								
cast90	17	24.865	9.5789	31.5255	96.51983	9.31817	2.64E+01	31.4464	0.00E+00								
cast90	18	26.349	9.5763	31.6758	96.21935	9.31827	2.13E+01	31.4427	0.00E+00								
cast90	19	27.831	9.574	31.4462	96.23081	9.31897	1.74E+01	31.4436	0.00E+00								
cast90	20	29.261	9.5729	31.5649	96.25788	9.31988	1.44E+01	31.4329	0.00E+00								
cast90	21	30.68	9.5714	31.6028	95.66101	9.32032	1.18E+01	31.4313	0.00E+00								
cast90	22	32.069	9.5724	31.8282	94.5745	9.32052	9.68E+00	31.431	0.00E+00								
cast90	23	33.444	9.5737	31.847	93.70195	9.3203	7.63E+00	31.4304	0.00E+00								
cast90	24	34.824	9.5814	32.0459	93.28995	9.31805	6.95E+00	31.462	0.00E+00								
cast90	25	36.413	9.6001	31.8469	93.32253	9.31392	5.70E+00	31.4732	0.00E+00								
cast90	26	38.007	9.5991	32.1186	93.79428	9.31127	4.78E+00	31.4769	0.00E+00								
cast90	27	39.481	9.5768	31.7774	92.77019	9.3151	4.11E+00	31.4698	0.00E+00								
cast90	28	40.942	9.5926	31.6887	92.57682	9.31397	3.56E+00	31.5028	0.00E+00								
cast90	29	42.493	9.5947	32.3631	92.84153	9.31241	3.13E+00	31.4669	0.00E+00								
cast90	30	43.893	9.5854	32.099	92.91448	9.31516	2.81E+00	31.4648	0.00E+00								
cast90	31	45.308	9.5745	32.1543	93.983	9.31626	2.54E+00	31.4614	0.00E+00								
cast90	32	46.655	9.5479	32.1008	94.33714	9.32136	2.32E+00	31.4588	0.00E+00								
cast90	33	47.744	9.7253	32.4962	86.94435	9.28631	2.07E+00	31.5236	0.00E+00								
cast100	1	1.963	10.0052	32.115	91.63015	9.21574	2.09E+03	30.9676	0.00E+00								
cast100	2	3.326	9.8658	30.3687	92.25187	9.26217	1.30E+03	31.1682	0.00E+00								
cast100	3	4.746	9.7695	30.1746	91.63146	9.28012	9.40E+02	31.2173	0.00E+00								
cast100	4	6.044	9.6987	31.3291	90.31167	9.29442	7.87E+02	31.2381	0.00E+00								
cast100	5	7.361	9.663	31.3217	90.18117	9.30437	5.80E+02	31.2932	0.00E+00								
cast100	6	8.785	9.6412	31.3472	91.10532	9.30911	4.60E+02	31.3249	0.00E+00								
cast100	7	10.258	9.62	31.6071	92.13801	9.31345	3.89E+02	31.326	0.00E+00								
cast100	8	11.737	9.6094	31.6508	93.13442	9.31796	2.99E+02	31.3207	0.00E+00								
cast100	9	13.231	9.6103	31.7283	93.90746	9.31967	2.44E+02	31.3122	0.00E+00								
cast100	10	14.746	9.6033	31.9114	94.16266	9.32072	2.01E+02	31.2951	0.00E+00								
cast100	11	16.19	9.5971	32.1176	93.85779	9.32303	1.64E+02	31.2854	0.00E+00								
cast100	12	17.554	9.5936	32.2372	93.20439	9.32438	1.34E+02	31.2783	0.00E+00								
cast100	13	18.953	9.586	32.3166	92.61887	9.32581	1.09E+02	31.2706	0.00E+00								
cast100	14	20.394	9.5818	32.3958	92.30835	9.32724	8.98E+01	31.2706	0.00E+00								
cast100	15	21.821	9.5597	32.3564	92.29423	9.32834	7.39E+01	31.2696	0.00E+00								
cast100	16	23.348	9.5481	32.2768	92.43189	9.33212	6.05E+01	31.2972	0.00E+00								
cast100	17	24.879	9.5473	32.3045	92.55763	9.33265	4.98E+01	31.3056	0.00E+00								
cast100	18	26.394	9.5453	32.2907	92.67577	9.33311	4.08E+01	31.3077	0.00E+00								
cast100	19	27.882	9.5536	32.2805	92.92031	9.33354	3.36E+01	31.3056	0.00E+00								
cast100	20	29.36	9.5681	32.3533	93.18229	9.33172	2.83E+01	31.2901	0.00E+00								
cast100	21	30.819	9.5629	32.3581	93.19803	9.33034	2.35E+01	31.275	0.00E+00								
cast100	22	32.203	9.5585	32.5771	92.64602	9.33178	1.97E+01	31.2749	0.00E+00								
cast100	23	33.545	9.5527	32.4127	91.38727	9.33273	1.66E+01	31.2742	0.00E+00								
cast100	24	34.872	9.5453	32.1959	89.57944	9.33386	1.39E+01	31.2765	0.00E+00								
cast100	25	36.192	9.54	32.2548	88.21725	9.3349	1.17E+01	31.2881	0.00E+00								
cast100	26	37.982	9.5471	32.3459	89.62141	9.33303	9.67E+00	31.3159	0.00E+00								
cast100	27	39.681	9.5342	32.8228	91.80971	9.33405	8.25E+00	31.298	0.00E+00								
cast100	28	41.118	9.524	32.9333	92.41084	9.3367	7.09E+00	31.309	0.00E+00								
cast100	29	42.526	9.5203	32.7347	92.22459	9.33774	6.14E+00	31.3107	0.00E+00								
cast100	30	43.9	9.5205	32.6368	91.60489	9.33838	5.36E+00	31.3097	0.00E+00								
cast100	31	45.236	9.5169	32.5139	91.17116	9.33847	4.71E+00	31.3089	0.00E+00								
cast100	32	46.575	9.5158	32.2219	90.94319	9.33901	4.16E+00	31.3139	0.00E+00								
cast100	33	47.849	9.5148	32.4496	90.00748	9.33891	3.70E+00	31.3148	0.00E+00								
cast100	34	48.952	9.5397	32.5863	86.1902	9.33378	3.27E+00	31.3273	0.00E+00								
cast101	1	1.685	11.1344	27.7515	92.06372	8.93677	2.44E+03	29.7472	0.00E+00								
cast101	2	3.072	10.6028	27.9792	89.2865	9.10085	1.34E+03	31.0115	0.00E+00								
cast101	3	4.441	10.3654	29.1798	88.21748	9.14178	9.45E+02	31.3812	0.00E+00								
cast101	4	5.733	10.2266	29.2821	89.73993	9.16393	7.46E+02	31.6087	0.00E+00								
cast101	5	6.889	10.1835	29.4236	88.47426	9.18585	5.98E+02	31.6096	0.00E+00								
cast101	6	8.825	10.5111	29.9029	84.37643	9.11377	4.57E+02	31.897	0.00E+00								
cast101	7	10.375	9.9496	30.0291	85.70601	9.21811	3.94E+02	31.7095	0.00E+00								
cast101	8	11.826	9.8332	30.2165	91.6008	9.24821	3.23E+02	31.5756	0.00E+00								
cast101	9	13.195	9.7139	30.1774	90.77953	9.2808	2.69E+02	31.4747	0.00E+00								
cast101	10	14.682	9.6687	30.4752	91.75157	9.29381	2.29E+02	31.4895	0.00E+00								
cast101	11	16.153	9.6144	30.8796	91.76115	9.30535	1.93E+02	31.4604	0.00E+00								
cast101	12	17.605	9.5857	30.7084	91.40287	9.31332	1.65E+02	31.4719	0.00E+00								
cast101	13	19.038	9.5588	30.7357	90.23964	9.3185	1.34E+02	31.4565	0.00E+00								
cast101	14	20.422	9.5306	30.8543	87.9206	9.3237	1.14E+02	31.4779	0.00E+00								
cast101	15	22.077	9.5216	31.024	89.32754	9.32264	9.57E+01	31.5605	0.00E+00								
cast101	16	23.761	9.4792	32.0193	92.15418	9.33179	8.21E+01	31.452	0.00E+00								
cast101	17	25.107	9.4431	31.0457	91.90974	9.34103	6.98E+01	31.461	0.00E+00								
cast101	18	26.449	9.4139	31.1517	91.56972	9.34673	5.93E+01	31.4645	0.00E+00								
cast101	19	27.822	9.3879	31.1304	91.20555	9.35151	4.96E+01	31.4862	0.00E+00								
cast101	20	29.266	9.3741	30.907	91.03278	9.35509	4.13E+01	31.5058	0.00E+00								
cast101	21	30.744	9.3613	30.9098	91.06045	9.35709	3.50E+01	31.5137	0.00E+00								
cast101	22	32.215	9.3472	30.9756	90.53173	9.35967	2.99E+01	31.5188	0.00E+00								
cast101	23	33.63	9.3348	31.0215	90.00633	9.36227	2.55E+01	31.5206	0.00E+00								
cast101	24	35.109	9.3157	31.4345	90.38065	9.3639	2.18E+01	31.5439	0.00E+00								
cast101	25	36.742	9.2809	31.2883	91.11581	9.36894	1.86E+01	31.5444	0.00E+00								
cast101	26	38.179	9.2512	31.8042	91.29489	9.37544	1.61E+01	31.5554	0.00E+00								
cast101	27	39.62	9.2366	31.9758	91.07112	9.37959	1.39E+01	31.5648	0.00E+00								
cast101	28	40.993	9.2223	31.8286	90.60422	9.3823	1.21E+01	31.5649	0.00E+00								
cast101	29	42.38	9.209	31.8025	89.89008	9.38493	1.05E+01	31.5722	0.00E+00								
cast101	30	43.78	9.1958	31.726	89.30957	9.38719	9.08E+00	31.5802	0.00E+00								
cast101	31	45.305	9.1847	31.4487	89.42825	9.38915	7.91E+00	31.5992	0.00E+00								
cast101	32	46.941	9.1733	31.9492	89.85959	9.39098	6.99E+00	31.604	0.00E+00								
cast101	33	48.483	9.1565	31.8432	89.9709	9.39389	6.22E+00	31.6014	0.00E+00								
cast101	34	49.894	9.1473	31.7083	89.86313	9.39702	5.56E+00	31.6	0.00E+00								
cast101	35	51.251	9.1402	31.4668	89.76054	9.39833	4.99E+00	31.6026	0.00E+00								
cast101	36	52.662	9.1355	31.9723	89.74108	9.39958	4.50E+00	31.6058	0.00E+00								
cast101	37	54.11	9.1346	32.2908	89.62904	9.40018	4.07E+00	31.6095	0.00E+00								
cast101	38	55.597	9.1322	31.8246	89.55786	9.40025	3.70E+00	31.6096	0.00E+00								
cast101	39	57.013	9.1293	31.8391	89.56172	9.40095	3.40E+00	31.6101	0.00E+00								
cast101	40	58.338	9.1275	31.7642	89.3828	9.40146	3.15E+00	31.6079	0.00E+00								
cast101	41	59.54	9.1258	31.8262	88.42401	9.40201	2.92E+00	31.607	0.00E+00								
cast101	42	60.52	9.1253	31.714	87.14866	9.40226	2.73E+00	31.6068	0.00E+00								
cast101	43	61.22	9.1351	31.3514	86.21601	9.40221	1.74E+00	31.6097	0.00E+00								
cast110	1	1.811	9.7214	30.5948	88.34393	9.27018	5.77E+02	31.2099	0.00E+00								
cast110	2	3.149	9.6549	23.3575	86.39669	9.30212	2.55E+02	31.4231	0.00E+00								
cast110	3	4.584	9.6661	23.8896	85.9218	9.30137	2.03E+02	31.4516	0.00E+00								
cast110	4	6.005	9.666	23.9601	86.5829	9.29961	1.68E+02	31.4463	0.00E+00								
cast110	5	7.476	9.6523	23.8889	88.68409	9.30248	1.42E+02	31.4216	0.00E+00								
cast110	6	9	9.6374	23.6734	91.55231	9.30626	1.19E+02	31.412	0.00E+00								
cast110	7	10.509	9.6166	22.5036	93.4327	9.31175	1.01E+02	31.3691	0.00E+00								
cast110	8	11.955	9.5909	22.2553	94.1776	9.31766	8.71E+01	31.3407	0.00E+00								
cast110	9	13.403	9.5735	22.0171	94.27387	9.32294	7.60E+01	31.3357	0.00E+00								
cast110	10	14.819	9.5677	21.5606	94.18981	9.32603	6.66E+01	31.3339	0.00E+00								
cast110	11	16.202	9.5634	21.4627	94.01605	9.32801	5.84E+01	31.3207	0.00E+00								
cast110	12	17.6	9.5593	24.7915	93.83879	9.32911	5.11E+01	31.3162	0.00E+00								
cast110	13	18.995	9.5557	25.3421	93.71311	9.33016	4.47E+01	31.3124	0.00E+00								
cast110	14	20.319	9.5534	30.8845	-9.99E-29	9.33113	3.89E+01	31.3083	0.00E+00								
cast110	15	21.577	9.5515	31.7877	-9.99E-29	9.33184	3.38E+01	31.3044	0.00E+00								
cast110	16	22.757	9.5468	31.704	-9.99E-29	9.33254	2.93E+01	31.2992	0.00E+00								
cast110	17	23.772	9.5441	31.5865	-9.99E-29	9.33353	2.55E+01	31.2986	0.00E+00								
cast110	18	24.552	9.5444	31.5841	-9.99E-29	9.33401	2.22E+01	31.303	0.00E+00								
