	Depth	Pressure	Temp deg. C	Fluorescence 	Oxygen % Sat	Oxygen mg/l	PAR	Salinity	flag	Depth [m]	Pressure [psi]	Temp deg. C	Chlor a [mg/m^3]	Oxygen % Sat	Oxygen mg/l	PAR	Salinity [PSU]
cast2	1	1.574	9.227	24.2888	88.83192	9.42021	1.50E+03	30.9285	0.00E+00	1	1.802947368	9.813042105	32.03184737	91.43837263	9.259311579	779.212	30.67805263
cast2	2	2.845	9.1777	31.208	90.44751	9.42967	1.20E+03	30.9565	0.00E+00	2	3.208263158	9.700884211	30.21327368	90.51446789	9.311225789	462.7748421	31.00763684
cast2	3	4.51	9.1096	35.7354	91.11758	9.42944	8.49E+02	30.9826	0.00E+00	3	4.592473684	9.659036842	30.42026842	89.70383368	9.319243684	370.9963158	31.04801053
cast2	4	5.811	9.0068	35.6937	84.54559	9.45372	6.51E+02	31.2464	0.00E+00	4	5.957	9.600136842	31.2817	88.74675421	9.327647368	299.97	31.09243158
cast2	5	7.321	8.8663	35.9082	83.96121	9.46408	4.86E+02	31.1763	0.00E+00	5	7.384736842	9.528231579	31.76433684	88.69980211	9.338518421	244.9681053	31.15033684
cast2	6	8.768	8.6717	36.2768	80.56199	9.50446	4.07E+02	31.4005	0.00E+00	6	8.824842105	9.4726	31.96210526	89.10461842	9.349444211	202.0675526	31.192
cast2	7	10.269	8.6248	36.2173	81.70915	9.5098	3.22E+02	31.5512	0.00E+00	7	10.28363158	9.407347368	32.14643158	90.28823526	9.358908421	163.1129316	31.20261053
cast2	8	11.763	8.5069	36.1556	91.09306	9.53803	2.58E+02	31.3449	0.00E+00	8	11.74168421	9.322268421	32.26974211	91.95290789	9.375193684	136.2347158	31.21451053
cast2	9	13.105	8.4278	36.2783	89.54543	9.5594	2.18E+02	31.4085	0.00E+00	9	13.24868421	9.269689474	32.2974	92.21027895	9.387934737	115.1125895	31.26595789
cast2	10	14.639	8.4148	36.205	87.4401	9.5616	1.71E+02	31.4582	0.00E+00	10	14.70352632	9.242973684	32.42031053	92.49173211	9.394809474	95.75364211	31.27509474
cast2	11	16.183	8.3967	35.9979	90.14811	9.56668	1.39E+02	31.4282	0.00E+00	11	16.14836842	9.224642105	32.49116842	92.82656053	9.399493158	81.59487368	31.27933684
cast2	12	17.581	8.3811	35.8444	89.55007	9.57014	1.17E+02	31.4228	0.00E+00	12	17.59268421	9.212231579	32.58645263	92.65597526	9.402351053	70.28615263	31.28590526
cast2	13	18.907	8.3774	35.7976	86.14554	9.5707	9.37E+01	31.4476	0.00E+00	13	19.02089474	9.203	32.68606316	92.08885526	9.404611053	60.48433158	31.28891579
cast2	14	20.642	8.3713	35.9556	88.28704	9.57122	7.80E+01	31.4481	0.00E+00	14	20.493	9.196894737	32.77708947	91.86741316	9.406158421	51.82445789	31.29450526
cast2	15	21.936	8.3605	35.8474	87.66353	9.57493	6.52E+01	31.43	0.00E+00	15	22.00557895	9.190689474	32.82790526	92.12539526	9.407306842	44.51041579	31.29617368
cast2	16	23.43	8.3465	36.3606	88.38158	9.576	5.47E+01	31.4328	0.00E+00	16	23.47942105	9.181194737	32.96701053	92.33708789	9.409081053	38.34591579	31.29077895
cast2	17	24.81	8.2852	36.0035	86.94247	9.58691	4.62E+01	31.4585	0.00E+00	17	24.91847368	9.1701	32.94476842	92.11957053	9.411242105	32.92833158	31.29382105
cast2	18	26.447	8.2757	35.9744	87.61861	9.59014	3.87E+01	31.4883	0.00E+00	18	26.34294737	9.160726316	32.97913684	91.90837368	9.412791053	28.25732632	31.29947368
cast2	19	27.874	8.2595	35.7939	89.09412	9.59344	3.32E+01	31.461	0.00E+00	19	27.78647368	9.149026316	33.01574737	91.92505526	9.414706842	24.15052105	31.30384211
cast2	20	29.151	8.2487	35.8674	87.03741	9.59606	2.80E+01	31.4808	0.00E+00	20	29.26978947	9.139473684	33.03624737	91.89027211	9.416658421	20.65708421	31.31155263
cast2	21	30.798	8.2486	36.1974	87.8164	9.59641	2.37E+01	31.4798	0.00E+00	21	30.76184211	9.131857895	33.1326	91.90441474	9.418252632	17.87673158	31.31566316
cast2	22	32.224	8.2451	36.1948	87.9393	9.59752	2.03E+01	31.475	0.00E+00	22	32.19826316	9.126505263	33.29421579	91.65062211	9.419568947	15.55538947	31.31832632
cast2	23	33.673	8.2444	36.1967	88.297	9.59788	1.74E+01	31.4731	0.00E+00	23	33.60136842	9.122963158	33.10783158	91.30025632	9.420436316	13.50255263	31.32035789
cast2	24	35.154	8.2451	36.1692	88.38405	9.59786	1.50E+01	31.4688	0.00E+00	24	35.06178947	9.121926316	33.11826842	91.16123737	9.420619474	11.76563158	31.32426842
cast2	25	36.557	8.2432	36.3355	87.31172	9.59829	1.29E+01	31.4702	0.00E+00	25	36.57605263	9.117268421	33.17945789	91.15391444	9.420981053	10.23477368	31.32477368
cast2	26	38.176	8.2432	36.3127	89.01493	9.59847	1.11E+01	31.4671	0.00E+00	26	38.04936842	9.108573684	33.20375263	91.37739	9.422291579	8.9536	31.32525263
cast2	27	39.502	8.2397	36.4158	87.80245	9.59929	9.72E+00	31.4623	0.00E+00	27	39.48042105	9.100178947	33.21201053	91.35347944	9.423938947	7.868984211	31.3295
cast2	28	40.942	8.2399	36.7198	87.55393	9.59939	8.39E+00	31.4656	0.00E+00	28	40.91926316	9.091542105	33.30913158	91.36348	9.425329474	6.962457895	31.33530526
cast2	29	42.449	8.2393	36.2321	87.64094	9.5995	7.34E+00	31.4637	0.00E+00	29	42.44116667	9.057922222	33.35776111	91.25052833	9.431355556	6.331883333	31.34886667
cast2	30	43.876	8.2361	36.1605	-9.99E-29	9.60023	6.50E+00	31.4591	0.00E+00	30	43.88877778	9.048844444	33.38438889	91.36887882	9.433165556	5.646116667	31.35571111
cast2	31	44.909	8.2283	36.6835	-9.99E-29	9.60188	5.76E+00	31.4512	0.00E+00	31	45.32011111	9.044694444	33.40376111	91.09941294	9.434436111	5.064277778	31.35883333
cast13	1	1.904	9.6298	29.2241	99.70331	9.23034	1.61E+03	30.3363	0.00E+00	32	46.827	9.089058824	33.17237059	90.73121	9.425221765	4.542847059	31.35548235
cast13	2	3.195	9.1509	24.6101	98.00332	9.38377	9.97E+02	30.9478	0.00E+00	33	48.28658824	9.085588235	33.27484706	91.00454	9.425896471	4.128005882	31.35773529
cast13	3	4.523	8.9682	24.5389	92.90649	9.43527	9.22E+02	31.2174	0.00E+00	34	49.82158824	9.084376471	33.33994706	91.46556588	9.4262	3.762711765	31.36164118
cast13	4	5.821	8.8699	28.5235	88.05379	9.45637	7.13E+02	31.3794	0.00E+00	35	51.33382353	9.080905882	33.50502353	91.88704059	9.426612353	3.470982353	31.35953529
cast13	5	7.173	8.9321	28.5983	83.5754	9.44808	5.70E+02	31.7715	0.00E+00	36	52.74729412	9.0768	33.39871765	91.74753647	9.427290588	3.223341176	31.36303529
cast13	6	8.695	9.1906	28.435	82.01807	9.41039	4.68E+02	31.7024	0.00E+00	37	54.14341176	9.072694118	33.36779412	91.44995882	9.427938235	3.001623529	31.36561176
cast13	7	10.304	9.0723	28.4493	86.97753	9.38825	3.60E+02	31.4767	0.00E+00	38	55.55494118	9.068747059	33.51557647	90.98090588	9.428513529	2.803347059	31.36974706
cast13	8	11.812	8.789	28.4542	92.70659	9.45646	2.97E+02	31.3741	0.00E+00	39	56.99658824	9.068582353	33.49304706	90.57129529	9.428541765	2.627429412	31.37817059
cast13	9	13.271	8.6485	28.5452	94.11251	9.49837	2.58E+02	31.4415	0.00E+00	40	58.5665625	9.035875	33.390225	91.27749688	9.43395125	2.54466875	31.40281875
cast13	10	14.675	8.5959	28.7197	93.79405	9.51624	2.07E+02	31.4704	0.00E+00	41	60.055125	9.03414375	33.56154375	91.30962625	9.433934375	2.41931875	31.4045875
cast13	11	16.062	8.5716	28.8121	93.00639	9.52417	1.72E+02	31.4769	0.00E+00	42	61.5269375	9.0324375	33.56625	91.4171225	9.43432125	2.30635625	31.4061375
cast13	12	17.451	8.5589	28.8099	91.56514	9.52832	1.46E+02	31.4798	0.00E+00	43	62.98975	9.0315375	33.6391375	91.48825313	9.434461875	2.20736875	31.40724375
cast13	13	18.903	8.5545	29.3566	90.38728	9.52976	1.23E+02	31.4877	0.00E+00	44	64.399125	9.0296625	33.633775	91.08787563	9.434849375	2.1236125	31.4062875
cast13	14	20.495	8.5531	29.2387	90.94676	9.52982	1.02E+02	31.4952	0.00E+00	45	65.829125	9.0287	33.54618125	90.71228438	9.43508625	2.0502875	31.40746875
cast13	15	22.099	8.5437	29.4807	91.9461	9.53171	8.75E+01	31.481	0.00E+00	46	67.2973125	9.02655625	33.4597625	90.81268438	9.435315	1.987125	31.4081625
cast13	16	23.537	8.5286	29.4672	91.89781	9.53506	7.57E+01	31.4632	0.00E+00	47	68.7435625	9.0254	33.40589375	90.68151188	9.4355725	1.93284375	31.41041875
cast13	17	24.897	8.5105	29.4762	91.26436	9.53892	6.42E+01	31.4569	0.00E+00	48	70.2043125	9.02403125	33.57528125	90.52028063	9.435765	1.8852875	31.4116875
cast13	18	26.291	8.5009	29.3788	90.61656	9.54167	5.47E+01	31.468	0.00E+00	49	71.676375	9.024125	33.5414875	90.52508938	9.435868125	1.843475	31.412725
cast13	19	27.785	8.4888	29.5214	90.57511	9.54352	4.69E+01	31.4669	0.00E+00	50	73.18993333	9.046013333	33.49595333	90.98877867	9.431788	1.819846667	31.40269333
cast13	20	29.269	8.4597	29.8015	90.56199	9.54923	4.03E+01	31.4483	0.00E+00	51	74.5612	9.04512	33.39672667	90.873514	9.432011333	1.78836	31.40188
cast13	21	30.748	8.4524	29.8461	90.3472	9.55282	3.49E+01	31.4637	0.00E+00	52	75.83466667	9.04878	33.47746	90.40482	9.431867333	1.752713333	31.40391333
cast13	22	32.25	8.4518	29.7723	90.73992	9.55385	3.01E+01	31.4655	0.00E+00	53	77.45830769	8.97	33.73771538	90.61841	9.446436923	1.760438462	31.42370769
cast13	23	33.766	8.447	29.6754	91.26612	9.55447	2.60E+01	31.4517	0.00E+00	54	78.80515385	8.970276923	33.78557692	89.92078667	9.446382308	1.734338462	31.42469231
cast13	24	35.201	8.4404	29.8329	91.20806	9.55633	2.26E+01	31.4483	0.00E+00	55	80.22608333	8.942933333	33.870775	89.60986091	9.452375833	1.681075	31.42295833
cast13	25	36.571	8.4371	29.9265	90.83715	9.55751	1.98E+01	31.4465	0.00E+00	56	81.727	9.0045	33.66476	89.844563	9.442143	1.62843	31.3851
cast13	26	38.024	8.4392	29.9868	90.74272	9.55756	1.72E+01	31.4512	0.00E+00	57	83.391625	8.9716625	33.435375	91.18753375	9.44826375	1.6465875	31.389425
cast13	27	39.556	8.4436	30.046	91.11234	9.55693	1.50E+01	31.4493	0.00E+00	58	84.78675	8.9715625	33.4730375	91.04028	9.4483225	1.6353	31.3893
cast13	28	41.083	8.443	30.316	91.11795	9.55666	1.33E+01	31.4421	0.00E+00	59	86.097375	8.9714125	33.56275	90.36373625	9.44836375	1.625075	31.389025
cast13	29	42.455	8.4382	30.189	90.71239	9.55781	1.17E+01	31.4337	0.00E+00	60	87.325125	8.979	33.64295	88.17578625	9.4467175	1.8528	31.3951375
cast13	30	43.817	8.4351	30.1902	90.35236	9.55857	1.03E+01	31.4362	0.00E+00	61	88.57683333	8.9813	33.8166	87.25650167	9.448805	1.520983333	31.35893333
cast13	31	45.276	8.4296	30.312	90.15377	9.55925	9.03E+00	31.4376	0.00E+00	62	90.304	9.0793	32.99386667	87.23374333	9.432763333	1.5754	31.27853333
cast13	32	46.843	8.4249	30.1441	90.2421	9.56052	7.98E+00	31.4403	0.00E+00	63	91.5665	9.38595	33.7034	90.621315	9.3768	1.5651	31.13415
cast13	33	48.398	8.4214	31.2772	90.44413	9.56121	7.11E+00	31.4406	0.00E+00	64	92.8015	9.3964	33.2805	88.9967	9.37497	7.50575	31.1433
cast13	34	49.854	8.4179	30.9571	90.51486	9.56193	6.39E+00	31.4418	0.00E+00	65	94.08	9.524	32.959	91.54967	9.34697	1.5527	31.1549
cast13	35	51.28	8.4171	30.6792	90.44612	9.56246	5.76E+00	31.4418	0.00E+00	66	94.564	9.5257	33.1309	90.83458	9.34668	2.1085	31.1555
cast13	36	52.704	8.4167	30.6157	90.31235	9.56236	5.21E+00	31.4449	0.00E+00								
cast13	37	54.126	8.4172	30.9895	90.11305	9.56242	4.72E+00	31.4454	0.00E+00								
cast13	38	55.569	8.4217	30.9926	89.8243	9.56117	4.29E+00	31.4607	0.00E+00								
cast13	39	57.036	8.4324	31.0122	89.46721	9.55675	3.92E+00	31.5048	0.00E+00								
cast13	40	58.579	8.438	31.0799	89.57257	9.55507	3.60E+00	31.5022	0.00E+00								
cast13	41	60.126	8.4442	30.9223	89.70427	9.55171	3.34E+00	31.5298	0.00E+00								
cast13	42	61.533	8.4422	30.965	89.52857	9.55192	3.12E+00	31.5209	0.00E+00								
cast13	43	62.935	8.4442	30.9996	89.41558	9.5513	2.92E+00	31.5344	0.00E+00								
cast13	44	64.393	8.4468	31.0387	89.40736	9.55042	2.74E+00	31.539	0.00E+00								
cast13	45	65.845	8.4471	31.051	88.98782	9.55013	2.59E+00	31.5375	0.00E+00								
cast13	46	67.26	8.4484	31.0911	88.43639	9.54952	2.46E+00	31.5471	0.00E+00								
cast13	47	68.781	8.4518	31.0365	88.78838	9.54872	2.34E+00	31.5511	0.00E+00								
cast13	48	70.352	8.4516	31.1074	89.58543	9.54834	2.24E+00	31.5481	0.00E+00								
cast13	49	71.836	8.4503	31.1516	90.01523	9.54867	2.16E+00	31.5485	0.00E+00								
cast13	50	73.221	8.4482	31.4369	89.65966	9.54909	2.09E+00	31.5459	0.00E+00								
cast13	51	74.577	8.4471	31.6161	88.43812	9.5497	2.02E+00	31.543	0.00E+00								
cast13	52	75.952	8.448	31.606	87.59507	9.54978	1.96E+00	31.5436	0.00E+00								
cast13	53	77.591	8.4507	31.4365	88.72315	9.54907	1.91E+00	31.5463	0.00E+00								
cast13	54	79.206	8.4507	31.2881	89.46588	9.54872	1.86E+00	31.5468	0.00E+00								
cast13	55	80.631	8.4495	32.1662	89.33775	9.54885	1.82E+00	31.5486	0.00E+00								
cast13	56	82.014	8.4489	31.5958	89.12007	9.5489	1.79E+00	31.5493	0.00E+00								
cast13	57	83.423	8.4487	31.6047	88.85353	9.54914	1.76E+00	31.5483	0.00E+00								
cast13	58	84.813	8.4488	31.744	88.25511	9.54913	1.74E+00	31.5483	0.00E+00								
cast13	59	86.17	8.4488	31.6365	87.54351	9.54917	1.71E+00	31.5483	0.00E+00								
cast13	60	87.717	8.4512	31.7488	88.5994	9.54866	1.69E+00	31.5504	0.00E+00								
cast13	61	89.071	8.4487	32.0018	87.91905	9.54892	1.68E+00	31.5465	0.00E+00								
cast22	62	90.058	8.4663	31.6378	78.07954	9.54468	1.61E+00	31.5666	0.00E+00								
cast22	1	1.695	9.7127	33.0371	92.81857	9.30439	1.32E+03	30.8334	0.00E+00								
cast22	2	3.026	9.6154	28.6208	89.38748	9.33601	8.26E+02	30.9507	0.00E+00								
cast22	3	4.323	9.661	33.1425	84.81263	9.33197	6.25E+02	31.0562	0.00E+00								
cast22	4	5.867	9.6724	34.0289	85.75529	9.31063	4.64E+02	31.0244	0.00E+00								
cast22	5	7.488	9.0517	34.105	89.30438	9.39364	3.52E+02	31.1326	0.00E+00								
cast22	6	8.863	8.8221	34.2831	89.72761	9.46021	2.97E+02	31.4091	0.00E+00								
cast22	7	10.204	8.7269	34.3737	89.09394	9.4853	2.46E+02	31.4793	0.00E+00								
cast22	8	11.527	8.6898	34.7527	86.77064	9.49656	2.04E+02	31.5228	0.00E+00								
cast22	9	13.081	8.6937	34.8458	82.24263	9.49095	1.70E+02	31.6473	0.00E+00								
cast22	10	14.958	8.6781	34.7964	89.10661	9.49614	1.47E+02	31.5762	0.00E+00								
cast22	11	16.295	8.6471	34.8863	92.71221	9.50665	1.29E+02	31.4932	0.00E+00								
cast22	12	17.473	8.6313	34.7027	90.99781	9.51025	1.13E+02	31.513	0.00E+00								
cast22	13	18.82	8.6272	34.6407	89.27226	9.51104	9.67E+01	31.5415	0.00E+00								
cast22	14	20.446	8.6248	34.6224	88.82933	9.51065	8.28E+01	31.5554	0.00E+00								
cast22	15	22.029	8.6173	34.6216	89.30596	9.51225	7.20E+01	31.5524	0.00E+00								
cast22	16	23.538	8.6122	34.6073	89.96832	9.51344	6.30E+01	31.5514	0.00E+00								
cast22	17	25.006	8.6029	34.5639	90.08473	9.51496	5.55E+01	31.5479	0.00E+00								
cast22	18	26.328	8.5897	34.6277	89.27173	9.51714	4.93E+01	31.5516	0.00E+00								
cast22	19	27.708	8.5805	34.8416	88.35747	9.51901	4.36E+01	31.5654	0.00E+00								
cast22	20	29.214	8.5734	34.8217	88.02139	9.52005	3.79E+01	31.5752	0.00E+00								
cast22	21	30.77	8.5645	34.7157	88.24967	9.52139	3.31E+01	31.5831	0.00E+00								
cast22	22	32.318	8.5552	34.3647	89.02178	9.52306	2.92E+01	31.5868	0.00E+00								
cast22	23	33.772	8.5464	34.5007	89.51927	9.52456	2.59E+01	31.5924	0.00E+00								
cast22	24	35.214	8.5407	34.5895	89.53249	9.52591	2.30E+01	31.597	0.00E+00								
cast22	25	36.542	8.5377	34.491	88.40901	9.52656	2.04E+01	31.6	0.00E+00								
cast22	26	37.844	8.539	34.2502	86.70292	9.52625	1.80E+01	31.6101	0.00E+00								
cast22	27	39.49	8.544	34.5861	87.41306	9.52453	1.57E+01	31.6226	0.00E+00								
cast22	28	41.241	8.5429	34.5906	89.0794	9.52465	1.39E+01	31.6108	0.00E+00								
cast22	29	42.489	8.5409	34.4289	88.05987	9.5253	1.25E+01	31.6121	0.00E+00								
cast22	30	43.775	8.5429	34.7327	87.18982	9.52497	1.11E+01	31.6181	0.00E+00								
cast22	31	45.388	8.5473	35.0566	88.07465	9.52364	9.93E+00	31.6241	0.00E+00								
cast22	32	46.934	8.5467	34.6445	87.98852	9.52354	8.94E+00	31.6192	0.00E+00								
cast22	33	48.16	8.5469	34.1865	85.94482	9.52366	8.05E+00	31.6221	0.00E+00								
cast22	34	49.708	8.5518	34.2644	85.57204	9.52192	7.21E+00	31.6379	0.00E+00								
cast22	35	51.724	8.5533	34.2375	90.29538	9.52133	6.58E+00	31.6297	0.00E+00								
cast22	36	52.865	8.5496	34.3817	89.43375	9.52221	6.08E+00	31.6295	0.00E+00								
cast22	37	53.974	8.55	34.4027	87.15905	9.52208	5.56E+00	31.6358	0.00E+00								
cast22	38	55.23	8.5518	34.4186	83.75488	9.52149	5.04E+00	31.6431	0.00E+00								
cast22	39	57.31	8.5567	34.6031	84.50595	9.51936	4.55E+00	31.6587	0.00E+00								
cast22	40	58.896	8.5528	34.3476	89.34108	9.52061	4.27E+00	31.6407	0.00E+00								
cast22	41	60.058	8.551	34.5483	88.20685	9.52107	3.99E+00	31.6445	0.00E+00								
cast22	42	61.313	8.551	34.7705	87.65401	9.52113	3.72E+00	31.648	0.00E+00								
cast22	43	62.841	8.5529	34.6743	87.67476	9.52057	3.46E+00	31.6523	0.00E+00								
cast22	44	64.286	8.553	34.672	85.63586	9.52033	3.24E+00	31.6523	0.00E+00								
cast22	45	65.817	8.5539	34.3915	84.3991	9.51984	3.03E+00	31.6597	0.00E+00								
cast22	46	67.814	8.5539	34.3818	89.49246	9.51985	2.87E+00	31.6532	0.00E+00								
cast22	47	69	8.551	34.564	88.98994	9.52067	2.75E+00	31.6507	0.00E+00								
cast22	48	70.134	8.5502	34.7133	87.03307	9.5209	2.63E+00	31.6521	0.00E+00								
cast22	49	71.332	8.551	34.2469	84.02617	9.52086	2.51E+00	31.6538	0.00E+00								
cast22	50	73.129	8.5538	34.5583	84.45118	9.51987	2.39E+00	31.6607	0.00E+00								
cast22	51	74.901	8.5532	34.684	88.34766	9.52007	2.30E+00	31.6526	0.00E+00								
cast22	52	76.238	8.551	34.3396	88.61149	9.52061	2.23E+00	31.6519	0.00E+00								
cast22	53	77.467	8.5498	34.3802	-9.99E-29	9.52096	2.16E+00	31.6521	0.00E+00								
cast22	54	78.56	8.5501	34.5983	-9.99E-29	9.52102	2.11E+00	31.6525	0.00E+00								
cast22	55	79.506	8.5506	34.0039	-9.99E-29	9.52077	1.67E+00	31.6553	0.00E+00								
cast25	1	1.834	9.2297	32.2387	96.06287	9.26785	1.49E+02	30.6997	0.00E+00								
cast25	2	3.188	9.0105	30.0347	96.60951	9.41072	6.40E+01	31.673	0.00E+00								
cast25	3	4.565	8.9297	27.9164	95.55242	9.42308	6.25E+01	31.7147	0.00E+00								
cast25	4	5.927	8.8085	30.5375	91.21015	9.44854	6.13E+01	31.6635	0.00E+00								
cast25	5	7.322	8.7523	31.9136	87.19314	9.46683	5.93E+01	31.7157	0.00E+00								
cast25	6	8.769	8.7275	32.0868	87.54314	9.46942	6.01E+01	31.8313	0.00E+00								
cast25	7	10.306	8.7104	32.2661	90.72126	9.47418	6.20E+01	31.8199	0.00E+00								
cast25	8	11.802	8.6678	32.3754	92.41318	9.48717	6.37E+01	31.6809	0.00E+00								
cast25	9	13.189	8.6254	32.4483	92.40915	9.50021	6.76E+01	31.6278	0.00E+00								
cast25	10	14.591	8.604	32.6491	91.87725	9.50784	7.25E+01	31.6321	0.00E+00								
cast25	11	16.048	8.5828	32.7697	91.47566	9.51256	7.33E+01	31.6214	0.00E+00								
cast25	12	17.586	8.5689	32.8473	91.65609	9.51749	7.82E+01	31.621	0.00E+00								
cast25	13	19.095	8.5553	32.9465	92.08646	9.52105	8.01E+01	31.598	0.00E+00								
cast25	14	20.538	8.5464	32.9071	91.84514	9.52491	7.95E+01	31.5828	0.00E+00								
cast25	15	21.985	8.5425	33.0164	91.56721	9.52681	7.47E+01	31.5754	0.00E+00								
cast25	16	23.443	8.542	33.193	91.78275	9.52775	6.90E+01	31.5705	0.00E+00								
cast25	17	24.951	8.5405	33.6064	92.0153	9.52826	6.38E+01	31.5627	0.00E+00								
cast25	18	26.394	8.539	33.5167	91.87577	9.52912	5.86E+01	31.5547	0.00E+00								
cast25	19	27.8	8.537	33.3726	91.70567	9.52989	5.18E+01	31.5486	0.00E+00								
cast25	20	29.248	8.5344	33.2952	91.64822	9.53047	4.56E+01	31.546	0.00E+00								
cast25	21	30.752	8.5291	33.4022	91.5604	9.53113	4.01E+01	31.5464	0.00E+00								
cast25	22	32.24	8.5231	33.6202	91.49037	9.53258	3.60E+01	31.5442	0.00E+00								
cast25	23	33.682	8.5194	33.4778	91.42032	9.53381	3.22E+01	31.5413	0.00E+00								
cast25	24	35.107	8.5168	33.3996	91.32561	9.53466	2.81E+01	31.5404	0.00E+00								
cast25	25	36.549	8.516	33.3668	91.06596	9.53495	2.43E+01	31.543	0.00E+00								
cast25	26	37.965	8.5148	33.4264	90.79844	9.53525	2.13E+01	31.5406	0.00E+00								
cast25	27	39.461	8.5157	33.5898	90.79357	9.53472	1.88E+01	31.5533	0.00E+00								
cast25	28	41.089	8.5169	33.9265	91.14973	9.53459	1.66E+01	31.5472	0.00E+00								
cast25	29	42.557	8.5144	33.7782	91.41605	9.53523	1.47E+01	31.5403	0.00E+00								
cast25	30	44.004	8.5138	33.5356	91.17636	9.5356	1.31E+01	31.5408	0.00E+00								
cast25	31	45.319	8.5141	33.2953	90.32119	9.53629	1.17E+01	31.5302	0.00E+00								
cast25	32	46.748	8.5139	33.8549	89.72846	9.53599	1.04E+01	31.5343	0.00E+00								
cast25	33	48.289	8.5151	33.8551	90.2417	9.53567	9.15E+00	31.5397	0.00E+00								
cast25	34	49.938	8.5175	33.7941	91.32041	9.53503	8.14E+00	31.5424	0.00E+00								
cast25	35	51.439	8.5165	33.9243	91.67183	9.53551	7.36E+00	31.5309	0.00E+00								
cast25	36	52.731	8.5164	33.8904	91.47846	9.53644	6.67E+00	31.5193	0.00E+00								
cast25	37	54.033	8.5163	33.8524	90.9745	9.5366	6.02E+00	31.5167	0.00E+00								
cast25	38	55.37	8.5161	34.1266	90.37821	9.5365	5.44E+00	31.5189	0.00E+00								
cast25	39	56.972	8.5243	34.0626	90.35318	9.53455	4.91E+00	31.5422	0.00E+00								
cast25	40	58.661	8.5328	33.7797	90.99504	9.53198	4.49E+00	31.5471	0.00E+00								
cast25	41	60.187	8.5332	33.5251	91.41485	9.53149	4.14E+00	31.5382	0.00E+00								
cast25	42	61.585	8.5309	34.4786	91.47795	9.53201	3.82E+00	31.5359	0.00E+00								
cast25	43	63.024	8.5303	34.7004	91.40148	9.53241	3.54E+00	31.5355	0.00E+00								
cast25	44	64.458	8.5305	34.0728	91.08037	9.53245	3.29E+00	31.5356	0.00E+00								
cast25	45	65.889	8.5306	34.1587	90.85254	9.53242	3.08E+00	31.535	0.00E+00								
cast25	46	67.309	8.5309	34.1685	90.75403	9.5325	2.88E+00	31.5335	0.00E+00								
cast25	47	68.713	8.5331	33.9583	90.57714	9.5322	2.72E+00	31.5358	0.00E+00								
cast25	48	70.138	8.5368	34.3658	90.20416	9.53134	2.57E+00	31.5401	0.00E+00								
cast25	49	71.716	8.5429	34.8038	90.36944	9.53011	2.44E+00	31.5448	0.00E+00								
cast25	50	73.366	8.5506	35.2955	91.18261	9.52813	2.33E+00	31.5495	0.00E+00								
cast25	51	74.862	8.5517	33.8617	91.5584	9.52752	2.24E+00	31.5428	0.00E+00								
cast25	52	76.217	8.5531	33.9966	91.06711	9.52732	2.16E+00	31.5441	0.00E+00								
cast25	53	77.496	8.5533	34.5576	90.05232	9.52736	2.09E+00	31.5392	0.00E+00								
cast25	54	78.853	8.5541	34.2772	89.34058	9.52702	2.02E+00	31.5429	0.00E+00								
cast25	55	80.376	8.5553	34.2126	89.6468	9.52659	1.96E+00	31.5466	0.00E+00								
cast25	56	82.039	8.5564	34.4098	90.76647	9.52631	1.91E+00	31.5461	0.00E+00								
cast25	57	83.524	8.5566	34.296	91.26378	9.52631	1.87E+00	31.5439	0.00E+00								
cast25	58	84.763	8.5572	34.2642	90.9034	9.5263	1.83E+00	31.5437	0.00E+00								
cast25	59	85.894	8.5578	34.2579	89.68599	9.52612	1.80E+00	31.5441	0.00E+00								
cast25	60	87.204	8.5852	34.4106	81.67439	9.51882	1.69E+00	31.5639	0.00E+00								
cast34	1	1.893	9.6317	34.046	93.44091	9.19016	1.49E+02	30.6805	0.00E+00								
cast34	2	3.068	9.1898	30.2659	91.10572	9.3721	5.33E+01	31.4955	0.00E+00								
cast34	3	4.466	9.1048	31.3943	89.00633	9.38964	6.04E+01	31.647	0.00E+00								
cast34	4	5.911	9.0176	31.9365	87.5415	9.4079	5.62E+01	31.6908	0.00E+00								
cast34	5	7.332	8.9567	32.2903	87.18284	9.42008	5.57E+01	31.771	0.00E+00								
cast34	6	8.767	8.9092	32.5102	88.63248	9.43136	5.70E+01	31.7675	0.00E+00								
cast34	7	10.239	8.8728	32.649	90.32962	9.44219	5.89E+01	31.7512	0.00E+00								
cast34	8	11.732	8.8381	32.8895	91.31352	9.45219	6.12E+01	31.7012	0.00E+00								
cast34	9	13.242	8.8069	32.9723	92.0849	9.46107	6.77E+01	31.6755	0.00E+00								
cast34	10	14.7	8.7889	32.9136	92.22749	9.46772	7.34E+01	31.6575	0.00E+00								
cast34	11	16.108	8.7832	33.116	91.75669	9.47142	8.14E+01	31.6458	0.00E+00								
cast34	12	17.498	8.7803	33.2527	91.32263	9.47249	8.75E+01	31.6395	0.00E+00								
cast34	13	19.009	8.7822	33.5777	91.61706	9.47241	9.52E+01	31.6422	0.00E+00								
cast34	14	20.548	8.7747	33.9855	91.9029	9.47317	9.16E+01	31.6317	0.00E+00								
cast34	15	22.009	8.7675	33.8263	91.77751	9.47579	8.48E+01	31.6234	0.00E+00								
cast34	16	23.467	8.7671	33.8235	91.63578	9.47659	7.93E+01	31.623	0.00E+00								
cast34	17	24.917	8.7554	33.8841	91.59031	9.47777	7.24E+01	31.6105	0.00E+00								
cast34	18	26.34	8.7406	34.0011	91.45385	9.48129	6.62E+01	31.6059	0.00E+00								
cast34	19	27.782	8.737	33.9547	91.36839	9.48328	5.71E+01	31.6149	0.00E+00								
cast34	20	29.283	8.7366	33.8765	91.24736	9.48345	4.86E+01	31.6152	0.00E+00								
cast34	21	30.791	8.7337	33.6725	91.30007	9.48415	4.37E+01	31.6105	0.00E+00								
cast34	22	32.27	8.7341	33.8135	91.26059	9.48458	3.97E+01	31.6091	0.00E+00								
cast34	23	33.718	8.733	33.798	91.11866	9.48496	3.46E+01	31.6018	0.00E+00								
cast34	24	35.124	8.7329	33.6935	90.99777	9.48528	3.03E+01	31.601	0.00E+00								
cast34	25	36.57	8.7331	33.8407	90.9051	9.48529	2.66E+01	31.5994	0.00E+00								
cast34	26	38.059	8.7345	33.8196	90.92406	9.48512	2.35E+01	31.6011	0.00E+00								
cast34	27	39.536	8.7319	33.7742	90.91588	9.48527	2.09E+01	31.5969	0.00E+00								
cast34	28	40.993	8.7313	33.9064	90.75537	9.48571	1.87E+01	31.599	0.00E+00								
cast34	29	42.467	8.7321	34.0343	90.82149	9.48558	1.66E+01	31.5997	0.00E+00								
cast34	30	43.961	8.7333	34.2184	91.03822	9.48546	1.47E+01	31.5992	0.00E+00								
cast34	31	45.406	8.7329	34.0913	90.93878	9.48549	1.30E+01	31.5955	0.00E+00								
cast34	32	46.798	8.7322	34.1724	90.69726	9.48579	1.17E+01	31.5929	0.00E+00								
cast34	33	48.233	8.7319	34.304	90.5798	9.48603	1.05E+01	31.5918	0.00E+00								
cast34	34	49.764	8.7339	33.9119	90.67559	9.48558	9.40E+00	31.5963	0.00E+00								
cast34	35	51.286	8.7331	34.01	90.77058	9.4856	8.45E+00	31.5917	0.00E+00								
cast34	36	52.718	8.7312	33.9857	90.69046	9.48611	7.65E+00	31.5885	0.00E+00								
cast34	37	54.176	8.7308	33.926	90.81383	9.48637	6.91E+00	31.5892	0.00E+00								
cast34	38	55.691	8.7318	34.5671	91.12066	9.48622	6.25E+00	31.5918	0.00E+00								
cast34	39	57.168	8.732	34.5964	91.05118	9.48624	5.70E+00	31.588	0.00E+00								
cast34	40	58.583	8.7319	34.626	90.74034	9.48638	5.20E+00	31.5863	0.00E+00								
cast34	41	59.98	8.7319	34.8648	90.51869	9.48641	4.77E+00	31.5858	0.00E+00								
cast34	42	61.455	8.7322	34.7122	90.70437	9.48625	4.38E+00	31.5876	0.00E+00								
cast34	43	62.955	8.7325	34.2097	90.79102	9.4863	4.05E+00	31.5857	0.00E+00								
cast34	44	64.414	8.7322	34.6783	90.66415	9.4863	3.76E+00	31.5853	0.00E+00								
cast34	45	65.858	8.7327	34.6394	90.70849	9.4863	3.51E+00	31.5861	0.00E+00								
cast34	46	67.371	8.7336	34.4311	90.94183	9.48606	3.28E+00	31.587	0.00E+00								
cast34	47	68.882	8.7331	34.0805	90.92944	9.48613	3.08E+00	31.5842	0.00E+00								
cast34	48	70.281	8.7319	33.8897	90.46843	9.48645	2.90E+00	31.5819	0.00E+00								
cast34	49	71.642	8.7315	33.8376	89.857	9.48666	2.75E+00	31.5819	0.00E+00								
cast34	50	73.058	8.7323	33.8158	89.91568	9.48658	2.61E+00	31.5839	0.00E+00								
cast34	51	74.61	8.7341	34.1049	90.57652	9.48619	2.49E+00	31.5851	0.00E+00								
cast34	52	76.149	8.7333	34.3867	91.00237	9.48616	2.38E+00	31.5813	0.00E+00								
cast34	53	77.404	8.7318	34.6292	90.48165	9.48658	2.29E+00	31.5797	0.00E+00								
cast34	54	78.495	8.7311	34.0179	88.95212	9.4868	2.20E+00	31.5804	0.00E+00								
cast34	55	79.388	8.7453	34.2655	84.65241	9.48412	1.97E+00	31.5915	0.00E+00								
cast37	1	1.897	9.4123	25.9071	96.07023	9.28036	1.01E+03	31.0263	0.00E+00								
cast37	2	3.31	9.2785	26.1602	95.95372	9.36303	5.26E+02	31.5618	0.00E+00								
cast37	3	4.672	9.2705	32.0624	92.92957	9.3722	4.92E+02	31.5967	0.00E+00								
cast37	4	6.001	9.2754	32.5257	91.0845	9.3719	4.54E+02	31.6085	0.00E+00								
cast37	5	7.411	9.2789	32.5471	90.86492	9.36866	4.57E+02	31.6425	0.00E+00								
cast37	6	8.852	9.2052	32.6467	91.75446	9.37224	3.99E+02	31.596	0.00E+00								
cast37	7	10.285	9.0494	32.702	92.46247	9.39696	3.06E+02	31.5125	0.00E+00								
cast37	8	11.742	8.9492	32.7296	92.71359	9.42568	2.62E+02	31.5621	0.00E+00								
cast37	9	13.19	8.9092	32.7212	92.67813	9.44146	2.25E+02	31.6088	0.00E+00								
cast37	10	14.611	8.884	33.2722	92.77694	9.44808	1.87E+02	31.6177	0.00E+00								
cast37	11	16.113	8.8433	33.2199	93.0061	9.4554	1.67E+02	31.5965	0.00E+00								
cast37	12	17.615	8.7941	33.1848	92.96907	9.46437	1.43E+02	31.5876	0.00E+00								
cast37	13	19.043	8.7615	33.244	92.42499	9.47489	1.20E+02	31.5846	0.00E+00								
cast37	14	20.408	8.7665	33.2517	91.71244	9.47897	1.01E+02	31.6054	0.00E+00								
cast37	15	21.787	8.7688	33.6684	91.29293	9.47796	8.89E+01	31.6003	0.00E+00								
cast37	16	23.253	8.771	33.728	91.43241	9.47785	7.73E+01	31.5976	0.00E+00								
cast37	17	24.939	8.7839	33.8502	91.81779	9.4754	6.59E+01	31.618	0.00E+00								
cast37	18	26.443	8.7694	34.2266	91.85026	9.47542	5.59E+01	31.5794	0.00E+00								
cast37	19	27.817	8.7388	34.0664	91.85999	9.48181	4.84E+01	31.568	0.00E+00								
cast37	20	29.343	8.7127	33.9961	92.12551	9.48666	4.24E+01	31.5789	0.00E+00								
cast37	21	30.879	8.6932	34.3179	92.42734	9.49243	3.72E+01	31.578	0.00E+00								
cast37	22	32.388	8.6902	34.4525	92.33018	9.49491	3.19E+01	31.5879	0.00E+00								
cast37	23	33.742	8.6984	33.8645	91.83925	9.49509	2.79E+01	31.5829	0.00E+00								
cast37	24	35.054	8.6911	34.1155	91.32161	9.49469	2.45E+01	31.5634	0.00E+00								
cast37	25	36.448	8.6779	34.4574	90.92666	9.49697	2.12E+01	31.5578	0.00E+00								
cast37	26	37.92	8.6326	34.4374	90.79852	9.50119	1.83E+01	31.5531	0.00E+00								
cast37	27	39.405	8.584	34.2253	90.48598	9.51277	1.58E+01	31.5595	0.00E+00								
cast37	28	40.916	8.5642	33.7299	89.92132	9.52021	1.37E+01	31.5845	0.00E+00								
cast37	29	42.317	8.5597	34.1746	89.81997	9.52231	1.20E+01	31.5898	0.00E+00								
cast37	30	43.919	8.5622	34.0671	90.52599	9.52194	1.04E+01	31.5994	0.00E+00								
cast37	31	45.499	8.5616	33.8024	90.80089	9.52225	9.15E+00	31.5883	0.00E+00								
cast37	32	46.873	8.5577	33.8774	90.46678	9.52314	8.17E+00	31.5814	0.00E+00								
cast37	33	48.261	8.557	33.9785	90.60592	9.52365	7.26E+00	31.5842	0.00E+00								
cast37	34	49.862	8.56	34.1654	91.22382	9.52331	6.37E+00	31.5888	0.00E+00								
cast37	35	51.402	8.5638	34.1346	91.30192	9.52307	5.71E+00	31.5792	0.00E+00								
cast37	36	52.754	8.5641	34.2941	91.00933	9.52296	5.17E+00	31.572	0.00E+00								
cast37	37	54.119	8.5602	34.4072	90.78708	9.52342	4.69E+00	31.5676	0.00E+00								
cast37	38	55.56	8.5579	34.6615	90.75719	9.52406	4.25E+00	31.5702	0.00E+00								
cast37	39	57.005	8.557	34.7271	90.78717	9.52447	3.86E+00	31.5708	0.00E+00								
cast37	40	58.529	8.5578	34.7304	90.86128	9.5243	3.52E+00	31.5747	0.00E+00								
cast37	41	59.99	8.5554	35.3563	90.93835	9.52459	3.26E+00	31.5688	0.00E+00								
cast37	42	61.536	8.555	35.1137	90.97366	9.52491	3.02E+00	31.5729	0.00E+00								
cast37	43	63.007	8.5546	34.6959	90.92251	9.5251	2.82E+00	31.5679	0.00E+00								
cast37	44	64.383	8.5529	34.4337	90.3636	9.5255	2.64E+00	31.5657	0.00E+00								
cast37	45	65.761	8.5493	34.6596	89.63663	9.52598	2.49E+00	31.5646	0.00E+00								
cast37	46	67.197	8.5458	34.5336	89.44706	9.5266	2.36E+00	31.5697	0.00E+00								
cast37	47	68.795	8.5456	33.8322	89.62734	9.52691	2.24E+00	31.5724	0.00E+00								
cast37	48	70.271	8.5439	34.8164	89.54121	9.52719	2.15E+00	31.5705	0.00E+00								
cast37	49	71.78	8.5438	35.1248	89.82451	9.52735	2.06E+00	31.5715	0.00E+00								
cast37	50	73.258	8.5435	34.6403	89.93307	9.52752	1.99E+00	31.568	0.00E+00								
cast37	51	74.633	8.5427	34.6357	89.92523	9.52767	1.95E+00	31.5693	0.00E+00								
cast37	52	76.156	8.5438	35.4302	89.97326	9.52777	1.88E+00	31.5667	0.00E+00								
cast37	53	77.643	8.5437	34.661	89.11961	9.52776	1.84E+00	31.5634	0.00E+00								
cast37	54	78.952	8.5421	34.8231	88.32807	9.52804	1.80E+00	31.5629	0.00E+00								
cast37	55	80.488	8.5444	35.0397	89.32806	9.52778	1.76E+00	31.5682	0.00E+00								
cast37	56	82.108	8.5455	34.7931	90.85514	9.52745	1.73E+00	31.5635	0.00E+00								
cast37	57	83.51	8.5437	34.3364	91.29723	9.5278	1.71E+00	31.5603	0.00E+00								
cast37	58	84.819	8.5422	34.0693	91.23063	9.52822	1.69E+00	31.5594	0.00E+00								
cast37	59	86.003	8.542	34.1205	90.10157	9.52846	1.67E+00	31.5593	0.00E+00								
cast37	60	87	8.5417	34.2192	87.81859	9.52854	1.66E+00	31.5583	0.00E+00								
cast37	61	87.703	8.5496	34.785	85.75373	9.52857	1.07E+00	31.5596	0.00E+00								
cast42	1	1.229	10.6287	31.6959	88.99208	9.20518	3.06E+01	29.6039	0.00E+00								
cast42	2	3.78	10.6573	34.6115	92.55219	9.21011	1.93E+01	29.6119	0.00E+00								
cast42	3	4.945	10.5739	34.1044	92.26737	9.21352	1.71E+01	29.649	0.00E+00								
cast42	4	5.995	10.33	33.3851	90.69508	9.21062	1.34E+01	29.8937	0.00E+00								
cast42	5	7.084	10.1937	32.642	88.79065	9.23723	1.06E+01	30.2749	0.00E+00								
cast42	6	8.342	10.1683	33.0202	85.83804	9.26202	8.30E+00	30.3057	0.00E+00								
cast42	7	10.098	10.1637	34.1529	84.01295	9.2605	7.01E+00	30.3932	0.00E+00								
cast42	8	12.058	9.6962	34.7778	91.40805	9.27947	6.65E+00	30.707	0.00E+00								
cast42	9	13.598	9.3582	33.713	95.15668	9.34507	6.20E+00	31.2676	0.00E+00								
cast42	10	14.905	9.2761	33.9909	95.31024	9.36818	5.61E+00	31.3952	0.00E+00								
cast42	11	16.161	9.2182	34.0427	94.58254	9.3812	5.03E+00	31.4648	0.00E+00								
cast42	12	17.36	9.1757	33.9572	92.69553	9.39065	4.51E+00	31.494	0.00E+00								
cast42	13	18.595	9.1495	33.857	89.39968	9.39775	4.05E+00	31.5231	0.00E+00								
cast42	14	20.045	9.1409	34.4458	85.65018	9.40055	3.65E+00	31.5723	0.00E+00								
cast42	15	22.364	9.1427	34.3908	90.72027	9.39784	3.39E+00	31.6129	0.00E+00								
cast42	16	23.952	9.1073	34.3791	93.91171	9.40541	3.18E+00	31.5215	0.00E+00								
cast42	17	25.176	9.0827	34.5306	93.81798	9.41251	2.98E+00	31.513	0.00E+00								
cast42	18	26.387	9.064	34.2578	93.32565	9.41674	2.80E+00	31.5196	0.00E+00								
cast42	19	27.723	9.0394	34.0192	92.98551	9.4213	2.64E+00	31.52	0.00E+00								
cast42	20	29.239	9.0213	34.0296	92.81762	9.42526	2.50E+00	31.5382	0.00E+00								
cast42	21	30.7	8.9974	34.0412	91.99991	9.42941	2.39E+00	31.5345	0.00E+00								
cast42	22	32.032	8.9795	34.2068	90.32277	9.43425	2.28E+00	31.5357	0.00E+00								
cast42	23	33.275	8.9703	34.0537	88.50243	9.43692	2.17E+00	31.5449	0.00E+00								
cast42	24	34.929	8.9706	33.7989	89.09817	9.43701	2.08E+00	31.5727	0.00E+00								
cast42	25	37.119	8.963	34.2109	92.38366	9.43696	2.01E+00	31.5635	0.00E+00								
cast42	26	38.55	8.9356	34.5414	92.79919	9.44256	1.96E+00	31.5392	0.00E+00								
cast42	27	39.828	8.9189	34.6629	92.67391	9.44682	1.92E+00	31.5355	0.00E+00								
cast42	28	41.081	8.9092	34.4846	92.31477	9.44975	1.88E+00	31.5401	0.00E+00								
cast42	29	42.331	8.8965	34.2447	91.81537	9.452	1.84E+00	31.5351	0.00E+00								
cast42	30	43.586	8.8836	34.1299	90.99652	9.4548	1.80E+00	31.5345	0.00E+00								
cast42	31	45.007	8.8773	34.0231	89.49962	9.45704	1.77E+00	31.5507	0.00E+00								
cast42	32	46.399	8.8667	34.1311	87.32008	9.45816	1.74E+00	31.5519	0.00E+00								
cast42	33	48.058	8.8582	34.6174	87.14489	9.46023	1.71E+00	31.5687	0.00E+00								
cast42	34	50.303	8.8546	34.2439	91.84417	9.46101	1.69E+00	31.5654	0.00E+00								
cast42	35	51.767	8.8444	34.5126	92.79355	9.46375	1.68E+00	31.5468	0.00E+00								
cast42	36	53.03	8.8363	34.3368	92.67321	9.46565	1.66E+00	31.5396	0.00E+00								
cast42	37	54.264	8.8299	34.0846	91.6751	9.46724	1.65E+00	31.5385	0.00E+00								
cast42	38	55.474	8.8235	34.1073	90.20788	9.46859	1.64E+00	31.5376	0.00E+00								
cast42	39	56.651	8.8162	34.1729	88.81054	9.47009	1.63E+00	31.5354	0.00E+00								
cast42	40	58.032	8.811	34.1665	87.88804	9.47129	1.61E+00	31.547	0.00E+00								
cast42	41	59.802	8.8084	34.1339	87.49693	9.4719	1.61E+00	31.5554	0.00E+00								
cast42	42	61.587	8.8124	34.2057	89.11251	9.47148	1.60E+00	31.5587	0.00E+00								
cast42	43	63.445	8.8067	34.3749	92.31305	9.47141	1.60E+00	31.5475	0.00E+00								
cast42	44	64.779	8.7848	34.5127	92.26426	9.47544	1.59E+00	31.5265	0.00E+00								
cast42	45	65.963	8.7798	34.6761	90.65883	9.47835	1.59E+00	31.5402	0.00E+00								
cast42	46	67.079	8.7754	34.4052	88.22285	9.47926	1.58E+00	31.537	0.00E+00								
cast42	47	68.188	8.7724	34.3188	85.92643	9.47999	1.56E+00	31.5405	0.00E+00								
cast42	48	69.913	8.7688	34.2834	85.44566	9.48022	1.58E+00	31.5567	0.00E+00								
cast42	49	72.283	8.7737	34.7644	91.5779	9.47959	1.58E+00	31.5537	0.00E+00								
cast42	50	73.649	8.7671	34.3865	92.19766	9.48099	1.57E+00	31.5425	0.00E+00								
cast42	51	74.908	8.7656	34.0942	91.982	9.48168	1.57E+00	31.5431	0.00E+00								
cast42	52	76.098	8.7644	34.3358	90.68567	9.48211	1.57E+00	31.5403	0.00E+00								
cast42	53	77.256	8.7645	34.6492	88.53201	9.48221	1.57E+00	31.5417	0.00E+00								
cast42	54	78.433	8.7635	34.4964	86.10443	9.48217	1.57E+00	31.5426	0.00E+00								
cast42	55	79.954	8.7659	34.341	84.84921	9.48145	1.57E+00	31.5535	0.00E+00								
cast42	56	80.655	8.7815	34.0431	85.86157	9.48038	1.57E+00	31.5661	0.00E+00								
cast45	1	1.863	9.3816	35.9615	91.16956	9.34739	9.81E+01	31.0669	0.00E+00								
cast45	2	3.121	9.3352	31.7426	89.62214	9.37413	5.22E+01	31.2363	0.00E+00								
cast45	3	4.517	9.3179	32.723	87.76771	9.37945	4.29E+01	31.2863	0.00E+00								
cast45	4	5.913	9.3032	33.6009	85.32438	9.38105	3.74E+01	31.3091	0.00E+00								
cast45	5	7.32	9.2957	33.7127	83.9966	9.38137	3.29E+01	31.3524	0.00E+00								
cast45	6	8.765	9.2844	33.8901	85.46331	9.38107	2.88E+01	31.3763	0.00E+00								
cast45	7	10.24	9.245	33.8671	88.32909	9.38701	2.49E+01	31.3434	0.00E+00								
cast45	8	11.707	9.1813	33.592	90.47006	9.39749	2.18E+01	31.3409	0.00E+00								
cast45	9	13.194	9.1207	33.6023	91.88717	9.40925	1.95E+01	31.3682	0.00E+00								
cast45	10	14.724	9.0652	33.4673	92.63877	9.4198	1.77E+01	31.4035	0.00E+00								
cast45	11	16.195	9.0295	33.392	92.54602	9.42844	1.61E+01	31.4315	0.00E+00								
cast45	12	17.529	9.0135	34.284	91.27153	9.43295	1.44E+01	31.4453	0.00E+00								
cast45	13	18.825	8.9989	34.2502	89.55613	9.43556	1.29E+01	31.4529	0.00E+00								
cast45	14	20.239	8.9789	33.9483	89.04551	9.43856	1.16E+01	31.4711	0.00E+00								
cast45	15	22.037	8.9586	34.0433	90.69955	9.4413	1.04E+01	31.4986	0.00E+00								
cast45	16	23.616	8.9298	34.3061	91.78401	9.44694	9.46E+00	31.4925	0.00E+00								
cast45	17	24.991	8.913	34.1944	91.1555	9.45108	8.53E+00	31.4966	0.00E+00								
cast45	18	26.264	8.8999	34.1289	89.79669	9.45383	7.68E+00	31.5021	0.00E+00								
cast45	19	27.586	8.8914	33.8933	88.82561	9.45607	6.90E+00	31.5108	0.00E+00								
cast45	20	29.187	8.8865	34.1256	89.81378	9.45678	6.19E+00	31.5245	0.00E+00								
cast45	21	30.928	8.8672	35.0025	91.5302	9.4596	5.59E+00	31.5189	0.00E+00								
cast45	22	32.375	8.855	35.313	91.87232	9.46286	5.08E+00	31.5198	0.00E+00								
cast45	23	33.659	8.84	33.7291	91.28072	9.46534	4.62E+00	31.5155	0.00E+00								
cast45	24	34.998	8.8234	34.0617	90.45762	9.46824	4.21E+00	31.5221	0.00E+00								
cast45	25	36.414	8.8066	34.1349	89.9954	9.47176	3.84E+00	31.5335	0.00E+00								
cast45	26	37.995	8.8048	34.1159	89.69569	9.47318	3.54E+00	31.5455	0.00E+00								
cast45	27	39.471	8.7907	34.5083	89.24701	9.47469	3.26E+00	31.5407	0.00E+00								
cast45	28	40.914	8.7724	34.3484	88.90665	9.47814	3.02E+00	31.5475	0.00E+00								
cast45	29	42.41	8.7451	33.6987	89.57765	9.48196	2.80E+00	31.5541	0.00E+00								
cast45	30	43.966	8.7172	34.9245	90.4055	9.48867	2.62E+00	31.5662	0.00E+00								
cast45	31	45.403	8.7096	35.2954	90.2186	9.49121	2.48E+00	31.572	0.00E+00								
cast45	32	46.798	8.7087	34.7536	89.79831	9.49214	2.33E+00	31.575	0.00E+00								
cast45	33	48.309	8.7095	34.8676	89.99199	9.49176	2.23E+00	31.5751	0.00E+00								
cast45	34	49.924	8.711	35.1276	90.56941	9.49183	2.13E+00	31.5728	0.00E+00								
cast45	35	51.287	8.708	35.6422	90.34179	9.4921	2.06E+00	31.5676	0.00E+00								
cast45	36	52.673	8.7063	35.4313	90.11812	9.49273	1.98E+00	31.5684	0.00E+00								
cast45	37	54.142	8.7035	35.3952	90.19495	9.49306	1.92E+00	31.5686	0.00E+00								
cast45	38	55.636	8.701	35.6783	90.30358	9.49381	1.87E+00	31.5699	0.00E+00								
cast45	39	57.149	8.7032	35.2951	90.49295	9.49379	1.83E+00	31.57	0.00E+00								
cast45	40	58.543	8.7041	34.7771	89.56336	9.4934	1.79E+00	31.5673	0.00E+00								
cast45	41	59.932	8.7001	35.2678	88.68873	9.49386	1.76E+00	31.5667	0.00E+00								
cast45	42	61.513	8.6984	35.2057	89.59612	9.49449	1.73E+00	31.5698	0.00E+00								
cast45	43	63.007	8.7009	35.8129	90.09433	9.49417	1.70E+00	31.5683	0.00E+00								
cast45	44	64.358	8.697	35.5547	89.53804	9.49463	1.68E+00	31.5651	0.00E+00								
cast45	45	65.804	8.693	35.5452	89.58081	9.49514	1.67E+00	31.568	0.00E+00								
cast45	46	67.358	8.6872	34.823	90.0959	9.49655	1.65E+00	31.5698	0.00E+00								
cast45	47	68.684	8.6864	34.5987	89.76694	9.49696	1.64E+00	31.5701	0.00E+00								
cast45	48	69.828	8.6855	34.106	87.68704	9.49708	1.63E+00	31.5701	0.00E+00								
cast45	49	70.738	8.6858	33.8232	83.56083	9.49734	1.61E+00	31.5693	0.00E+00								
cast54	1	1.651	9.5202	33.666	88.56716	9.32123	2.47E+02	31.1434	0.00E+00								
cast54	2	3.359	9.4367	29.2696	92.48811	9.35179	1.84E+02	31.2461	0.00E+00								
cast54	3	4.687	9.3665	30.9514	89.53936	9.36679	1.67E+02	31.2058	0.00E+00								
cast54	4	5.971	9.3407	32.1292	85.96248	9.37462	1.38E+02	31.2695	0.00E+00								
cast54	5	7.4	9.3383	32.453	86.51284	9.37345	1.14E+02	31.3459	0.00E+00								
cast54	6	8.862	9.3315	32.8105	90.444	9.3746	9.50E+01	31.3388	0.00E+00								
cast54	7	10.289	9.3147	33.1667	93.30623	9.38045	8.07E+01	31.2649	0.00E+00								
cast54	8	11.687	9.2931	33.2924	93.37146	9.38582	6.88E+01	31.2466	0.00E+00								
cast54	9	13.076	9.2815	33.4953	92.49135	9.3895	5.96E+01	31.2511	0.00E+00								
cast54	10	14.542	9.2741	33.8195	92.44258	9.39145	5.17E+01	31.2583	0.00E+00								
cast54	11	16.162	9.2689	33.7629	93.36233	9.39266	4.50E+01	31.2617	0.00E+00								
cast54	12	17.7	9.2609	33.7138	93.87999	9.39468	3.93E+01	31.2466	0.00E+00								
cast54	13	19.077	9.2526	33.7413	93.61342	9.3967	3.41E+01	31.2396	0.00E+00								
cast54	14	20.44	9.2459	33.8657	93.13161	9.39823	2.93E+01	31.2419	0.00E+00								
cast54	15	21.917	9.2361	34.0028	93.02844	9.39918	2.51E+01	31.2491	0.00E+00								
cast54	16	23.469	9.211	34.1273	93.06952	9.40163	2.15E+01	31.2645	0.00E+00								
cast54	17	24.923	9.1961	33.3159	92.87531	9.40542	1.85E+01	31.2822	0.00E+00								
cast54	18	26.335	9.1825	33.6202	92.72021	9.40737	1.59E+01	31.2911	0.00E+00								
cast54	19	27.801	9.1647	34.2382	92.79812	9.40968	1.37E+01	31.3077	0.00E+00								
cast54	20	29.377	9.1632	34.1361	92.9617	9.41188	1.19E+01	31.3204	0.00E+00								
cast54	21	30.884	9.1649	34.1235	92.99971	9.41204	1.05E+01	31.315	0.00E+00								
cast54	22	32.28	9.1484	36.404	93.01785	9.4126	9.20E+00	31.3124	0.00E+00								
cast54	23	33.686	9.1372	35.8602	93.08499	9.41529	8.09E+00	31.3244	0.00E+00								
cast54	24	35.155	9.1382	35.4061	93.04237	9.41647	7.11E+00	31.3329	0.00E+00								
cast54	25	36.593	9.1378	34.4559	92.85433	9.41635	6.29E+00	31.3304	0.00E+00								
cast54	26	37.971	9.1319	34.3054	92.14116	9.41668	5.57E+00	31.3267	0.00E+00								
cast54	27	39.35	9.1226	33.9804	91.38878	9.41816	4.94E+00	31.3333	0.00E+00								
cast54	28	40.833	9.0985	34.1616	91.23833	9.41965	4.39E+00	31.343	0.00E+00								
cast54	29	42.498	9.0566	34.5646	91.97171	9.42611	3.92E+00	31.3733	0.00E+00								
cast54	30	44.091	9.035	34.9347	92.48679	9.43167	3.55E+00	31.3966	0.00E+00								
cast54	31	45.478	9.0266	34.2767	92.56035	9.43415	3.25E+00	31.4028	0.00E+00								
cast54	32	46.849	9.0233	34.3072	92.54182	9.43532	2.99E+00	31.4071	0.00E+00								
cast54	33	48.306	9.0223	34.9057	92.39499	9.43568	2.76E+00	31.4101	0.00E+00								
cast54	34	49.78	9.0188	34.5682	92.1187	9.43596	2.57E+00	31.4108	0.00E+00								
cast54	35	51.189	9.0018	34.3762	91.88832	9.43692	2.42E+00	31.4076	0.00E+00								
cast54	36	52.643	8.9984	34.2455	91.73703	9.4397	2.28E+00	31.424	0.00E+00								
cast54	37	54.142	8.97	34.4055	91.71477	9.44126	2.16E+00	31.4231	0.00E+00								
cast54	38	55.627	8.9501	34.2603	91.67491	9.44633	2.07E+00	31.4454	0.00E+00								
cast54	39	57.065	8.9436	33.7121	91.66347	9.44885	1.98E+00	31.4578	0.00E+00								
cast54	40	58.529	8.9428	33.447	91.75036	9.44948	1.91E+00	31.4606	0.00E+00								
cast54	41	60.079	8.9446	33.4577	91.86465	9.44929	1.85E+00	31.4609	0.00E+00								
cast54	42	61.575	8.9362	33.6855	91.78992	9.44983	1.80E+00	31.456	0.00E+00								
cast54	43	62.968	8.9331	34.3231	91.67505	9.45111	1.76E+00	31.4606	0.00E+00								
cast54	44	64.368	8.9375	34.7047	91.58633	9.45136	1.73E+00	31.4639	0.00E+00								
cast54	45	65.838	8.942	33.4456	91.56622	9.45026	1.70E+00	31.4599	0.00E+00								
cast54	46	67.285	8.9436	33.8344	91.31612	9.44985	1.68E+00	31.4571	0.00E+00								
cast54	47	68.689	8.9453	34.9166	90.81046	9.44953	1.65E+00	31.4547	0.00E+00								
cast54	48	70.132	8.9448	36.9015	90.59334	9.44932	1.64E+00	31.4545	0.00E+00								
cast54	49	71.798	8.9441	34.8677	91.31602	9.44934	1.62E+00	31.4574	0.00E+00								
cast54	50	73.432	8.9421	34.8046	92.05749	9.44975	1.61E+00	31.4536	0.00E+00								
cast54	51	74.797	8.9399	34.372	92.01178	9.45021	1.60E+00	31.4527	0.00E+00								
cast54	52	76.118	8.9368	33.8285	91.86105	9.45073	1.59E+00	31.4526	0.00E+00								
cast54	53	77.511	8.9355	34.6649	91.81111	9.45118	1.60E+00	31.4553	0.00E+00								
cast54	54	79.022	8.9347	34.8392	91.77957	9.45134	1.59E+00	31.4565	0.00E+00								
cast54	55	80.49	8.9354	34.2218	91.26285	9.45143	1.58E+00	31.4565	0.00E+00								
cast54	56	81.825	8.9362	34.3447	90.16896	9.45128	1.57E+00	31.4559	0.00E+00								
cast54	57	83.226	8.9369	34.1831	89.61513	9.4511	1.57E+00	31.4565	0.00E+00								
cast54	58	84.81	8.9384	34.2089	90.54977	9.4508	1.57E+00	31.457	0.00E+00								
cast54	59	86.211	8.9375	34.5048	90.00381	9.45083	1.56E+00	31.4547	0.00E+00								
cast54	60	87.209	8.9373	34.6721	86.59327	9.45112	1.47E+00	31.4534	0.00E+00								
cast54	61	88.26	8.9546	34.0256	79.21511	9.4481	1.79E+00	31.4786	0.00E+00								
cast57	1	1.755	9.4333	34.3678	88.64781	9.35894	5.27E+02	31.2067	0.00E+00								
cast57	2	3.294	9.43	32.1847	89.67248	9.36064	2.68E+02	31.2478	0.00E+00								
cast57	3	4.84	9.4314	30.9676	91.94193	9.36147	1.94E+02	31.2341	0.00E+00								
cast57	4	6.183	9.4316	30.3987	92.83423	9.3616	1.57E+02	31.2274	0.00E+00								
cast57	5	7.548	9.4293	30.9993	93.04141	9.36168	1.26E+02	31.226	0.00E+00								
cast57	6	8.911	9.4189	31.2367	92.95875	9.36262	1.02E+02	31.223	0.00E+00								
cast57	7	10.296	9.4059	31.7612	93.05363	9.36464	8.16E+01	31.2252	0.00E+00								
cast57	8	11.709	9.3969	31.8631	93.44704	9.36692	6.59E+01	31.232	0.00E+00								
cast57	9	13.205	9.3901	31.409	93.93912	9.36853	5.38E+01	31.2362	0.00E+00								
cast57	10	14.695	9.3797	31.5206	93.89778	9.37005	4.50E+01	31.2351	0.00E+00								
cast57	11	16.143	9.3688	31.6753	93.48687	9.37208	3.81E+01	31.2356	0.00E+00								
cast57	12	17.529	9.3607	31.9922	93.14736	9.37411	3.23E+01	31.2378	0.00E+00								
cast57	13	18.943	9.3568	32.3634	93.04537	9.37558	2.70E+01	31.2414	0.00E+00								
cast57	14	20.494	9.3513	32.3778	93.20797	9.37636	2.26E+01	31.2435	0.00E+00								
cast57	15	22.048	9.3467	32.3815	93.49312	9.37739	1.91E+01	31.2447	0.00E+00								
cast57	16	23.556	9.3403	33.651	93.74215	9.3784	1.62E+01	31.2429	0.00E+00								
cast57	17	25.041	9.3361	33.5886	93.96697	9.37976	1.34E+01	31.2424	0.00E+00								
cast57	18	26.437	9.3295	33.7091	94.02175	9.38049	1.11E+01	31.2429	0.00E+00								
cast57	19	27.827	9.3133	33.7005	93.79257	9.38248	9.24E+00	31.2321	0.00E+00								
cast57	20	29.255	9.302	33.4395	93.2239	9.3855	7.67E+00	31.2387	0.00E+00								
cast57	21	30.65	9.2969	33.4697	92.67758	9.38736	6.46E+00	31.2462	0.00E+00								
cast57	22	32.076	9.2951	33.9407	92.64285	9.38824	5.47E+00	31.2499	0.00E+00								
cast57	23	33.551	9.2953	34.2452	93.09331	9.3884	4.75E+00	31.2517	0.00E+00								
cast57	24	35.198	9.2944	34.5929	93.61279	9.38841	4.15E+00	31.2521	0.00E+00								
cast57	25	36.682	9.2879	34.4121	93.6795	9.38882	3.68E+00	31.2497	0.00E+00								
cast57	26	38.076	9.2712	34.1554	93.72803	9.39091	3.28E+00	31.2396	0.00E+00								
cast57	27	39.455	9.261	34.2093	93.62633	9.39371	2.94E+00	31.2477	0.00E+00								
cast57	28	40.804	9.256	34.3431	92.93761	9.39545	2.66E+00	31.2541	0.00E+00								
cast57	29	42.108	9.2454	34.4293	91.2697	9.39641	2.44E+00	31.255	0.00E+00								
cast57	30	43.316	9.2248	34.4952	88.88843	9.39914	2.26E+00	31.2475	0.00E+00								
cast57	31	44.603	9.2148	34.4814	85.50895	9.40257	2.12E+00	31.2695	0.00E+00								
cast57	32	46.878	9.219	34.6224	84.54819	9.40145	1.99E+00	31.3016	0.00E+00								
cast57	33	48.691	9.2133	34.1631	92.45551	9.40346	1.91E+00	31.2773	0.00E+00								
cast57	34	50.091	9.2116	33.9415	94.14613	9.40426	1.84E+00	31.2758	0.00E+00								
cast57	35	51.493	9.2083	35.4452	94.35576	9.40457	1.78E+00	31.2743	0.00E+00								
cast57	36	52.822	9.2008	34.8775	93.97611	9.40556	1.74E+00	31.2729	0.00E+00								
cast57	37	54.141	9.1925	34.069	93.27818	9.407	1.71E+00	31.2757	0.00E+00								
cast57	38	55.548	9.1852	34.8631	92.37765	9.4086	1.68E+00	31.2804	0.00E+00								
cast57	39	57.002	9.1819	34.9152	91.72199	9.40959	1.65E+00	31.2853	0.00E+00								
cast57	40	58.569	9.1776	34.8407	92.01198	9.4102	1.63E+00	31.2874	0.00E+00								
cast57	41	60.251	9.1737	35.8288	93.10249	9.41105	1.62E+00	31.2895	0.00E+00								
cast57	42	61.798	9.1706	34.9106	93.62374	9.41174	1.61E+00	31.2894	0.00E+00								
cast57	43	63.147	9.1686	34.5921	93.30971	9.41217	1.60E+00	31.2891	0.00E+00								
cast57	44	64.42	9.1675	34.6053	92.16038	9.41259	1.59E+00	31.2889	0.00E+00								
cast57	45	65.685	9.1669	34.6204	90.40616	9.41277	1.58E+00	31.2897	0.00E+00								
cast57	46	66.925	9.1649	34.6895	89.36445	9.41296	1.58E+00	31.2895	0.00E+00								
cast57	47	68.606	9.1642	34.6163	90.43607	9.41308	1.58E+00	31.2952	0.00E+00								
cast57	48	70.492	9.1635	34.8846	92.64112	9.4132	1.57E+00	31.2945	0.00E+00								
cast57	49	71.956	9.1625	34.9576	93.24685	9.41345	1.57E+00	31.2933	0.00E+00								
cast57	50	73.304	9.1613	34.6136	93.02357	9.41363	1.57E+00	31.2931	0.00E+00								
cast57	51	74.661	9.1596	34.8778	92.16956	9.414	1.56E+00	31.2926	0.00E+00								
cast57	52	76.016	9.159	35.0192	91.32974	9.41424	1.56E+00	31.2932	0.00E+00								
cast57	53	77.467	9.1599	34.9861	91.41494	9.41423	1.56E+00	31.2946	0.00E+00								
cast57	54	79.094	9.161	36.0264	92.37537	9.41391	1.56E+00	31.2944	0.00E+00								
cast57	55	80.6	9.1605	35.8255	92.53773	9.41395	1.56E+00	31.2929	0.00E+00								
cast57	56	81.93	9.1589	35.25	92.01051	9.41409	1.56E+00	31.2926	0.00E+00								
cast57	57	83.26	9.1574	34.2396	91.6093	9.41444	1.56E+00	31.2935	0.00E+00								
cast57	58	84.694	9.1565	34.4142	91.71975	9.41465	1.56E+00	31.2949	0.00E+00								
cast57	59	86.132	9.1564	34.512	91.4417	9.41474	1.56E+00	31.2955	0.00E+00								
cast57	60	87.279	9.1562	34.4673	89.56982	9.41475	1.56E+00	31.295	0.00E+00								
cast57	61	88.144	9.1635	34.4736	85.34526	9.41361	1.48E+00	31.2997	0.00E+00								
cast66	1	1.675	9.6311	31.109	88.34919	9.31876	6.44E+02	31.0481	0.00E+00								
cast66	2	3.103	9.5985	28.4428	84.25984	9.32654	3.17E+02	31.2496	0.00E+00								
cast66	3	4.826	9.5974	32.4862	91.29207	9.32502	2.65E+02	31.1891	0.00E+00								
cast66	4	6.381	9.5153	32.5372	94.99898	9.34506	2.16E+02	31.0684	0.00E+00								
cast66	5	7.717	9.4841	32.6877	95.50691	9.35455	1.76E+02	31.0735	0.00E+00								
cast66	6	9.066	9.4559	32.7228	95.67472	9.36095	1.42E+02	31.0695	0.00E+00								
cast66	7	10.398	9.4324	32.7615	95.39879	9.36706	1.16E+02	31.0586	0.00E+00								
cast66	8	11.751	9.4195	32.9007	94.78635	9.37167	9.61E+01	31.0609	0.00E+00								
cast66	9	13.152	9.4097	33.0534	94.27073	9.3743	7.90E+01	31.0614	0.00E+00								
cast66	10	14.621	9.4012	33.0527	93.91449	9.37628	6.44E+01	31.0634	0.00E+00								
cast66	11	16.058	9.3939	33.1768	93.92398	9.37801	5.37E+01	31.0629	0.00E+00								
cast66	12	17.548	9.3896	33.2984	94.00878	9.37919	4.44E+01	31.0683	0.00E+00								
cast66	13	19.084	9.3848	33.4217	93.99934	9.37986	3.62E+01	31.0714	0.00E+00								
cast66	14	20.579	9.3792	33.8455	94.19276	9.3809	2.99E+01	31.0713	0.00E+00								
cast66	15	22.057	9.3731	34.0479	94.31341	9.38213	2.46E+01	31.0695	0.00E+00								
cast66	16	23.506	9.3674	34.2771	94.36076	9.38335	2.02E+01	31.0699	0.00E+00								
cast66	17	24.963	9.364	34.299	94.07109	9.38449	1.66E+01	31.0702	0.00E+00								
cast66	18	26.417	9.3622	34.0301	94.23067	9.38512	1.36E+01	31.0705	0.00E+00								
cast66	19	27.855	9.3617	34.0314	93.9399	9.38551	1.12E+01	31.0701	0.00E+00								
cast66	20	29.297	9.3559	33.8929	93.83793	9.38577	9.20E+00	31.0674	0.00E+00								
cast66	21	30.741	9.3464	33.9251	93.86301	9.38697	7.64E+00	31.0675	0.00E+00								
cast66	22	32.176	9.3371	33.3041	93.50122	9.3888	6.39E+00	31.0704	0.00E+00								
cast66	23	33.636	9.3318	33.4004	93.48836	9.39045	5.36E+00	31.0758	0.00E+00								
cast66	24	35.102	9.3285	33.4047	93.41294	9.39122	4.59E+00	31.0789	0.00E+00								
cast66	25	36.574	9.3245	33.3923	93.60139	9.39188	3.97E+00	31.0814	0.00E+00								
cast66	26	38.105	9.3199	34.063	93.81773	9.3926	3.45E+00	31.0839	0.00E+00								
cast66	27	39.6	9.3156	34.1039	93.87784	9.3934	3.06E+00	31.0861	0.00E+00								
cast66	28	41.06	9.3078	34.225	93.96198	9.39441	2.74E+00	31.0837	0.00E+00								
cast66	29	42.499	9.3044	34.2054	93.85779	9.39571	2.48E+00	31.0887	0.00E+00								
cast66	30	43.939	9.3046	33.6285	93.77014	9.39627	2.28E+00	31.091	0.00E+00								
cast66	31	45.363	9.3038	33.6957	93.63259	9.39629	2.12E+00	31.0898	0.00E+00								
cast66	32	46.793	9.302	33.4862	93.57926	9.39643	1.98E+00	31.0904	0.00E+00								
cast66	33	48.235	9.2946	33.5142	93.55431	9.39687	1.89E+00	31.0893	0.00E+00								
cast66	34	49.674	9.2893	34.0857	93.50776	9.39817	1.82E+00	31.094	0.00E+00								
cast66	35	51.165	9.2826	34.0464	93.56521	9.39913	1.77E+00	31.0979	0.00E+00								
cast66	36	52.702	9.2767	34.0985	93.69415	9.40034	1.72E+00	31.102	0.00E+00								
cast66	37	54.245	9.2743	34.1018	93.88143	9.40125	1.68E+00	31.1063	0.00E+00								
cast66	38	55.746	9.2708	33.9419	93.94858	9.40167	1.65E+00	31.1059	0.00E+00								
cast66	39	57.178	9.2639	33.9785	93.86685	9.40255	1.63E+00	31.1028	0.00E+00								
cast66	40	58.608	9.262	33.6311	93.73098	9.40357	1.64E+00	31.1077	0.00E+00								
cast66	41	60.043	9.2602	33.6978	93.60745	9.40403	1.61E+00	31.1081	0.00E+00								
cast66	42	61.47	9.259	33.7616	93.53004	9.40437	1.59E+00	31.1092	0.00E+00								
cast66	43	62.903	9.2584	34.0869	93.51958	9.40453	1.58E+00	31.1107	0.00E+00								
cast66	44	64.357	9.2584	34.5232	93.49825	9.40461	1.57E+00	31.1112	0.00E+00								
cast66	45	65.814	9.256	34.382	93.42483	9.40463	1.57E+00	31.111	0.00E+00								
cast66	46	67.284	9.2506	34.1663	93.3401	9.40519	1.57E+00	31.1107	0.00E+00								
cast66	47	68.759	9.2478	33.8388	93.33212	9.40611	1.57E+00	31.1152	0.00E+00								
cast66	48	70.263	9.2476	33.5703	93.44551	9.40647	1.57E+00	31.117	0.00E+00								
cast66	49	71.785	9.2479	33.8278	93.55138	9.40649	1.56E+00	31.1171	0.00E+00								
cast66	50	73.281	9.248	33.9147	93.63377	9.40651	1.56E+00	31.116	0.00E+00								
cast66	51	74.717	9.2477	33.8969	93.56603	9.40656	1.56E+00	31.1149	0.00E+00								
cast66	52	76.14	9.2477	33.8706	93.39268	9.40662	1.56E+00	31.1149	0.00E+00								
cast66	53	77.572	9.2477	33.7393	93.22449	9.40661	1.56E+00	31.1151	0.00E+00								
cast66	54	78.994	9.2477	33.6968	93.0982	9.4066	1.56E+00	31.1154	0.00E+00								
cast66	55	80.429	9.2477	34.135	93.17086	9.40659	1.56E+00	31.1153	0.00E+00								
cast66	56	81.915	9.2475	34.162	93.29942	9.40653	1.56E+00	31.1166	0.00E+00								
cast66	57	83.457	9.2477	33.5105	93.47431	9.4065	1.56E+00	31.1174	0.00E+00								
cast66	58	84.945	9.2482	33.6697	93.52994	9.4065	1.56E+00	31.1169	0.00E+00								
cast66	59	86.361	9.2481	33.8444	93.56624	9.40646	1.56E+00	31.1155	0.00E+00								
cast66	60	87.744	9.2477	33.9856	93.48322	9.40655	1.56E+00	31.1146	0.00E+00								
cast66	61	89.017	9.2478	34.1182	92.66	9.40663	1.56E+00	31.1143	0.00E+00								
cast66	62	90.206	9.2481	34.221	91.01817	9.40661	1.55E+00	31.1146	0.00E+00								
cast66	63	91.257	9.2484	34.375	88.83046	9.40657	1.56E+00	31.1143	0.00E+00								
cast66	64	92.523	9.2692	33.5653	86.10208	9.4029	1.35E+01	31.1323	0.00E+00								
cast68	1	1.904	9.4973	36.1279	92.70458	9.34865	2.81E+02	30.8899	0.00E+00								
cast68	2	3.483	9.4697	33.0797	95.30931	9.36641	1.32E+02	31.0028	0.00E+00								
cast68	3	4.87	9.4677	28.383	95.5255	9.36735	1.16E+02	31.0037	0.00E+00								
cast68	4	6.043	9.4654	30.2109	95.12807	9.36786	1.05E+02	30.9995	0.00E+00								
cast68	5	7.432	9.4618	31.3503	94.49594	9.36849	8.46E+01	30.9987	0.00E+00								
cast68	6	8.808	9.4582	31.6641	94.04407	9.36914	6.87E+01	31	0.00E+00								
cast68	7	10.236	9.4559	31.7264	93.70649	9.36973	5.55E+01	31.0027	0.00E+00								
cast68	8	11.716	9.451	32.0047	93.61927	9.36996	4.54E+01	31.0065	0.00E+00								
cast68	9	13.188	9.4539	32.0806	93.50793	9.3701	3.75E+01	31.0198	0.00E+00								
cast68	10	14.676	9.4632	32.2594	93.4063	9.36831	3.06E+01	31.0344	0.00E+00								
cast68	11	16.195	9.4764	32.5559	93.33108	9.36565	2.45E+01	31.0468	0.00E+00								
cast68	12	17.677	9.489	32.8768	93.12759	9.3606	1.98E+01	31.0855	0.00E+00								
cast68	13	19.081	9.4969	32.694	92.7677	9.35772	1.64E+01	31.0948	0.00E+00								
cast68	14	20.479	9.5019	32.6599	92.40364	9.35561	1.34E+01	31.1028	0.00E+00								
cast68	15	21.855	9.5032	32.6957	92.26632	9.35466	1.10E+01	31.1008	0.00E+00								
cast68	16	23.323	9.5009	32.7469	92.42913	9.35486	9.09E+00	31.0936	0.00E+00								
cast68	17	24.895	9.499	32.7972	92.85113	9.35589	7.58E+00	31.0863	0.00E+00								
cast68	18	26.475	9.5012	32.8306	93.10563	9.35535	6.41E+00	31.0979	0.00E+00								
cast68	19	27.957	9.5026	33.6276	93.21019	9.35498	5.48E+00	31.0985	0.00E+00								
cast68	20	29.386	9.5043	33.6659	93.18217	9.35461	4.71E+00	31.0995	0.00E+00								
cast68	21	30.786	9.5051	32.5989	93.00626	9.35411	4.07E+00	31.1026	0.00E+00								
cast68	22	32.188	9.5052	32.5998	92.86894	9.35426	3.56E+00	31.0975	0.00E+00								
cast68	23	33.585	9.5049	32.8255	92.75797	9.35421	3.15E+00	31.0977	0.00E+00								
cast68	24	35.087	9.505	32.8114	92.90541	9.35429	2.82E+00	31.0973	0.00E+00								
cast68	25	36.63	9.5062	32.8023	93.01091	9.35395	2.57E+00	31.1021	0.00E+00								
cast68	26	38.106	9.5072	32.7685	92.99806	9.35357	2.38E+00	31.1045	0.00E+00								
cast68	27	39.542	9.5087	32.7356	92.96797	9.35303	2.22E+00	31.1104	0.00E+00								
cast68	28	40.969	9.511	32.7394	92.94968	9.35213	2.08E+00	31.1201	0.00E+00								
cast68	29	42.455	9.5138	32.9713	92.9258	9.35069	1.98E+00	31.1356	0.00E+00								
cast68	30	43.926	9.5152	32.9885	92.89327	9.34993	1.89E+00	31.1385	0.00E+00								
cast68	31	45.367	9.5153	32.9116	92.71423	9.3497	1.83E+00	31.1382	0.00E+00								
cast68	32	46.842	9.5151	32.9019	92.38391	9.35003	1.77E+00	31.1327	0.00E+00								
cast68	33	48.276	9.5157	33.1211	92.15347	9.34968	1.73E+00	31.1385	0.00E+00								
cast68	34	49.685	9.5156	33.2494	92.23141	9.34971	1.69E+00	31.1363	0.00E+00								
cast68	35	51.184	9.5151	33.3921	92.49321	9.34989	1.67E+00	31.1337	0.00E+00								
cast68	36	52.764	9.5145	33.4677	92.79419	9.35023	1.65E+00	31.1301	0.00E+00								
cast68	37	54.257	9.5146	33.5355	92.73611	9.35027	1.63E+00	31.1316	0.00E+00								
cast68	38	55.674	9.516	33.3146	92.63165	9.34992	1.62E+00	31.136	0.00E+00								
cast68	39	57.095	9.518	33.2836	92.58138	9.34895	1.60E+00	31.1477	0.00E+00								
cast68	40	58.532	9.5191	33.2065	92.6579	9.34846	1.59E+00	31.1487	0.00E+00								
cast68	41	60.03	9.5194	33.2079	92.7707	9.3482	1.61E+00	31.1495	0.00E+00								
cast68	42	61.549	9.5195	33.3629	92.66422	9.34827	1.59E+00	31.1475	0.00E+00								
cast68	43	62.964	9.5201	33.4976	92.47825	9.34803	1.58E+00	31.1512	0.00E+00								
cast68	44	64.32	9.5204	33.6218	92.23287	9.34786	1.57E+00	31.1519	0.00E+00								
cast68	45	65.689	9.5203	33.7257	92.20515	9.34785	1.57E+00	31.1514	0.00E+00								
cast68	46	67.229	9.5203	33.0143	92.34197	9.34792	1.57E+00	31.1507	0.00E+00								
cast68	47	68.893	9.5205	33.1269	92.58572	9.34788	1.58E+00	31.151	0.00E+00								
cast68	48	70.423	9.521	33.3944	92.68905	9.34775	1.56E+00	31.1526	0.00E+00								
cast68	49	71.834	9.5215	33.4293	92.54782	9.34749	1.56E+00	31.1548	0.00E+00								
cast68	50	73.216	9.5215	33.471	92.37152	9.34744	1.56E+00	31.1543	0.00E+00								
cast68	51	74.597	9.5217	33.3124	92.18995	9.34742	1.56E+00	31.1546	0.00E+00								
cast68	52	76.061	9.5219	33.2077	92.1947	9.34731	1.56E+00	31.1554	0.00E+00								
cast68	53	77.544	9.5211	33.2437	92.31798	9.34738	1.56E+00	31.1536	0.00E+00								
cast68	54	79.032	9.5211	33.2478	92.50592	9.34765	1.56E+00	31.1521	0.00E+00								
cast68	55	80.532	9.5214	33.1058	92.6395	9.34749	1.56E+00	31.1548	0.00E+00								
cast68	56	81.99	9.522	33.1222	92.6654	9.34728	1.56E+00	31.1565	0.00E+00								
cast68	57	83.447	9.5227	33.1727	92.69781	9.34722	1.56E+00	31.1561	0.00E+00								
cast68	58	84.901	9.5231	33.1688	92.59254	9.34712	1.56E+00	31.1552	0.00E+00								
cast68	59	86.34	9.5232	33.1463	92.58098	9.34705	1.56E+00	31.1552	0.00E+00								
cast68	60	87.798	9.5233	33.6615	92.61148	9.34703	1.56E+00	31.155	0.00E+00								
cast68	61	89.266	9.5236	33.4954	92.64586	9.347	1.56E+00	31.1549	0.00E+00								
cast68	62	90.648	9.5235	33.1228	92.60352	9.347	1.56E+00	31.1544	0.00E+00								
cast68	63	91.876	9.5235	33.0318	92.41217	9.34703	1.57E+00	31.154	0.00E+00								
cast68	64	93.08	9.5236	32.9957	91.89132	9.34704	1.56E+00	31.1543	0.00E+00								
cast68	65	94.08	9.524	32.959	91.54967	9.34697	1.55E+00	31.1549	0.00E+00								
cast68	66	94.564	9.5257	33.1309	90.83458	9.34668	2.11E+00	31.1555	0.00E+00								
cast76	1	2.055	9.757	38.4905	92.57149	9.27391	4.23E+02	30.6944	0.00E+00								
cast76	2	3.263	9.6848	30.6038	92.35617	9.3169	2.05E+02	30.9387	0.00E+00								
cast76	3	4.542	9.6703	30.9192	92.13755	9.32473	1.59E+02	30.9831	0.00E+00								
cast76	4	5.843	9.6641	32.1236	92.07829	9.3266	1.32E+02	30.9944	0.00E+00								
cast76	5	7.217	9.6596	32.3497	91.69585	9.32773	9.71E+01	30.9977	0.00E+00								
cast76	6	8.551	9.6596	32.4171	90.51304	9.32852	8.19E+01	30.9957	0.00E+00								
cast76	7	9.84	9.6588	32.7869	88.49111	9.32886	6.52E+01	30.9915	0.00E+00								
cast76	8	11.007	9.6712	32.8029	86.73538	9.32821	5.02E+01	31.0036	0.00E+00								
cast76	9	13.415	9.6913	32.8144	87.75164	9.32277	4.67E+01	30.9904	0.00E+00								
cast76	10	14.836	9.6583	32.9358	89.65357	9.32819	3.55E+01	30.989	0.00E+00								
cast76	11	16.397	9.6512	32.8609	92.48313	9.32996	2.81E+01	30.9919	0.00E+00								
cast76	12	17.958	9.6388	32.8243	93.27901	9.33237	2.28E+01	30.9711	0.00E+00								
cast76	13	19.247	9.6286	32.8449	92.55728	9.33514	1.86E+01	30.9661	0.00E+00								
cast76	14	20.576	9.6235	33.097	92.27067	9.33677	1.49E+01	30.9675	0.00E+00								
cast76	15	22.005	9.6208	33.072	92.48074	9.33761	1.20E+01	30.9702	0.00E+00								
cast76	16	23.496	9.6179	32.931	92.71478	9.33811	9.93E+00	30.9706	0.00E+00								
cast76	17	24.953	9.6119	32.9229	92.61484	9.33861	8.15E+00	30.9722	0.00E+00								
cast76	18	26.317	9.6064	32.9119	92.36352	9.33975	6.70E+00	30.9743	0.00E+00								
cast76	19	27.735	9.6019	32.9245	92.17238	9.34078	5.40E+00	30.9776	0.00E+00								
cast76	20	29.193	9.5998	32.9103	91.974	9.34143	4.42E+00	30.9803	0.00E+00								
cast76	21	30.652	9.5998	33.244	91.8876	9.34172	3.79E+00	30.9821	0.00E+00								
cast76	22	32.034	9.5977	33.1229	91.43528	9.34172	3.31E+00	30.9809	0.00E+00								
cast76	23	33.39	9.5918	32.9068	89.85678	9.34224	2.87E+00	30.9832	0.00E+00								
cast76	24	34.632	9.5877	32.7826	86.97449	9.34322	2.60E+00	30.9877	0.00E+00								
cast76	25	36.341	9.609	32.9771	84.96483	9.33972	2.42E+00	31.0052	0.00E+00								
cast76	26	38.355	9.6003	33.09	90.5555	9.33895	2.20E+00	30.9872	0.00E+00								
cast76	27	39.752	9.591	32.9885	91.56804	9.34237	2.05E+00	30.994	0.00E+00								
cast76	28	41.082	9.589	33.1326	90.89586	9.343	1.94E+00	30.9921	0.00E+00								
cast76	29	42.447	9.5852	33.2023	90.6224	9.34341	1.84E+00	30.9926	0.00E+00								
cast76	30	44.008	9.5792	33.189	91.56927	9.34455	1.79E+00	30.9967	0.00E+00								
cast76	31	45.584	9.5788	33.2069	91.97166	9.3452	1.74E+00	30.9965	0.00E+00								
cast76	32	46.919	9.5752	33.2055	90.70975	9.34552	1.70E+00	30.9914	0.00E+00								
cast76	33	48.141	9.5713	33.0866	89.54647	9.34633	1.66E+00	30.9924	0.00E+00								
cast76	34	49.606	9.5713	33.208	89.8667	9.3466	1.64E+00	30.9987	0.00E+00								
cast76	35	51.303	9.5728	33.3883	91.07462	9.34634	1.62E+00	30.9983	0.00E+00								
cast76	36	52.688	9.5715	33.4444	90.40101	9.34649	1.60E+00	30.9942	0.00E+00								
cast76	37	53.876	9.5692	33.3314	89.79887	9.34696	1.59E+00	30.9938	0.00E+00								
cast76	38	55.098	9.5692	33.819	88.9954	9.3471	1.59E+00	30.9973	0.00E+00								
cast76	39	55.782	9.5883	33.4655	84.1576	9.34441	1.58E+00	31.0034	0.00E+00								
cast79	1	1.674	9.8662	29.8105	85.97058	9.27791	1.70E+03	30.9859	0.00E+00								
cast79	2	3.051	9.9548	32.0178	83.30874	9.26582	1.02E+03	31.274	0.00E+00								
cast79	3	4.516	9.9598	31.5751	86.44475	9.25458	7.08E+02	30.9935	0.00E+00								
cast79	4	5.897	9.8525	31.4639	85.2389	9.28071	5.30E+02	31.0182	0.00E+00								
cast79	5	7.375	9.824	31.4231	84.5643	9.28762	3.97E+02	31.0762	0.00E+00								
cast79	6	8.875	9.8078	31.429	86.09278	9.29215	2.94E+02	31.0649	0.00E+00								
cast79	7	10.391	9.7859	31.66	89.46138	9.29702	2.18E+02	31.0526	0.00E+00								
cast79	8	11.94	9.755	31.8111	92.42734	9.30462	1.64E+02	31.0038	0.00E+00								
cast79	9	13.469	9.7148	31.9046	93.44172	9.31266	1.24E+02	30.9797	0.00E+00								
cast79	10	14.906	9.6756	32.0112	93.49198	9.32057	9.39E+01	30.9785	0.00E+00								
cast79	11	16.268	9.6603	31.9978	93.23563	9.32628	7.17E+01	30.9933	0.00E+00								
cast79	12	17.669	9.6638	31.9909	92.99324	9.32869	5.43E+01	30.9882	0.00E+00								
cast79	13	19.098	9.664	32.3027	92.89794	9.32868	4.11E+01	30.977	0.00E+00								
cast79	14	20.556	9.6532	32.2558	92.82686	9.32909	3.15E+01	30.9789	0.00E+00								
cast79	15	22.024	9.6414	32.2798	92.7089	9.33075	2.40E+01	30.9854	0.00E+00								
cast79	16	23.441	9.6334	32.4922	92.63465	9.33301	1.83E+01	30.9877	0.00E+00								
cast79	17	24.865	9.6198	32.6441	92.46217	9.33416	1.41E+01	30.9978	0.00E+00								
cast79	18	26.267	9.6071	32.4939	92.22789	9.33606	1.10E+01	31.0119	0.00E+00								
cast79	19	27.651	9.6037	32.2961	92.06394	9.33815	8.55E+00	31.0201	0.00E+00								
cast79	20	29.066	9.5958	32.3016	91.81507	9.33858	6.64E+00	31.0223	0.00E+00								
cast79	21	30.508	9.5866	32.3117	90.65471	9.33984	5.12E+00	31.0365	0.00E+00								
cast79	22	31.96	9.5752	32.2294	88.17734	9.34085	4.17E+00	31.0486	0.00E+00								
cast79	23	33.338	9.5684	32.3673	85.61577	9.34219	3.49E+00	31.073	0.00E+00								
cast79	24	35.019	9.6039	32.4433	87.35074	9.33505	3.27E+00	31.1174	0.00E+00								
cast79	25	36.898	9.572	32.503	91.45651	9.33641	2.78E+00	31.0728	0.00E+00								
cast79	26	38.278	9.5619	32.4839	91.85408	9.34278	2.50E+00	31.0837	0.00E+00								
cast79	27	39.661	9.5643	32.4659	91.91207	9.34331	2.26E+00	31.0787	0.00E+00								
cast79	28	41.025	9.5606	32.781	91.64952	9.34351	2.09E+00	31.0752	0.00E+00								
cast79	29	42.39	9.5518	32.5514	90.92847	9.34413	1.95E+00	31.0777	0.00E+00								
cast79	30	43.864	9.5366	32.4616	90.685	9.34593	1.85E+00	31.1021	0.00E+00								
cast79	31	45.427	9.5467	32.5272	91.12	9.34716	1.77E+00	31.1009	0.00E+00								
cast79	32	46.933	9.5535	32.3395	91.39753	9.34573	1.71E+00	31.0849	0.00E+00								
cast79	33	48.368	9.5435	32.3805	91.33029	9.34531	1.67E+00	31.0822	0.00E+00								
cast79	34	49.849	9.5244	32.4785	91.33692	9.34738	1.64E+00	31.102	0.00E+00								
cast79	35	51.291	9.5066	32.6578	91.45979	9.34985	1.62E+00	31.1231	0.00E+00								
cast79	36	52.673	9.497	32.6497	91.27979	9.35216	1.60E+00	31.136	0.00E+00								
cast79	37	54.068	9.4964	32.624	90.98768	9.35361	1.59E+00	31.1419	0.00E+00								
cast79	38	55.577	9.5028	32.5768	91.03034	9.35297	1.58E+00	31.1399	0.00E+00								
cast79	39	57.18	9.505	33.1801	91.52705	9.35209	1.57E+00	31.1368	0.00E+00								
cast79	40	58.763	9.5049	32.7815	91.83799	9.35206	1.57E+00	31.132	0.00E+00								
cast79	41	60.206	9.4911	32.4873	91.91824	9.35227	1.56E+00	31.134	0.00E+00								
cast79	42	61.579	9.4829	32.793	91.95005	9.3546	1.56E+00	31.1454	0.00E+00								
cast79	43	62.995	9.4816	32.6091	91.99483	9.35582	1.56E+00	31.1511	0.00E+00								
cast79	44	64.431	9.4852	32.3932	91.79521	9.35597	1.56E+00	31.1479	0.00E+00								
cast79	45	65.871	9.4882	32.5724	91.48595	9.35544	1.55E+00	31.142	0.00E+00								
cast79	46	67.284	9.4866	32.5845	90.82915	9.35517	1.55E+00	31.1406	0.00E+00								
cast79	47	68.687	9.4853	32.4837	90.08229	9.35544	1.55E+00	31.1427	0.00E+00								
cast79	48	70.105	9.4818	32.5096	89.85448	9.35552	1.55E+00	31.1467	0.00E+00								
cast79	49	71.659	9.4806	32.6015	90.56724	9.35586	1.55E+00	31.1538	0.00E+00								
cast79	50	73.243	9.481	32.5478	91.47575	9.35575	1.55E+00	31.1555	0.00E+00								
cast79	51	74.751	9.48	32.5109	91.73649	9.35584	1.55E+00	31.1546	0.00E+00								
cast79	52	76.157	9.4795	32.6331	91.74165	9.35612	1.55E+00	31.1531	0.00E+00								
cast79	53	77.47	9.4794	32.8742	91.39479	9.35625	1.55E+00	31.152	0.00E+00								
cast79	54	78.707	9.4788	33.0056	90.09579	9.35629	1.55E+00	31.1518	0.00E+00								
cast79	55	79.795	9.4779	33.1056	87.34416	9.35637	1.55E+00	31.1526	0.00E+00								
cast79	56	80.88	9.4877	32.776	82.76494	9.35573	1.43E+00	31.1653	0.00E+00								
cast88	1	1.982	9.673	32.1081	95.69706	9.19714	1.93E+03	30.6058	0.00E+00								
cast88	2	3.061	9.4461	30.7471	91.68547	9.32271	9.16E+02	31.3386	0.00E+00								
cast88	3	4.14	9.4658	24.9039	87.6094	9.34038	7.00E+02	31.5295	0.00E+00								
cast88	4	5.494	9.5537	26.0699	83.96177	9.32419	5.43E+02	31.6231	0.00E+00								
cast88	5	7.378	9.6215	27.8509	88.25578	9.29996	4.05E+02	31.5951	0.00E+00								
cast88	6	9.286	9.4731	28.4484	95.55366	9.32446	3.29E+02	31.4661	0.00E+00								
cast88	7	10.635	9.4181	28.4136	96.10094	9.34126	2.79E+02	31.4863	0.00E+00								
cast88	8	11.876	9.3973	28.4022	94.42572	9.34961	2.30E+02	31.4878	0.00E+00								
cast88	9	13.084	9.3883	28.8654	91.7067	9.35345	1.78E+02	31.486	0.00E+00								
cast88	10	14.293	9.3831	28.8984	88.995	9.35502	1.35E+02	31.4878	0.00E+00								
cast88	11	15.752	9.3879	29.3218	88.44831	9.35416	1.03E+02	31.5138	0.00E+00								
cast88	12	17.628	9.3996	29.6663	92.60803	9.3506	8.31E+01	31.5358	0.00E+00								
cast88	13	19.408	9.3938	29.9835	95.65212	9.35199	6.98E+01	31.4922	0.00E+00								
cast88	14	20.845	9.3815	29.8863	95.90141	9.35527	5.94E+01	31.4751	0.00E+00								
cast88	15	22.101	9.3794	29.9798	94.75552	9.35747	4.88E+01	31.4671	0.00E+00								
cast88	16	23.344	9.3742	30.1407	93.05091	9.35826	3.96E+01	31.4614	0.00E+00								
cast88	17	24.58	9.3642	30.18	91.46514	9.35975	3.20E+01	31.4563	0.00E+00								
cast88	18	26	9.36	30.4532	90.93127	9.36104	2.51E+01	31.4743	0.00E+00								
cast88	19	27.817	9.3619	30.3014	93.02186	9.36049	2.01E+01	31.491	0.00E+00								
cast88	20	29.543	9.367	30.5163	94.67424	9.36011	1.71E+01	31.4839	0.00E+00								
cast88	21	31.006	9.3715	31.3132	95.02094	9.35983	1.45E+01	31.4729	0.00E+00								
cast88	22	32.349	9.3758	32.0728	94.67354	9.3596	1.23E+01	31.4648	0.00E+00								
cast88	23	33.68	9.3778	31.1799	94.30829	9.35911	1.03E+01	31.4577	0.00E+00								
cast88	24	35.041	9.3751	31.0957	93.52097	9.3589	8.66E+00	31.4562	0.00E+00								
cast88	25	36.399	9.3659	31.0153	92.50603	9.35988	7.32E+00	31.4565	0.00E+00								
cast88	26	37.817	9.3493	30.8613	91.7516	9.36171	6.18E+00	31.4624	0.00E+00								
cast88	27	39.463	9.3357	30.9086	92.38303	9.36478	5.25E+00	31.484	0.00E+00								
cast88	28	41.206	9.3276	31.3679	93.53215	9.36671	4.56E+00	31.4844	0.00E+00								
cast88	29	42.675	9.3192	31.1991	94.11315	9.36816	4.05E+00	31.4823	0.00E+00								
cast88	30	44.1	9.3144	31.2413	94.45356	9.36989	3.61E+00	31.484	0.00E+00								
cast88	31	45.506	9.3138	31.2868	94.35516	9.37044	3.25E+00	31.4834	0.00E+00								
cast88	32	46.833	9.3122	31.4125	94.05289	9.37082	2.95E+00	31.4799	0.00E+00								
cast88	33	48.181	9.3113	31.4344	93.66167	9.37122	2.69E+00	31.4785	0.00E+00								
cast88	34	49.579	9.313	32.2024	93.49614	9.37114	2.47E+00	31.4819	0.00E+00								
cast88	35	51.13	9.3143	31.752	93.60094	9.37056	2.30E+00	31.4833	0.00E+00								
cast88	36	52.747	9.3156	31.5055	93.83319	9.37046	2.16E+00	31.4839	0.00E+00								
cast88	37	54.221	9.3181	31.5059	93.39247	9.3701	2.05E+00	31.481	0.00E+00								
cast88	38	55.577	9.3186	31.619	92.15324	9.37	1.96E+00	31.4774	0.00E+00								
cast88	39	56.926	9.3173	31.7178	91.48417	9.37007	1.89E+00	31.4757	0.00E+00								
cast88	40	58.541	9.3188	31.969	92.62685	9.36982	1.83E+00	31.4826	0.00E+00								
cast88	41	60.19	9.3175	32.5328	93.98704	9.36978	1.78E+00	31.4779	0.00E+00								
cast88	42	61.577	9.3144	32.1959	93.90037	9.37039	1.74E+00	31.4773	0.00E+00								
cast88	43	62.93	9.313	32.0011	93.17701	9.37093	1.71E+00	31.4772	0.00E+00								
cast88	44	64.249	9.3107	31.7992	92.4439	9.37129	1.68E+00	31.4751	0.00E+00								
cast88	45	65.747	9.3076	32.2699	91.92652	9.37177	1.66E+00	31.4791	0.00E+00								
cast88	46	67.226	9.3073	32.7307	91.76196	9.37206	1.64E+00	31.4813	0.00E+00								
cast88	47	68.793	9.3092	32.7328	92.21249	9.37175	1.62E+00	31.4829	0.00E+00								
cast88	48	70.363	9.3074	31.8538	93.10046	9.37175	1.61E+00	31.48	0.00E+00								
cast88	49	71.876	9.3052	32.046	93.72328	9.37231	1.60E+00	31.4805	0.00E+00								
cast88	50	73.34	9.3046	31.7107	93.79432	9.37262	1.59E+00	31.4802	0.00E+00								
cast88	51	74.606	9.3044	31.849	93.18235	9.37288	1.58E+00	31.4766	0.00E+00								
cast88	52	75.798	9.304	32.0811	91.75491	9.37297	1.58E+00	31.4763	0.00E+00								
cast88	53	76.897	9.3035	32.4342	89.4817	9.37294	1.57E+00	31.478	0.00E+00								
cast88	54	78.014	9.3152	32.9632	86.0287	9.37111	1.56E+00	31.4851	0.00E+00								
cast91	1	1.612	10.3328	30.3062	85.33298	9.18732	3.40E+02	30.7666	0.00E+00								
cast91	2	3.012	10.3149	30.4724	85.28664	9.18838	2.25E+02	31.1129	0.00E+00								
cast91	3	4.43	10.2903	30.9128	85.07735	9.19686	2.33E+02	30.9773	0.00E+00								
cast91	4	5.976	10.1968	31.0326	87.17716	9.20767	2.57E+02	31.0587	0.00E+00								
cast91	5	7.548	10.0465	31.2005	89.6061	9.23722	2.88E+02	30.9504	0.00E+00								
cast91	6	8.938	9.9582	31.2835	90.26585	9.25839	2.42E+02	31.0074	0.00E+00								
cast91	7	10.372	9.9099	31.3682	92.76494	9.2688	1.92E+02	31.0506	0.00E+00								
cast91	8	11.916	9.8579	31.4522	94.42044	9.27876	1.68E+02	31.0348	0.00E+00								
cast91	9	13.331	9.8056	31.903	94.37227	9.29042	1.41E+02	31.0139	0.00E+00								
cast91	10	14.725	9.7883	31.8449	94.48449	9.29755	1.14E+02	31.0307	0.00E+00								
cast91	11	16.201	9.775	31.8736	94.64946	9.30054	9.21E+01	31.0338	0.00E+00								
cast91	12	17.678	9.7572	31.9189	94.63433	9.30335	7.44E+01	31.0326	0.00E+00								
cast91	13	19.098	9.741	32.0117	94.21619	9.30682	5.95E+01	31.0374	0.00E+00								
cast91	14	20.497	9.7357	32.1672	93.50608	9.30926	4.66E+01	31.0446	0.00E+00								
cast91	15	21.938	9.7349	31.9319	92.67389	9.31023	3.59E+01	31.0435	0.00E+00								
cast91	16	23.4	9.7305	31.7202	92.32763	9.31033	2.83E+01	31.0431	0.00E+00								
cast91	17	24.856	9.7249	31.7104	92.58915	9.3112	2.29E+01	31.0485	0.00E+00								
cast91	18	26.328	9.7152	31.8233	92.98263	9.31171	1.86E+01	31.0565	0.00E+00								
cast91	19	27.818	9.6729	31.9356	93.34019	9.3131	1.52E+01	31.0906	0.00E+00								
cast91	20	29.319	9.6338	31.9836	93.56515	9.3193	1.23E+01	31.1464	0.00E+00								
cast91	21	30.785	9.6029	31.9184	93.64168	9.32395	1.01E+01	31.1866	0.00E+00								
cast91	22	32.242	9.5907	31.872	93.55545	9.32788	8.29E+00	31.2107	0.00E+00								
cast91	23	33.69	9.5875	31.843	93.4755	9.32971	6.85E+00	31.2168	0.00E+00								
cast91	24	35.132	9.5852	31.8326	93.28015	9.33013	5.71E+00	31.2173	0.00E+00								
cast91	25	36.551	9.5843	32.0443	92.86194	9.33053	4.87E+00	31.2181	0.00E+00								
cast91	26	37.973	9.5848	32.1198	92.39812	9.33065	4.19E+00	31.2185	0.00E+00								
cast91	27	39.403	9.5863	32.2025	92.27091	9.33055	3.67E+00	31.2172	0.00E+00								
cast91	28	40.895	9.5822	32.4558	92.58165	9.32992	3.24E+00	31.2255	0.00E+00								
cast91	29	42.51	9.5754	32.3535	93.12767	9.33029	2.89E+00	31.2395	0.00E+00								
cast91	30	44.057	9.5656	31.8995	93.36043	9.33138	2.62E+00	31.2471	0.00E+00								
cast91	31	45.482	9.5603	32.2224	93.49123	9.33303	2.40E+00	31.2491	0.00E+00								
cast91	32	46.899	9.551	32.1616	93.37739	9.33363	2.22E+00	31.2575	0.00E+00								
cast91	33	48.293	9.5417	32.1279	93.00065	9.33464	2.09E+00	31.2712	0.00E+00								
cast91	34	49.696	9.5378	32.6705	92.35443	9.33603	1.98E+00	31.2772	0.00E+00								
cast91	35	51.097	9.5332	33.2041	91.99802	9.33636	1.89E+00	31.2854	0.00E+00								
cast91	36	52.593	9.532	32.3999	92.19553	9.33681	1.82E+00	31.2952	0.00E+00								
cast91	37	54.181	9.5345	32.5027	92.84291	9.33654	1.76E+00	31.2965	0.00E+00								
cast91	38	55.728	9.5308	32.5493	93.34788	9.33636	1.72E+00	31.2934	0.00E+00								
cast91	39	57.195	9.5233	32.3226	93.4442	9.33721	1.68E+00	31.3005	0.00E+00								
cast91	40	58.584	9.5202	32.5615	93.28586	9.33826	1.66E+00	31.3042	0.00E+00								
cast91	41	59.985	9.5178	32.6211	93.05165	9.3387	1.64E+00	31.3043	0.00E+00								
cast91	42	61.385	9.5156	32.5424	92.51707	9.33915	1.62E+00	31.3086	0.00E+00								
cast91	43	62.797	9.5152	32.8724	92.03113	9.33928	1.61E+00	31.3105	0.00E+00								
cast91	44	64.368	9.515	32.818	92.47036	9.33909	1.59E+00	31.3159	0.00E+00								
cast91	45	65.962	9.5127	32.2552	93.14908	9.339	1.58E+00	31.3159	0.00E+00								
cast91	46	67.433	9.5051	32.2972	93.31095	9.33973	1.58E+00	31.3208	0.00E+00								
cast91	47	68.814	9.4976	32.3116	93.20655	9.34077	1.57E+00	31.3288	0.00E+00								
cast91	48	70.156	9.5	32.2969	92.91888	9.34182	1.57E+00	31.332	0.00E+00								
cast91	49	71.453	9.5031	32.53	92.60459	9.34117	1.56E+00	31.3233	0.00E+00								
cast91	50	72.631	9.4952	32.4861	91.60903	9.34114	1.56E+00	31.3311	0.00E+00								
cast91	51	73.57	9.4918	32.4479	90.33516	9.34221	1.56E+00	31.3386	0.00E+00								
cast91	52	73.796	9.5404	32.8949	91.05352	9.33842	1.44E+00	31.3609	0.00E+00								
cast99	1	1.912	10.4202	27.284	91.63122	9.15068	1.95E+03	30.4919	0.00E+00								
cast99	2	3.363	10.3293	33.3135	91.0818	9.20003	1.26E+03	30.7869	0.00E+00								
cast99	3	4.739	10.2732	28.1962	90.51339	9.20673	9.24E+02	30.7852	0.00E+00								
cast99	4	6.122	10.1633	28.9716	91.02309	9.22124	7.15E+02	30.7636	0.00E+00								
cast99	5	7.513	10.0493	30.4243	92.10467	9.24342	5.44E+02	30.7622	0.00E+00								
cast99	6	8.939	9.9462	30.7907	93.05164	9.26329	4.22E+02	30.8013	0.00E+00								
cast99	7	10.365	9.8681	31.0018	93.5629	9.28065	3.31E+02	30.8515	0.00E+00								
cast99	8	11.779	9.8257	31.1152	93.60911	9.29337	2.70E+02	30.8901	0.00E+00								
cast99	9	13.197	9.8026	31.1191	93.49563	9.30045	2.19E+02	30.9044	0.00E+00								
cast99	10	14.63	9.7824	31.4515	93.51664	9.30483	1.77E+02	30.9071	0.00E+00								
cast99	11	16.098	9.7628	31.4231	93.52938	9.30875	1.46E+02	30.9132	0.00E+00								
cast99	12	17.563	9.752	31.5432	93.6379	9.31206	1.22E+02	30.9214	0.00E+00								
cast99	13	19.054	9.7457	31.575	93.58421	9.31429	1.01E+02	30.9212	0.00E+00								
cast99	14	20.539	9.7405	31.6278	93.38528	9.31575	8.46E+01	30.9159	0.00E+00								
cast99	15	21.974	9.7335	31.6347	93.11606	9.31713	7.07E+01	30.9098	0.00E+00								
cast99	16	23.421	9.7257	31.7354	92.94323	9.31858	5.89E+01	30.9101	0.00E+00								
cast99	17	24.884	9.7181	31.7086	92.99772	9.31995	4.93E+01	30.9149	0.00E+00								
cast99	18	26.349	9.7134	31.6791	93.0551	9.32114	4.12E+01	30.9196	0.00E+00								
cast99	19	27.786	9.7093	31.7922	93.05032	9.32212	3.47E+01	30.9192	0.00E+00								
cast99	20	29.209	9.7019	31.8952	92.6864	9.3233	2.91E+01	30.9137	0.00E+00								
cast99	21	30.597	9.6934	31.9211	91.83308	9.32474	2.43E+01	30.9152	0.00E+00								
cast99	22	31.95	9.687	31.9354	90.84352	9.32613	2.02E+01	30.9217	0.00E+00								
cast99	23	33.311	9.6818	31.9308	90.42128	9.32702	1.69E+01	30.9292	0.00E+00								
cast99	24	34.901	9.68	31.9268	90.87459	9.32716	1.44E+01	30.9472	0.00E+00								
cast99	25	36.637	9.6787	32.0836	91.79888	9.32658	1.22E+01	30.9563	0.00E+00								
cast99	26	38.155	9.6741	32.5741	91.94818	9.32722	1.05E+01	30.9593	0.00E+00								
cast99	27	39.576	9.6691	32.5783	91.71998	9.32768	9.11E+00	30.9635	0.00E+00								
cast99	28	40.995	9.6553	32.2974	91.81607	9.32745	7.83E+00	30.9925	0.00E+00								
cast99	29	42.431	9.6454	32.502	91.96352	9.32862	6.72E+00	31.0206	0.00E+00								
cast99	30	43.881	9.6427	32.3909	91.96548	9.32973	5.80E+00	31.0285	0.00E+00								
cast99	31	45.362	9.6421	32.2929	91.9376	9.32995	5.03E+00	31.0309	0.00E+00								
cast99	32	46.86	9.6427	32.2033	91.98963	9.33004	4.41E+00	31.0299	0.00E+00								
cast99	33	48.371	9.6425	32.1964	92.16349	9.33005	3.90E+00	31.0282	0.00E+00								
cast99	34	49.889	9.6407	32.2071	92.33292	9.33011	3.48E+00	31.0287	0.00E+00								
cast99	35	51.373	9.6341	32.4201	92.41347	9.3304	3.15E+00	31.0313	0.00E+00								
cast99	36	52.828	9.6048	32.353	92.4354	9.32995	2.86E+00	31.0856	0.00E+00								
cast99	37	54.252	9.5888	32.3393	92.471	9.33313	2.62E+00	31.1224	0.00E+00								
cast99	38	55.672	9.5807	32.4917	92.46768	9.33462	2.42E+00	31.1428	0.00E+00								
cast99	39	57.111	9.577	32.3334	92.36773	9.33563	2.26E+00	31.1514	0.00E+00								
cast99	40	58.544	9.5777	32.1672	92.27067	9.33615	2.12E+00	31.1513	0.00E+00								
cast99	41	60.013	9.5762	32.2868	92.20726	9.33588	2.01E+00	31.153	0.00E+00								
cast99	42	61.53	9.5726	32.4283	92.27042	9.33582	1.93E+00	31.162	0.00E+00								
cast99	43	63.043	9.5692	32.689	92.31527	9.33618	1.86E+00	31.1701	0.00E+00								
cast99	44	64.488	9.5706	32.4384	92.34727	9.33672	1.80E+00	31.1689	0.00E+00								
cast99	45	65.888	9.5721	32.3024	92.27558	9.33679	1.75E+00	31.1608	0.00E+00								
cast99	46	67.285	9.5694	32.3468	92.28159	9.33656	1.71E+00	31.161	0.00E+00								
cast99	47	68.687	9.5662	32.3685	92.21421	9.33685	1.68E+00	31.1689	0.00E+00								
cast99	48	70.079	9.5657	32.3527	92.16993	9.33733	1.66E+00	31.1698	0.00E+00								
cast99	49	71.423	9.5657	32.4458	91.57122	9.33736	1.64E+00	31.1705	0.00E+00								
cast99	50	72.632	9.5653	32.6624	89.96331	9.33723	1.62E+00	31.1727	0.00E+00								
cast99	51	73.649	9.5646	32.559	87.33921	9.33731	1.61E+00	31.1726	0.00E+00								
cast99	52	74.509	9.5759	32.3324	83.37493	9.33675	1.61E+00	31.1857	0.00E+00								
cast102	1	1.717	10.6813	32.2963	90.03887	9.10907	3.21E+02	30.0133	0.00E+00								
cast102	2	2.976	10.5622	27.9164	83.37903	9.16922	2.26E+02	30.4606	0.00E+00								
cast102	3	4.431	10.5618	30.1604	81.60334	9.16683	2.81E+02	30.6589	0.00E+00								
cast102	4	5.938	10.5343	30.3702	85.77404	9.17404	2.77E+02	30.5455	0.00E+00								
cast102	5	7.292	10.464	30.4042	84.87829	9.18474	2.52E+02	30.5325	0.00E+00								
cast102	6	8.781	10.4005	30.5008	81.58232	9.1879	2.14E+02	30.7328	0.00E+00								
cast102	7	10.361	10.1949	30.6731	83.60514	9.21276	1.89E+02	30.7075	0.00E+00								
cast102	8	11.842	10.0298	30.7638	88.43847	9.24807	1.64E+02	30.8362	0.00E+00								
cast102	9	13.531	9.9375	30.7875	93.75816	9.2684	1.40E+02	30.9356	0.00E+00								
cast102	10	14.974	9.87	30.8	95.43967	9.28313	1.23E+02	30.8779	0.00E+00								
cast102	11	16.295	9.837	31.0622	95.25359	9.29127	1.07E+02	30.9282	0.00E+00								
cast102	12	17.647	9.815	31.0147	94.46084	9.29516	9.04E+01	30.9584	0.00E+00								
cast102	13	19.063	9.8004	30.9825	93.84305	9.29804	7.61E+01	30.9849	0.00E+00								
cast102	14	20.501	9.7943	31.1693	93.7503	9.29964	6.46E+01	31.0004	0.00E+00								
cast102	15	21.981	9.7904	31.53	93.86779	9.29962	5.52E+01	31.0216	0.00E+00								
cast102	16	23.471	9.7876	31.3891	93.72427	9.29986	4.73E+01	31.0289	0.00E+00								
cast102	17	24.898	9.7772	31.3296	93.22735	9.29949	4.01E+01	31.0445	0.00E+00								
cast102	18	26.337	9.7542	31.5759	92.5502	9.3002	3.35E+01	31.0789	0.00E+00								
cast102	19	27.787	9.7282	31.4539	92.27259	9.30343	2.78E+01	31.1081	0.00E+00								
cast102	20	29.248	9.7156	31.2821	92.53961	9.30705	2.35E+01	31.137	0.00E+00								
cast102	21	30.758	9.7181	31.8362	93.13446	9.30748	2.03E+01	31.1575	0.00E+00								
cast102	22	32.238	9.7265	31.8866	93.3315	9.30591	1.75E+01	31.1652	0.00E+00								
cast102	23	33.661	9.7311	31.7121	93.16296	9.30404	1.49E+01	31.1706	0.00E+00								
cast102	24	35.089	9.7294	31.8385	92.73791	9.30402	1.26E+01	31.1581	0.00E+00								
cast102	25	36.535	9.7202	31.9888	92.20148	9.30297	1.06E+01	31.1832	0.00E+00								
cast102	26	38.024	9.6931	31.5787	92.12409	9.30534	9.06E+00	31.2051	0.00E+00								
cast102	27	39.507	9.6597	31.3358	92.20348	9.30903	7.83E+00	31.2229	0.00E+00								
cast102	28	40.981	9.6165	31.6195	92.18067	9.31536	6.87E+00	31.2556	0.00E+00								
cast102	29	42.453	9.5792	31.6803	91.86557	9.32118	6.04E+00	31.2858	0.00E+00								
cast102	30	43.912	9.5369	31.7309	91.5138	9.32825	5.34E+00	31.3173	0.00E+00								
cast102	31	45.383	9.5016	31.8065	91.39075	9.33431	4.76E+00	31.3483	0.00E+00								
cast102	32	46.86	9.4692	31.7122	91.60869	9.34052	4.27E+00	31.3728	0.00E+00								
cast102	33	48.302	9.4588	31.6562	91.86308	9.34479	3.85E+00	31.3916	0.00E+00								
cast102	34	49.765	9.4652	31.7034	91.80321	9.34543	3.49E+00	31.3971	0.00E+00								
cast102	35	51.265	9.4704	31.7628	91.60918	9.34457	3.19E+00	31.3895	0.00E+00								
cast102	36	52.769	9.4737	31.8008	91.64604	9.34378	2.95E+00	31.3855	0.00E+00								
cast102	37	54.221	9.4695	31.7798	91.82832	9.34364	2.76E+00	31.3813	0.00E+00								
cast102	38	55.657	9.4407	31.7771	91.70137	9.34532	2.58E+00	31.375	0.00E+00								
cast102	39	57.117	9.4258	32.0036	91.4294	9.35061	2.42E+00	31.3976	0.00E+00								
cast102	40	58.572	9.4225	32.1319	91.30565	9.35219	2.29E+00	31.4053	0.00E+00								
cast102	41	60.01	9.4216	32.246	91.47587	9.35272	2.18E+00	31.407	0.00E+00								
cast102	42	61.446	9.4261	31.9284	91.38094	9.35278	2.09E+00	31.409	0.00E+00								
cast102	43	62.875	9.4233	32.0872	90.69849	9.35208	2.01E+00	31.4038	0.00E+00								
cast102	44	64.314	9.4121	32.2737	89.9178	9.35303	1.94E+00	31.4074	0.00E+00								
cast102	45	65.835	9.407	32.0438	90.13284	9.35471	1.88E+00	31.4186	0.00E+00								
cast102	46	67.418	9.4019	31.8582	91.06614	9.35526	1.83E+00	31.4216	0.00E+00								
cast102	47	68.926	9.3969	31.7101	91.41867	9.35617	1.78E+00	31.4225	0.00E+00								
cast102	48	70.339	9.384	32.1587	90.94672	9.35756	1.75E+00	31.4204	0.00E+00								
cast102	49	71.711	9.3764	32.2058	90.04195	9.35984	1.72E+00	31.4294	0.00E+00								
cast102	50	73.089	9.3757	32.0951	89.56306	9.36057	1.69E+00	31.4334	0.00E+00								
cast102	51	74.579	9.3727	32.1284	89.74425	9.36091	1.67E+00	31.4351	0.00E+00								
cast102	52	76.115	9.3729	32.1995	90.43415	9.3611	1.66E+00	31.4387	0.00E+00								
cast102	53	77.64	9.3691	32.3342	90.86717	9.36115	1.64E+00	31.4372	0.00E+00								
cast102	54	79.105	9.3635	31.9325	90.97481	9.3623	1.62E+00	31.4376	0.00E+00								
cast102	55	80.524	9.3613	32.0267	90.93914	9.36312	1.61E+00	31.4397	0.00E+00								
cast102	56	81.914	9.3604	32.1509	90.93315	9.36348	1.60E+00	31.4391	0.00E+00								
cast102	57	83.286	9.3596	32.14	90.68918	9.3636	1.59E+00	31.4394	0.00E+00								
cast102	58	84.549	9.3581	32.2452	89.5411	9.36386	1.58E+00	31.439	0.00E+00								
cast102	59	85.668	9.3575	32.4796	87.98609	9.36408	1.58E+00	31.4396	0.00E+00								
cast102	60	86.65	9.3894	31.9785	85.05612	9.35827	3.64E+00	31.4705	0.00E+00								
cast109	1	2.43	10.7819	36.6396	90.72869	9.13743	5.82E+02	29.8615	0.00E+00								
cast109	2	3.459	10.6745	28.7506	87.26571	9.16531	3.01E+02	30.0536	0.00E+00								
cast109	3	4.715	10.5019	26.912	86.3281	9.18032	2.31E+02	30.2021	0.00E+00								
cast109	4	6.089	10.4011	28.8127	87.80104	9.20098	1.78E+02	30.3721	0.00E+00								
cast109	5	7.439	10.3306	30.6622	89.76501	9.21302	1.47E+02	30.4613	0.00E+00								
cast109	6	8.834	10.0905	30.8275	91.26782	9.22625	1.22E+02	30.5597	0.00E+00								
cast109	7	10.261	9.8297	30.7854	92.38891	9.26384	1.04E+02	30.8308	0.00E+00								
cast109	8	11.726	9.7074	30.99	92.93598	9.29862	9.01E+01	31.0395	0.00E+00								
cast109	9	13.207	9.6584	31.0919	93.14345	9.3144	7.81E+01	31.1295	0.00E+00								
cast109	10	14.666	9.6336	31.3777	92.92896	9.3204	6.79E+01	31.1538	0.00E+00								
cast109	11	16.085	9.6136	31.3853	92.76717	9.32449	5.87E+01	31.1679	0.00E+00								
cast109	12	17.571	9.602	31.4201	92.65859	9.3272	5.05E+01	31.1835	0.00E+00								
cast109	13	19.047	9.5859	31.4442	92.62223	9.32963	4.36E+01	31.1858	0.00E+00								
cast109	14	20.5	9.5774	31.4573	92.68497	9.33228	3.75E+01	31.1917	0.00E+00								
cast109	15	21.96	9.562	31.2792	92.70526	9.33407	3.21E+01	31.1916	0.00E+00								
cast109	16	23.446	9.5493	31.2975	92.61327	9.33711	2.75E+01	31.1996	0.00E+00								
cast109	17	24.906	9.5465	31.345	92.46253	9.33907	2.35E+01	31.2032	0.00E+00								
cast109	18	26.36	9.5429	31.3643	92.26111	9.33945	2.00E+01	31.2025	0.00E+00								
cast109	19	27.834	9.5389	31.5347	92.14212	9.34039	1.70E+01	31.2024	0.00E+00								
cast109	20	29.299	9.5374	31.8516	92.18172	9.34102	1.45E+01	31.2028	0.00E+00								
cast109	21	30.742	9.5336	31.6621	92.23366	9.34142	1.23E+01	31.2006	0.00E+00								
cast109	22	32.177	9.5309	31.4846	92.3371	9.34221	1.05E+01	31.2021	0.00E+00								
cast109	23	33.611	9.5298	31.4817	92.19589	9.3426	9.04E+00	31.2031	0.00E+00								
cast109	24	35.037	9.5282	31.4517	92.02577	9.34292	7.79E+00	31.2023	0.00E+00								
cast109	25	36.335	9.527	31.9713	-9.99E-29	9.34326	6.75E+00	31.2011	0.00E+00								
cast109	26	37.545	9.5255	31.9808	-9.99E-29	9.34355	5.85E+00	31.201	0.00E+00								
cast109	27	38.57	9.5209	31.711	-9.99E-29	9.3438	5.11E+00	31.2026	0.00E+00								
cast109	28	39.357	9.515	31.728	-9.99E-29	9.34457	4.45E+00	31.2078	0.00E+00								
