	Depth	Pressure	Temp deg. C	Fluorescence 	Oxygen % Sat	Oxygen mg/l	PAR	Salinity	flag	Depth [m]	Pressure [psi]	Temp deg. C	Chlor a [mg/m^3]	Oxygen % Sat	Oxygen mg/l	PAR	Salinity [PSU]
cast5	1	1.733	10.0231	29.8761	89.06758	9.34116	2.28E+03	29.3031	0.00E+00	1	1.766	10.521	32.688	89.289	9.245	708.482	29.173
cast5	2	3.111	9.9866	34.3513	87.816	9.36681	1.32E+03	29.2798	0.00E+00	2	3.088	10.448	29.328	87.619	9.266	374.235	29.301
cast5	3	4.294	10.1352	34.1823	82.93347	9.34395	6.69E+02	29.4101	0.00E+00	3	4.550	10.414	30.936	87.135	9.270	238.704	29.336
cast5	4	5.93	10.1555	34.2959	89.61949	9.31253	3.83E+02	29.2779	0.00E+00	4	5.979	10.333	31.752	87.718	9.280	163.263	29.367
cast5	5	7.411	9.809	34.3843	89.77547	9.37718	2.53E+02	29.234	0.00E+00	5	7.425	10.273	32.278	88.139	9.291	105.977	29.404
cast5	6	8.695	9.6972	34.4677	83.28797	9.3975	1.35E+02	29.5598	0.00E+00	6	8.868	10.209	32.447	88.379	9.302	70.046	29.452
cast5	7	10.255	9.8272	34.5748	85.80929	9.3788	8.05E+01	29.7804	0.00E+00	7	10.299	10.145	32.421	89.386	9.310	47.798	29.506
cast5	8	11.787	9.6166	34.695	90.77839	9.39572	5.69E+01	29.5121	0.00E+00	8	11.709	10.061	32.564	89.673	9.321	33.321	29.573
cast5	9	13.019	9.486	34.6918	87.09106	9.42626	3.52E+01	29.801	0.00E+00	9	13.132	10.003	32.644	89.148	9.330	23.248	29.687
cast5	10	14.633	9.463	34.7262	86.16529	9.42798	2.16E+01	30.0127	0.00E+00	10	14.640	9.967	32.610	89.914	9.335	16.635	29.735
cast5	11	16.256	9.3651	34.7717	91.63881	9.44028	1.67E+01	29.9791	0.00E+00	11	16.112	9.894	32.603	90.778	9.346	12.449	29.763
cast5	12	17.504	9.3018	34.7867	89.72134	9.45554	1.17E+01	30.0433	0.00E+00	12	17.559	9.848	32.656	90.122	9.354	9.276	29.838
cast5	13	18.946	9.2737	34.8804	88.90315	9.45988	8.32E+00	30.1145	0.00E+00	13	19.085	9.809	32.664	90.208	9.358	7.042	29.907
cast5	14	20.6	9.2298	34.882	91.08377	9.4646	6.35E+00	30.15	0.00E+00	14	20.542	9.762	32.706	90.756	9.365	5.558	29.952
cast5	15	21.938	9.1897	34.8832	89.5971	9.4729	4.84E+00	30.1723	0.00E+00	15	21.946	9.728	32.669	90.375	9.370	4.382	30.005
cast5	16	23.377	9.1685	34.9079	89.53499	9.47629	3.75E+00	30.2192	0.00E+00	16	23.427	9.703	32.736	90.200	9.373	3.556	30.061
cast5	17	25.054	9.1434	34.8886	91.94416	9.47897	3.12E+00	30.2409	0.00E+00	17	24.925	9.677	32.754	90.893	9.377	3.043	30.085
cast5	18	26.422	9.1042	34.9871	90.23135	9.48498	2.66E+00	30.2552	0.00E+00	18	26.356	9.656	32.770	90.558	9.380	2.638	30.114
cast5	19	27.708	9.0808	35.0474	88.77126	9.48902	2.29E+00	30.296	0.00E+00	19	27.832	9.631	32.805	90.487	9.382	2.334	30.153
cast5	20	29.381	9.0608	35.1085	90.76138	9.49159	2.04E+00	30.3404	0.00E+00	20	29.362	9.604	32.825	91.060	9.385	2.132	30.198
cast5	21	30.908	9.0329	35.2537	91.42956	9.49585	1.89E+00	30.3416	0.00E+00	21	30.787	9.582	32.823	90.756	9.388	1.982	30.231
cast5	22	32.262	9.0116	35.2869	91.20587	9.49987	1.78E+00	30.3631	0.00E+00	22	32.227	9.555	32.833	90.578	9.391	1.872	30.267
cast5	23	33.751	8.998	35.2095	91.89816	9.5025	1.71E+00	30.3801	0.00E+00	23	33.711	9.516	32.836	90.935	9.396	1.797	30.299
cast5	24	35.293	8.9812	35.0829	92.29295	9.50555	1.66E+00	30.3804	0.00E+00	24	35.135	9.483	32.830	90.847	9.401	1.741	30.338
cast5	25	36.61	8.9757	34.9808	91.27847	9.50795	1.62E+00	30.3823	0.00E+00	25	36.560	9.456	32.847	90.683	9.405	1.697	30.379
cast5	26	37.895	8.9718	35.0014	90.05396	9.50861	1.60E+00	30.3859	0.00E+00	26	38.013	9.435	32.850	90.550	9.408	1.665	30.416
cast5	27	39.385	8.9688	35.0485	90.0351	9.50927	1.57E+00	30.3927	0.00E+00	27	39.443	9.418	32.873	90.434	9.411	1.636	30.437
cast5	28	41.159	8.9699	35.0653	91.79857	9.5093	1.57E+00	30.3915	0.00E+00	28	40.995	9.337	33.032	90.447	9.423	1.618	30.494
cast5	29	42.687	8.9659	35.0492	92.25061	9.51038	1.57E+00	30.3779	0.00E+00	29	42.437	9.312	33.045	90.408	9.427	1.602	30.519
cast5	30	43.92	8.9592	35.0285	91.01848	9.5118	1.56E+00	30.3697	0.00E+00	30	43.878	9.290	33.043	89.878	9.430	1.591	30.555
cast5	31	45.171	8.9539	35.0771	89.06763	9.51314	1.56E+00	30.3724	0.00E+00	31	45.315	9.270	33.092	89.961	9.433	1.582	30.576
cast5	32	46.617	8.9549	34.9999	88.70579	9.51316	1.55E+00	30.3841	0.00E+00	32	46.815	9.247	33.142	89.957	9.435	1.577	30.604
cast5	33	48.467	8.953	34.9979	91.54288	9.51243	1.56E+00	30.3891	0.00E+00	33	48.323	9.222	33.145	90.115	9.438	1.573	30.641
cast5	34	49.963	8.9418	34.955	91.29729	9.51495	1.56E+00	30.3769	0.00E+00	34	49.806	9.218	33.173	90.484	9.438	1.570	30.675
cast5	35	51.137	8.9394	35.0085	89.35758	9.51629	1.55E+00	30.379	0.00E+00	35	51.244	9.205	33.160	90.441	9.440	1.567	30.696
cast5	36	52.56	8.94	35.0195	89.3443	9.51563	1.55E+00	30.3914	0.00E+00	36	52.700	9.194	33.299	90.283	9.442	1.565	30.711
cast5	37	54.383	8.9338	35.0277	91.75564	9.51602	1.55E+00	30.3933	0.00E+00	37	54.158	9.179	33.289	90.656	9.443	1.563	30.727
cast5	38	55.766	8.9304	35.0186	91.12921	9.51763	1.55E+00	30.3859	0.00E+00	38	55.510	9.165	33.182	90.394	9.445	1.556	30.749
cast5	39	56.953	8.9236	34.9956	89.57752	9.51856	1.55E+00	30.3844	0.00E+00	39	57.065	9.136	33.226	90.585	9.449	1.559	30.781
cast5	40	58.418	8.9236	35.1649	89.73784	9.51884	1.55E+00	30.3958	0.00E+00	40	58.527	9.127	33.299	90.384	9.451	1.554	30.795
cast5	41	60.132	8.9235	35.0577	91.36234	9.51898	1.55E+00	30.3933	0.00E+00	41	60.013	9.121	33.369	90.340	9.452	1.558	30.808
cast5	42	61.572	8.9224	35.2081	91.36403	9.51953	1.55E+00	30.3874	0.00E+00	42	61.505	9.114	33.407	90.427	9.453	1.558	30.818
cast5	43	62.929	8.9229	35.0764	90.54601	9.51975	1.55E+00	30.3864	0.00E+00	43	62.967	9.105	33.470	90.507	9.454	1.558	30.830
cast5	44	64.381	8.9266	35.1105	90.14489	9.51919	1.55E+00	30.385	0.00E+00	44	64.420	9.095	33.508	90.548	9.455	1.558	30.842
cast5	45	65.884	8.9207	35.1867	90.32624	9.51914	1.55E+00	30.3838	0.00E+00	45	65.880	9.086	33.494	90.655	9.456	1.557	30.855
cast5	46	67.354	8.9037	35.2416	90.38693	9.52137	1.55E+00	30.3951	0.00E+00	46	67.326	9.078	33.497	90.442	9.457	1.556	30.866
cast5	47	68.808	8.8962	35.0842	89.76641	9.52354	1.55E+00	30.4058	0.00E+00	47	68.782	9.073	33.507	90.308	9.458	1.556	30.876
cast5	48	70.188	8.8922	35.0823	89.32047	9.52415	1.55E+00	30.4071	0.00E+00	48	70.274	9.068	33.553	90.497	9.459	1.556	30.883
cast5	49	71.724	8.8821	35.349	90.15579	9.52535	1.55E+00	30.4193	0.00E+00	49	71.757	9.059	33.684	90.829	9.459	1.557	30.894
cast5	50	73.355	8.864	35.2634	90.96738	9.52725	1.55E+00	30.4282	0.00E+00	50	73.177	9.051	33.654	90.748	9.461	1.556	30.903
cast5	51	74.714	8.8451	35.0956	89.68544	9.53045	1.55E+00	30.4473	0.00E+00	51	74.638	9.087	33.552	90.215	9.455	1.556	30.867
cast5	52	76.028	8.8372	35.0864	88.87846	9.53247	1.55E+00	30.4611	0.00E+00	52	76.062	9.081	33.488	89.904	9.456	1.555	30.877
cast5	53	77.575	8.8276	35.0723	89.72347	9.53318	1.55E+00	30.4723	0.00E+00	53	77.575	9.076	33.429	90.262	9.457	1.559	30.886
cast5	54	79.028	8.8081	35.089	89.64725	9.53585	1.55E+00	30.4943	0.00E+00	54	79.124	9.071	33.523	90.613	9.458	1.556	30.893
cast5	55	80.457	8.806	35.1396	89.71833	9.53733	1.55E+00	30.5036	0.00E+00	55	80.559	9.067	33.503	90.496	9.458	1.556	30.898
cast5	56	82.01	8.8041	35.1562	90.4356	9.53729	1.55E+00	30.5039	0.00E+00	56	81.994	9.063	33.632	90.389	9.459	1.555	30.903
cast5	57	83.21	8.7906	35.1315	-9.99E-29	9.53825	1.55E+00	30.5094	0.00E+00	57	83.408	9.059	33.546	90.047	9.459	1.555	30.908
cast5	58	84.102	8.7776	35.0984	-9.99E-29	9.54047	1.55E+00	30.5248	0.00E+00	58	84.808	9.055	33.517	89.696	9.460	1.555	30.914
cast8	1	1.671	9.5822	39.4837	88.25348	9.39006	1.97E+02	29.8093	0.00E+00	59	86.269	9.071	33.458	89.413	9.454	1.551	30.951
cast8	2	3.026	9.548	31.6215	85.46169	9.41097	9.19E+01	29.9758	0.00E+00	60	87.631	9.071	33.470	88.277	9.454	1.517	30.956
cast8	3	4.504	9.557	34.1178	85.56368	9.41002	7.25E+01	30.0184	0.00E+00	61	89.291	8.997	33.568	90.523	9.469	1.558	30.967
cast8	4	5.841	9.4688	34.3891	84.04532	9.41837	6.22E+01	29.9691	0.00E+00	62	90.753	8.994	33.461	90.615	9.470	1.555	30.971
cast8	5	7.327	9.4121	34.5482	84.57473	9.43069	5.47E+01	30.0806	0.00E+00	63	92.207	8.992	33.477	90.711	9.470	1.556	30.973
cast8	6	8.888	9.3487	34.7549	88.64216	9.4414	4.69E+01	30.0689	0.00E+00	64	93.603	8.992	33.491	89.683	9.470	1.551	30.975
cast8	7	10.306	9.2629	34.7666	90.22321	9.4555	3.89E+01	30.0997	0.00E+00	65	94.973	8.864	33.609	89.975	9.489	1.553	31.101
cast8	8	11.58	9.2205	34.7472	88.25361	9.4663	3.14E+01	30.1429	0.00E+00	66	96.739	8.941	33.457	91.045	9.474	1.562	31.078
cast8	9	12.945	9.196	34.7343	85.20963	9.47112	2.40E+01	30.2026	0.00E+00	67	98.044	8.939	33.549	90.689	9.475	1.554	31.075
cast8	10	14.627	9.1912	34.7158	87.27266	9.46997	1.88E+01	30.2452	0.00E+00	68	99.432	8.938	33.671	90.448	9.475	1.555	31.077
cast8	11	16.164	9.1347	34.7448	90.47369	9.47992	1.51E+01	30.2167	0.00E+00	69	100.754	8.937	33.493	89.839	9.475	1.556	31.081
cast8	12	17.627	9.0659	34.7162	90.79839	9.48995	1.15E+01	30.2743	0.00E+00	70	102.263	8.998	33.434	89.139	9.463	1.555	31.068
cast8	13	19.039	9.0199	34.7726	90.40344	9.49696	8.98E+00	30.3488	0.00E+00	71	103.642	9.090	33.570	89.323	9.446	1.552	31.018
cast8	14	20.49	8.9866	34.75	90.01878	9.50359	7.07E+00	30.3852	0.00E+00	72	105.064	9.142	33.500	89.511	9.438	1.551	30.985
cast8	15	21.947	8.9725	34.7526	89.94861	9.507	5.57E+00	30.3991	0.00E+00	73	106.782	8.941	33.785	89.367	9.471	1.556	31.126
cast8	16	23.551	8.9318	34.8539	90.89758	9.50995	4.52E+00	30.4269	0.00E+00	74	108.367	9.106	33.822	90.791	9.438	1.558	31.109
cast8	17	25.027	8.8543	34.968	91.08209	9.51925	3.83E+00	30.4944	0.00E+00	75	109.753	9.106	34.234	90.529	9.437	1.556	31.108
cast8	18	26.378	8.7968	35.0008	90.63023	9.52908	3.25E+00	30.5611	0.00E+00	76	111.162	9.106	34.208	90.553	9.437	1.557	31.110
cast8	19	27.769	8.7586	34.9312	89.99306	9.53561	2.83E+00	30.6236	0.00E+00	77	112.563	9.106	34.410	89.409	9.437	1.556	31.110
cast8	20	29.247	8.7285	34.8325	89.62254	9.54046	2.51E+00	30.672	0.00E+00	78	113.747	9.106	34.000	87.812	9.437	1.548	31.110
cast8	21	30.739	8.7177	34.8109	89.85723	9.54325	2.28E+00	30.7021	0.00E+00	79	114.897	9.113	34.379	82.582	9.436	1.548	31.123
cast8	22	32.25	8.7194	34.8392	90.30831	9.54285	2.10E+00	30.7182	0.00E+00	80	115.950	9.015	33.982	92.291	9.459	1.556	31.053
cast8	23	33.748	8.7073	34.9415	90.47818	9.5428	1.97E+00	30.7194	0.00E+00	81	116.689	9.015	33.976	93.590	9.459	1.074	31.050
cast8	24	35.205	8.6613	34.8397	90.47072	9.54647	1.88E+00	30.7524	0.00E+00								
cast8	25	36.607	8.6205	34.8573	89.96252	9.55294	1.80E+00	30.8102	0.00E+00								
cast8	26	38.013	8.5825	34.9054	89.61885	9.55827	1.74E+00	30.8639	0.00E+00								
cast8	27	39.564	8.5547	34.9639	90.13595	9.56253	1.70E+00	30.9188	0.00E+00								
cast8	28	41.041	8.5248	35.0383	90.35862	9.56555	1.67E+00	30.9565	0.00E+00								
cast8	29	42.4	8.4854	35.0879	89.89113	9.56922	1.64E+00	31.0115	0.00E+00								
cast8	30	43.875	8.454	35.0507	89.86954	9.57468	1.63E+00	31.0693	0.00E+00								
cast8	31	45.484	8.4402	35.0556	90.41692	9.57782	1.61E+00	31.0946	0.00E+00								
cast8	32	46.965	8.4204	35.0777	90.74859	9.57953	1.60E+00	31.1072	0.00E+00								
cast8	33	48.35	8.3959	35.2381	90.63186	9.58291	1.59E+00	31.1396	0.00E+00								
cast8	34	49.716	8.3824	35.2284	90.07907	9.58565	1.58E+00	31.1581	0.00E+00								
cast8	35	51.141	8.361	34.9855	89.54402	9.58768	1.58E+00	31.1871	0.00E+00								
cast8	36	52.708	8.3602	35.1336	89.77672	9.59027	1.57E+00	31.2021	0.00E+00								
cast8	37	54.277	8.3655	35.0331	90.49219	9.58972	1.57E+00	31.1932	0.00E+00								
cast8	38	55.743	8.357	35.1274	90.72244	9.58935	1.57E+00	31.1893	0.00E+00								
cast8	39	57.13	8.3426	35.1621	90.3523	9.59146	1.56E+00	31.2062	0.00E+00								
cast8	40	58.492	8.3367	35.127	89.83373	9.59317	1.56E+00	31.2172	0.00E+00								
cast8	41	59.924	8.3367	35.384	89.71579	9.59366	1.56E+00	31.2225	0.00E+00								
cast8	42	61.445	8.3372	35.2241	89.98811	9.59347	1.56E+00	31.2224	0.00E+00								
cast8	43	62.963	8.3367	35.0742	90.07059	9.5935	1.56E+00	31.2214	0.00E+00								
cast8	44	64.453	8.3345	34.9925	90.21079	9.5937	1.56E+00	31.2225	0.00E+00								
cast8	45	65.94	8.332	35.0386	90.33309	9.59417	1.56E+00	31.2241	0.00E+00								
cast8	46	67.376	8.3311	35.1206	90.17685	9.59456	1.56E+00	31.2239	0.00E+00								
cast8	47	68.77	8.3302	35.6016	89.53079	9.59475	1.56E+00	31.2233	0.00E+00								
cast8	48	70.151	8.3299	35.3361	88.98794	9.59485	1.55E+00	31.2243	0.00E+00								
cast8	49	71.683	8.329	35.2196	89.19315	9.59478	1.56E+00	31.2268	0.00E+00								
cast8	50	73.226	8.3266	35.3283	89.50424	9.59509	1.56E+00	31.2295	0.00E+00								
cast8	51	74.722	8.3233	35.2771	89.92195	9.59545	1.55E+00	31.2314	0.00E+00								
cast8	52	76.214	8.3188	35.2144	90.35529	9.59601	1.55E+00	31.235	0.00E+00								
cast8	53	77.655	8.3147	35.1842	89.83638	9.59682	1.55E+00	31.2397	0.00E+00								
cast8	54	79.004	8.3131	35.1665	88.60207	9.59723	1.55E+00	31.2408	0.00E+00								
cast8	55	80.452	8.3131	35.1216	88.4047	9.59738	1.55E+00	31.244	0.00E+00								
cast8	56	82.037	8.3137	35.2578	89.39131	9.59722	1.55E+00	31.2433	0.00E+00								
cast8	57	83.482	8.3112	35.0673	89.33823	9.59742	1.55E+00	31.2423	0.00E+00								
cast8	58	84.851	8.2978	35.1953	88.89117	9.59816	1.55E+00	31.2512	0.00E+00								
cast8	59	86.366	8.2777	35.1473	89.57218	9.60082	1.55E+00	31.2791	0.00E+00								
cast8	60	87.964	8.2601	35.1021	90.45527	9.60353	1.55E+00	31.2993	0.00E+00								
cast8	61	89.331	8.2537	35.6041	89.94709	9.60546	1.55E+00	31.308	0.00E+00								
cast8	62	90.626	8.2426	35.7908	89.41686	9.60648	1.55E+00	31.3217	0.00E+00								
cast8	63	91.999	8.2392	35.7023	-9.99E-29	9.60773	1.55E+00	31.331	0.00E+00								
cast8	64	93.154	8.237	35.3403	-9.99E-29	9.60796	1.55E+00	31.3328	0.00E+00								
cast8	65	93.965	8.2336	35.1893	-9.99E-29	9.60877	1.55E+00	31.3278	0.00E+00								
cast16	1	1.541	12.0334	26.5624	88.63226	8.95662	2.11E+03	27.6232	0.00E+00								
cast16	2	3.065	11.7287	29.8632	90.51205	9.07364	1.05E+03	28.3047	0.00E+00								
cast16	3	4.407	11.3877	31.7427	89.59099	9.10024	8.02E+02	28.2663	0.00E+00								
cast16	4	5.705	10.9224	31.9081	84.30215	9.17662	4.90E+02	28.8449	0.00E+00								
cast16	5	7.355	10.8944	32.3875	86.44387	9.18971	3.10E+02	28.9051	0.00E+00								
cast16	6	8.867	10.4613	32.665	87.29256	9.28268	2.06E+02	28.7527	0.00E+00								
cast16	7	10.196	10.3757	32.8399	86.25615	9.30647	1.33E+02	28.8586	0.00E+00								
cast16	8	11.629	10.3466	32.9832	83.34791	9.30137	8.32E+01	29.0539	0.00E+00								
cast16	9	13.176	10.3428	33.0516	79.98615	9.29575	5.89E+01	29.2386	0.00E+00								
cast16	10	14.747	10.3222	33.0443	89.22594	9.3012	4.01E+01	29.0569	0.00E+00								
cast16	11	16.1	10.0752	33.0061	94.37172	9.34618	2.88E+01	28.919	0.00E+00								
cast16	12	17.361	9.9685	32.9891	86.30774	9.3653	2.11E+01	29.254	0.00E+00								
cast16	13	19.282	9.9601	32.9189	85.0565	9.34995	1.45E+01	29.53	0.00E+00								
cast16	14	20.63	9.6992	32.9214	92.94413	9.38553	1.19E+01	29.5193	0.00E+00								
cast16	15	21.756	9.5968	32.9734	88.05211	9.40517	8.75E+00	29.8126	0.00E+00								
cast16	16	23.511	9.5857	32.9906	84.69757	9.39879	6.39E+00	30.0908	0.00E+00								
cast16	17	25.116	9.5195	33.0111	93.63114	9.41419	5.52E+00	29.9211	0.00E+00								
cast16	18	26.214	9.4727	33.0032	89.32482	9.42318	4.35E+00	29.9931	0.00E+00								
cast16	19	27.698	9.4649	33.0277	85.69691	9.4227	3.43E+00	30.0981	0.00E+00								
cast16	20	29.57	9.4519	33.0835	91.37551	9.42573	2.97E+00	30.0535	0.00E+00								
cast16	21	30.707	9.426	33.0742	88.95654	9.43225	2.59E+00	30.0512	0.00E+00								
cast16	22	32.048	9.4223	33.0856	87.41893	9.432	2.26E+00	30.0944	0.00E+00								
cast16	23	33.861	9.4209	33.14	90.73759	9.43063	2.06E+00	30.1065	0.00E+00								
cast16	24	35.219	9.3789	33.0925	89.65079	9.43734	1.94E+00	30.0897	0.00E+00								
cast16	25	36.419	9.2848	33.1111	87.28886	9.44511	1.82E+00	30.1849	0.00E+00								
cast16	26	37.955	9.2165	33.1131	86.20143	9.45672	1.76E+00	30.3831	0.00E+00								
cast16	27	39.493	9.1492	33.1337	85.10106	9.46378	1.64E+00	30.4062	0.00E+00								
cast16	28	41.071	9.133	33.1003	85.37238	9.46434	1.65E+00	30.4836	0.00E+00								
cast16	29	42.362	9.0556	33.2344	86.58269	9.48337	1.62E+00	30.466	0.00E+00								
cast16	30	43.982	9.0416	33.2129	83.60522	9.48143	1.60E+00	30.6025	0.00E+00								
cast16	31	45.292	9.0202	33.1855	88.13599	9.49043	1.59E+00	30.5006	0.00E+00								
cast16	32	46.955	9.0278	33.1583	86.42664	9.48555	1.57E+00	30.4939	0.00E+00								
cast16	33	48.093	9.0004	33.206	84.58683	9.49328	1.57E+00	30.5371	0.00E+00								
cast19	1	1.614	9.9879	38.2192	93.69293	9.3458	1.36E+02	29.3157	0.00E+00								
cast19	2	2.932	9.9544	29.733	90.69123	9.36174	7.13E+01	29.3972	0.00E+00								
cast19	3	4.977	9.9416	32.6234	91.25197	9.36548	5.87E+01	29.4111	0.00E+00								
cast19	4	6.389	9.9293	32.5857	92.46432	9.3666	4.52E+01	29.3969	0.00E+00								
cast19	5	7.672	9.9122	32.6792	92.93696	9.36827	3.52E+01	29.4149	0.00E+00								
cast19	6	9.015	9.9004	32.7357	93.05294	9.37039	2.76E+01	29.4362	0.00E+00								
cast19	7	10.335	9.8949	32.8589	92.71915	9.37184	2.11E+01	29.4486	0.00E+00								
cast19	8	11.645	9.8933	32.8931	91.94317	9.37258	1.59E+01	29.4557	0.00E+00								
cast19	9	12.951	9.8932	32.9805	90.78231	9.37218	1.21E+01	29.4666	0.00E+00								
cast19	10	14.363	9.8845	32.9987	89.50837	9.37125	9.22E+00	29.4828	0.00E+00								
cast19	11	15.914	9.8637	33.0752	89.4026	9.37258	7.10E+00	29.5093	0.00E+00								
cast19	12	17.621	9.8492	33.185	90.90837	9.37575	5.58E+00	29.5302	0.00E+00								
cast19	13	19.268	9.8363	33.125	91.78335	9.37798	4.46E+00	29.5352	0.00E+00								
cast19	14	20.759	9.8225	32.8496	91.9114	9.37997	3.63E+00	29.542	0.00E+00								
cast19	15	22.136	9.7707	33.0519	91.76036	9.38069	3.05E+00	29.5732	0.00E+00								
cast19	16	23.446	9.6652	33.291	91.48205	9.38057	2.65E+00	29.754	0.00E+00								
cast19	17	24.759	9.5855	33.3034	91.18145	9.3921	2.38E+00	29.9291	0.00E+00								
cast19	18	26.166	9.5328	33.3297	91.14837	9.40346	2.18E+00	30.0208	0.00E+00								
cast19	19	27.709	9.4685	33.4232	91.30409	9.41025	2.03E+00	30.1183	0.00E+00								
cast19	20	29.356	9.4026	33.4649	91.3682	9.415	1.92E+00	30.2863	0.00E+00								
cast19	21	30.853	9.3419	33.5831	91.232	9.42062	1.84E+00	30.3928	0.00E+00								
cast19	22	32.27	9.1824	33.5617	91.18754	9.42801	1.77E+00	30.4732	0.00E+00								
cast19	23	33.682	8.9807	33.5293	91.26945	9.45629	1.72E+00	30.6011	0.00E+00								
cast19	24	35.127	8.8509	33.5612	91.29197	9.48884	1.69E+00	30.7593	0.00E+00								
cast19	25	36.597	8.7901	33.5906	91.30174	9.50899	1.67E+00	30.862	0.00E+00								
cast19	26	38.055	8.7631	33.7434	91.28665	9.51768	1.65E+00	30.9058	0.00E+00								
cast19	27	39.477	8.7443	33.7674	91.16764	9.5213	1.63E+00	30.9198	0.00E+00								
cast19	28	40.906	8.7262	33.9209	90.99572	9.52456	1.62E+00	30.9332	0.00E+00								
cast19	29	42.374	8.7069	33.873	90.94639	9.52755	1.61E+00	30.95	0.00E+00								
cast19	30	43.921	8.6729	33.8193	91.0447	9.53101	1.60E+00	30.9674	0.00E+00								
cast19	31	45.401	8.638	33.6944	91.18063	9.53731	1.59E+00	30.9934	0.00E+00								
cast19	32	46.805	8.6114	33.7959	90.85453	9.54251	1.59E+00	31.0191	0.00E+00								
cast19	33	48.187	8.5794	33.9343	89.78355	9.54684	1.58E+00	31.0416	0.00E+00								
cast19	34	49.576	8.5539	33.7751	88.50254	9.55213	1.58E+00	31.0729	0.00E+00								
cast19	35	51.083	8.5421	33.7469	88.24541	9.5555	1.58E+00	31.1003	0.00E+00								
cast19	36	52.754	8.5349	33.8194	89.69814	9.55663	1.57E+00	31.1136	0.00E+00								
cast19	37	54.384	8.5222	33.7489	91.11546	9.55865	1.57E+00	31.1122	0.00E+00								
cast19	38	55.817	8.5127	33.759	91.53213	9.56105	1.57E+00	31.1124	0.00E+00								
cast19	39	57.125	8.5081	33.7693	90.91673	9.56264	1.56E+00	31.1134	0.00E+00								
cast19	40	58.382	8.5068	33.6916	89.03095	9.56338	1.56E+00	31.1132	0.00E+00								
cast19	41	59.712	8.5061	33.8266	86.48109	9.56337	1.56E+00	31.1182	0.00E+00								
cast19	42	61.326	8.5068	33.9538	86.03924	9.56222	1.57E+00	31.1386	0.00E+00								
cast19	43	63.125	8.5045	34.0051	89.30205	9.56238	1.56E+00	31.1326	0.00E+00								
cast19	44	64.615	8.4939	33.9725	91.136	9.5641	1.56E+00	31.1239	0.00E+00								
cast19	45	65.933	8.4872	34.1914	90.98626	9.566	1.56E+00	31.1276	0.00E+00								
cast19	46	67.277	8.4836	34.1753	90.24253	9.56693	1.56E+00	31.1317	0.00E+00								
cast19	47	68.722	8.4825	33.9688	89.53507	9.56734	1.56E+00	31.1364	0.00E+00								
cast19	48	70.255	8.4829	34.0559	89.32064	9.56729	1.56E+00	31.1382	0.00E+00								
cast19	49	71.832	8.4825	34.2276	89.95146	9.56732	1.56E+00	31.1372	0.00E+00								
cast19	50	73.309	8.4801	34.0753	90.37601	9.56775	1.56E+00	31.1338	0.00E+00								
cast19	51	74.679	8.478	33.9383	90.07134	9.56832	1.56E+00	31.1329	0.00E+00								
cast19	52	76.055	8.4772	33.9506	89.56622	9.56862	1.56E+00	31.1343	0.00E+00								
cast19	53	77.527	8.4775	33.9765	89.81145	9.56858	1.56E+00	31.1368	0.00E+00								
cast19	54	79.163	8.4776	34.021	90.07754	9.56837	1.56E+00	31.137	0.00E+00								
cast19	55	80.543	8.4748	34.007	89.75253	9.5688	1.56E+00	31.1337	0.00E+00								
cast19	56	81.918	8.4738	33.9774	89.52152	9.56919	1.56E+00	31.1367	0.00E+00								
cast19	57	83.424	8.4726	34.0552	89.64488	9.56918	1.56E+00	31.1395	0.00E+00								
cast19	58	84.947	8.4706	34.0981	90.10825	9.56937	1.56E+00	31.1425	0.00E+00								
cast19	59	86.506	8.4691	34.0417	90.68607	9.56963	1.56E+00	31.1444	0.00E+00								
cast19	60	88.035	8.467	34.0726	91.08111	9.5699	1.56E+00	31.1458	0.00E+00								
cast19	61	89.465	8.4649	34.0849	91.07333	9.57032	1.56E+00	31.1454	0.00E+00								
cast19	62	90.838	8.457	33.9772	90.91502	9.57082	1.56E+00	31.1468	0.00E+00								
cast19	63	92.216	8.4501	34.1766	90.69832	9.57229	1.56E+00	31.1539	0.00E+00								
cast19	64	93.648	8.4475	34.3295	90.78156	9.57319	1.56E+00	31.1595	0.00E+00								
cast19	65	95.198	8.4453	34.0133	90.80277	9.57339	1.56E+00	31.1615	0.00E+00								
cast19	66	96.622	8.4378	34.0411	89.89734	9.57406	1.56E+00	31.1637	0.00E+00								
cast19	67	97.855	8.4357	34.0634	87.82107	9.57515	1.56E+00	31.1678	0.00E+00								
cast19	68	99.128	8.4352	34.0122	85.80359	9.57519	1.56E+00	31.174	0.00E+00								
cast19	69	101.085	8.4423	34.0349	87.57177	9.57314	1.56E+00	31.195	0.00E+00								
cast19	70	102.758	8.4379	34.3804	90.71925	9.57423	1.56E+00	31.1665	0.00E+00								
cast19	71	103.828	8.4337	34.3722	90.15995	9.57536	1.56E+00	31.1683	0.00E+00								
cast19	72	104.907	8.434	34.3497	88.72679	9.57577	1.56E+00	31.1717	0.00E+00								
cast19	73	106.255	8.4474	34.2185	84.70006	9.57279	1.56E+00	31.1779	0.00E+00								
cast28	1	1.799	10.9399	28.2253	99.19431	9.11905	2.18E+03	29.697	0.00E+00								
cast28	2	2.929	10.7584	30.7664	89.71504	9.16516	1.15E+03	29.8302	0.00E+00								
cast28	3	4.462	10.9732	31.5006	87.52648	9.13347	7.38E+02	29.9822	0.00E+00								
cast28	4	6.262	10.5453	31.7221	95.66182	9.17995	5.10E+02	29.6884	0.00E+00								
cast28	5	7.66	10.3412	31.9329	97.34438	9.24339	3.80E+02	29.7373	0.00E+00								
cast28	6	8.884	10.2723	32.0328	95.45601	9.26614	2.49E+02	29.776	0.00E+00								
cast28	7	10.08	10.1895	32.3261	90.85735	9.27713	1.59E+02	29.7882	0.00E+00								
cast28	8	11.438	9.9882	32.3875	85.69144	9.30342	1.02E+02	29.8504	0.00E+00								
cast28	9	13.133	9.8865	32.4792	87.01229	9.3253	6.22E+01	30.1423	0.00E+00								
cast28	10	14.858	9.767	32.4166	92.34503	9.35003	4.14E+01	29.999	0.00E+00								
cast28	11	16.346	9.6159	32.3483	94.15598	9.38	2.86E+01	29.9855	0.00E+00								
cast28	12	17.709	9.5539	32.2648	93.79682	9.3994	1.99E+01	30.0365	0.00E+00								
cast28	13	19.028	9.5223	32.2553	92.76013	9.40888	1.38E+01	30.0533	0.00E+00								
cast28	14	20.342	9.5055	32.3931	91.58639	9.41341	9.69E+00	30.0663	0.00E+00								
cast28	15	21.765	9.4659	32.4261	90.74357	9.41674	6.88E+00	30.0958	0.00E+00								
cast28	16	23.33	9.4297	32.3606	90.45346	9.42291	5.10E+00	30.153	0.00E+00								
cast28	17	24.934	9.4055	32.2672	91.10617	9.4273	3.96E+00	30.1862	0.00E+00								
cast28	18	26.517	9.3816	32.2482	92.19129	9.431	3.23E+00	30.2033	0.00E+00								
cast28	19	28.002	9.3558	32.3422	92.61512	9.43496	2.76E+00	30.2178	0.00E+00								
cast28	20	29.43	9.3411	32.3173	92.30219	9.43882	2.44E+00	30.2269	0.00E+00								
cast28	21	30.78	9.3203	32.3231	91.55189	9.441	2.19E+00	30.2358	0.00E+00								
cast28	22	32.106	9.2706	32.3213	90.84305	9.44406	2.00E+00	30.2744	0.00E+00								
cast28	23	33.51	9.159	32.3409	90.27556	9.45128	1.86E+00	30.3889	0.00E+00								
cast28	24	35.043	9.0331	32.386	90.1	9.4683	1.77E+00	30.5701	0.00E+00								
cast28	25	36.62	8.9443	32.4405	90.41171	9.48482	1.71E+00	30.7057	0.00E+00								
cast28	26	38.174	8.8823	32.449	91.02274	9.49539	1.67E+00	30.793	0.00E+00								
cast28	27	39.729	8.8376	32.4384	91.43445	9.5032	1.65E+00	30.8543	0.00E+00								
cast28	28	41.162	8.8094	32.4009	91.48302	9.50858	1.63E+00	30.8875	0.00E+00								
cast28	29	42.474	8.7869	32.4343	91.15522	9.5118	1.61E+00	30.9137	0.00E+00								
cast28	30	43.779	8.7585	32.42	90.44181	9.51517	1.59E+00	30.9403	0.00E+00								
cast28	31	45.142	8.7284	32.5089	89.62798	9.52007	1.58E+00	30.9688	0.00E+00								
cast28	32	46.689	8.7078	32.523	89.58988	9.52488	1.58E+00	31.0076	0.00E+00								
cast28	33	48.506	8.7019	32.5241	90.83956	9.52665	1.57E+00	31.0282	0.00E+00								
cast28	34	50.074	8.6922	32.5729	91.5064	9.52833	1.57E+00	31.0181	0.00E+00								
cast28	35	51.408	8.6759	32.5847	91.29793	9.52961	1.56E+00	31.026	0.00E+00								
cast28	36	52.663	8.6451	32.5912	90.59991	9.53217	1.56E+00	31.0399	0.00E+00								
cast28	37	53.918	8.6036	32.5533	89.92352	9.53655	1.56E+00	31.0814	0.00E+00								
cast28	38	55.346	8.5721	32.5636	89.84233	9.54327	1.56E+00	31.1421	0.00E+00								
cast28	39	57.154	8.5555	32.6461	90.81358	9.54696	1.56E+00	31.1848	0.00E+00								
cast28	40	58.783	8.529	32.6656	91.13123	9.55084	1.56E+00	31.1837	0.00E+00								
cast28	41	60.154	8.5123	32.8092	90.9272	9.55472	1.56E+00	31.1974	0.00E+00								
cast28	42	61.488	8.5045	32.8032	90.78825	9.55694	1.55E+00	31.2079	0.00E+00								
cast28	43	62.887	8.4991	32.8039	90.78919	9.55781	1.55E+00	31.2183	0.00E+00								
cast28	44	64.365	8.4957	33.0697	90.7238	9.55853	1.55E+00	31.228	0.00E+00								
cast28	45	65.825	8.4951	33.338	90.60669	9.55866	1.55E+00	31.2332	0.00E+00								
cast28	46	67.312	8.4935	32.8791	90.57053	9.55854	1.55E+00	31.2371	0.00E+00								
cast28	47	68.808	8.4904	32.8327	90.55312	9.55845	1.55E+00	31.2457	0.00E+00								
cast28	48	70.268	8.4839	32.8853	90.44429	9.55877	1.55E+00	31.2555	0.00E+00								
cast28	49	71.705	8.4805	33.0621	90.36194	9.55946	1.55E+00	31.2648	0.00E+00								
cast28	50	73.191	8.4796	32.9084	90.51994	9.55949	1.55E+00	31.2729	0.00E+00								
cast28	51	74.738	8.4771	32.99	90.87903	9.5594	1.55E+00	31.277	0.00E+00								
cast28	52	76.185	8.4716	33.098	90.47733	9.56009	1.55E+00	31.2798	0.00E+00								
cast28	53	77.524	8.4667	32.9268	89.50577	9.56092	1.55E+00	31.2828	0.00E+00								
cast28	54	78.875	8.4631	33.0097	88.79958	9.56144	1.55E+00	31.2921	0.00E+00								
cast28	55	80.364	8.4616	33.1088	88.75857	9.56121	1.55E+00	31.3061	0.00E+00								
cast28	56	81.963	8.4617	32.9416	89.21073	9.5609	1.55E+00	31.3142	0.00E+00								
cast28	57	83.496	8.4583	32.9995	89.65645	9.56123	1.55E+00	31.3105	0.00E+00								
cast28	58	84.914	8.4504	33.1517	89.58126	9.56127	1.55E+00	31.3292	0.00E+00								
cast28	59	86.39	8.4464	33.0664	89.34311	9.56198	1.55E+00	31.3431	0.00E+00								
cast28	60	87.906	8.4437	33.0548	89.60082	9.56222	1.55E+00	31.3489	0.00E+00								
cast28	61	89.388	8.4414	33.1363	89.81873	9.56272	1.55E+00	31.3511	0.00E+00								
cast28	62	90.86	8.4402	33.2323	90.05584	9.56305	1.55E+00	31.3513	0.00E+00								
cast28	63	92.386	8.4397	33.2734	90.60661	9.56319	1.55E+00	31.3524	0.00E+00								
cast28	64	93.937	8.4374	33.524	91.08611	9.56334	1.55E+00	31.3515	0.00E+00								
cast28	65	95.301	8.4346	33.5672	91.17689	9.56406	1.55E+00	31.3505	0.00E+00								
cast28	66	96.692	8.4339	33.4434	91.15415	9.56455	1.55E+00	31.3499	0.00E+00								
cast28	67	98.032	8.4323	33.3369	90.80842	9.56473	1.55E+00	31.3495	0.00E+00								
cast28	68	99.275	8.4317	33.2693	89.68131	9.56502	1.55E+00	31.3498	0.00E+00								
cast28	69	100.379	8.4304	33.662	88.01493	9.56509	1.55E+00	31.3504	0.00E+00								
cast28	70	101.693	8.4448	33.4936	83.57537	9.56191	1.55E+00	31.3822	0.00E+00								
cast31	1	1.68	10.7868	34.9675	90.67361	9.15548	1.93E+02	28.5271	0.00E+00								
cast31	2	3.013	10.3499	31.374	87.44434	9.26061	1.00E+02	29.3874	0.00E+00								
cast31	3	4.505	10.1554	32.984	87.75253	9.2875	7.52E+01	29.587	0.00E+00								
cast31	4	5.838	10.0019	33.3124	84.75293	9.31762	5.74E+01	29.8013	0.00E+00								
cast31	5	7.344	10.0173	33.4212	82.37702	9.31867	4.48E+01	29.9462	0.00E+00								
cast31	6	8.88	9.8534	33.4644	85.23194	9.33081	3.66E+01	29.8962	0.00E+00								
cast31	7	10.226	9.7223	33.602	86.46735	9.3595	3.00E+01	30.0257	0.00E+00								
cast31	8	11.654	9.6436	33.4826	86.7395	9.3752	2.41E+01	30.1564	0.00E+00								
cast31	9	13.284	9.5896	33.4541	91.11577	9.38206	1.93E+01	30.2398	0.00E+00								
cast31	10	14.775	9.4648	33.4814	93.36878	9.39581	1.54E+01	30.2787	0.00E+00								
cast31	11	16.048	9.379	33.4966	91.72183	9.41309	1.23E+01	30.3781	0.00E+00								
cast31	12	17.383	9.2885	33.4652	88.60051	9.42475	9.86E+00	30.4777	0.00E+00								
cast31	13	18.922	9.2062	33.4061	88.32104	9.43932	8.25E+00	30.6166	0.00E+00								
cast31	14	20.669	9.151	33.323	90.58759	9.44959	6.95E+00	30.6563	0.00E+00								
cast31	15	22.006	9.0962	33.3252	90.24656	9.45933	5.81E+00	30.6627	0.00E+00								
cast31	16	23.397	9.0517	33.3717	89.8868	9.46758	4.89E+00	30.713	0.00E+00								
cast31	17	24.976	9.0188	33.3012	90.10711	9.47439	4.27E+00	30.7428	0.00E+00								
cast31	18	26.46	8.9953	33.2232	90.6776	9.47895	3.77E+00	30.7524	0.00E+00								
cast31	19	27.923	8.9718	33.1674	91.26768	9.48309	3.31E+00	30.7639	0.00E+00								
cast31	20	29.342	8.9536	33.2139	90.99251	9.48743	2.92E+00	30.7675	0.00E+00								
cast31	21	30.689	8.9418	33.2207	90.07302	9.49002	2.63E+00	30.7746	0.00E+00								
cast31	22	32.148	8.9311	33.2166	90.00933	9.4913	2.40E+00	30.7973	0.00E+00								
cast31	23	33.783	8.9203	33.2293	90.87926	9.4927	2.23E+00	30.8118	0.00E+00								
cast31	24	35.28	8.9052	33.1809	91.21517	9.49483	2.10E+00	30.8122	0.00E+00								
cast31	25	36.609	8.8905	33.274	90.74042	9.49738	1.99E+00	30.8232	0.00E+00								
cast31	26	37.956	8.8764	33.291	89.88348	9.49968	1.89E+00	30.8356	0.00E+00								
cast31	27	39.383	8.8638	33.2714	89.47906	9.50164	1.82E+00	30.8573	0.00E+00								
cast31	28	40.969	8.8503	33.2515	89.88099	9.50306	1.77E+00	30.8782	0.00E+00								
cast31	29	42.563	8.8261	33.2915	90.53676	9.50535	1.73E+00	30.8992	0.00E+00								
cast31	30	43.99	8.7954	33.2393	90.52766	9.50941	1.69E+00	30.9287	0.00E+00								
cast31	31	45.34	8.7756	33.2821	89.83272	9.5131	1.66E+00	30.9534	0.00E+00								
cast31	32	46.739	8.7507	33.3675	89.40193	9.51579	1.64E+00	30.9902	0.00E+00								
cast31	33	48.358	8.7295	33.2232	89.88265	9.51892	1.63E+00	31.0244	0.00E+00								
cast31	34	49.929	8.7059	33.3584	90.2965	9.52257	1.61E+00	31.0443	0.00E+00								
cast31	35	51.286	8.6833	33.3495	90.0243	9.52607	1.60E+00	31.0574	0.00E+00								
cast31	36	52.639	8.6649	33.4585	89.64425	9.52915	1.59E+00	31.0773	0.00E+00								
cast31	37	54.121	8.6501	33.6667	89.76919	9.53206	1.59E+00	31.1009	0.00E+00								
cast31	38	55.655	8.634	33.3373	90.15586	9.53425	1.58E+00	31.1118	0.00E+00								
cast31	39	57.08	8.6152	33.4368	90.02915	9.53699	1.58E+00	31.1278	0.00E+00								
cast31	40	58.527	8.5996	33.6464	89.79513	9.5397	1.57E+00	31.1485	0.00E+00								
cast31	41	60.045	8.59	33.8557	89.84355	9.54168	1.57E+00	31.1609	0.00E+00								
cast31	42	61.503	8.5784	33.3878	89.81999	9.5432	1.57E+00	31.169	0.00E+00								
cast31	43	62.937	8.5651	33.6651	89.62324	9.54515	1.56E+00	31.1825	0.00E+00								
cast31	44	64.393	8.546	33.4457	89.74759	9.54715	1.56E+00	31.1955	0.00E+00								
cast31	45	65.913	8.5309	33.4689	90.04847	9.55063	1.56E+00	31.2183	0.00E+00								
cast31	46	67.379	8.5281	33.6052	89.67146	9.5521	1.56E+00	31.2215	0.00E+00								
cast31	47	68.731	8.5261	33.658	88.52029	9.55264	1.56E+00	31.2197	0.00E+00								
cast31	48	70.157	8.5272	33.6996	88.243	9.55268	1.55E+00	31.2229	0.00E+00								
cast31	49	71.835	8.5278	33.6238	89.83222	9.55211	1.56E+00	31.2231	0.00E+00								
cast31	50	73.348	8.52	33.6702	90.44334	9.55333	1.56E+00	31.2171	0.00E+00								
cast31	51	74.619	8.5163	33.652	89.30033	9.5547	1.56E+00	31.2183	0.00E+00								
cast31	52	75.993	8.5178	33.6065	88.35122	9.55476	1.56E+00	31.2226	0.00E+00								
cast31	53	77.632	8.5219	33.7318	89.31351	9.55386	1.56E+00	31.2241	0.00E+00								
cast31	54	79.242	8.5186	33.6576	90.37047	9.55411	1.56E+00	31.2177	0.00E+00								
cast31	55	80.586	8.516	33.6021	89.80794	9.55505	1.56E+00	31.2162	0.00E+00								
cast31	56	81.859	8.5161	33.6734	88.69362	9.5553	1.56E+00	31.2164	0.00E+00								
cast31	57	83.276	8.5175	33.7475	88.10123	9.55497	1.56E+00	31.2196	0.00E+00								
cast31	58	84.982	8.516	33.6289	89.31815	9.55457	1.56E+00	31.2204	0.00E+00								
cast31	59	86.592	8.5069	33.6815	90.51035	9.55603	1.56E+00	31.2203	0.00E+00								
cast31	60	87.922	8.5032	33.7079	90.32419	9.55725	1.56E+00	31.2219	0.00E+00								
cast31	61	89.217	8.5017	33.6146	89.54154	9.55767	1.56E+00	31.224	0.00E+00								
cast31	62	90.668	8.5021	33.6407	89.28016	9.5577	1.56E+00	31.2269	0.00E+00								
cast31	63	92.336	8.5027	33.5899	89.96583	9.5575	1.56E+00	31.2266	0.00E+00								
cast31	64	93.877	8.5012	33.6648	90.39294	9.55779	1.56E+00	31.2236	0.00E+00								
cast31	65	95.18	8.4996	33.7988	89.86273	9.5582	1.55E+00	31.2223	0.00E+00								
cast31	66	96.48	8.4993	33.7301	89.0189	9.55836	1.56E+00	31.224	0.00E+00								
cast31	67	97.838	8.5	33.6182	-9.99E-29	9.55827	1.56E+00	31.2252	0.00E+00								
cast31	68	99.161	8.4997	34.0621	-9.99E-29	9.55815	1.56E+00	31.225	0.00E+00								
cast31	69	100.125	8.4975	33.9249	-9.99E-29	9.55859	1.56E+00	31.2215	0.00E+00								
cast40	1	1.537	11.2305	24.9805	90.84175	9.12633	1.68E+03	28.6637	0.00E+00								
cast40	2	3.046	11.1979	27.2834	89.89259	9.14513	1.11E+03	28.8225	0.00E+00								
cast40	3	4.504	11.12	32.3139	88.62406	9.15192	7.66E+02	28.8454	0.00E+00								
cast40	4	5.856	11.0243	32.2161	86.50438	9.16704	5.69E+02	28.9138	0.00E+00								
cast40	5	7.245	10.9403	32.351	83.56192	9.17969	3.62E+02	29.0113	0.00E+00								
cast40	6	8.759	10.8984	32.6821	81.18111	9.18427	2.13E+02	29.1716	0.00E+00								
cast40	7	10.346	10.6496	32.7991	87.6902	9.20742	1.36E+02	29.1008	0.00E+00								
cast40	8	11.705	10.2862	32.785	90.25059	9.27594	8.74E+01	29.2215	0.00E+00								
cast40	9	13.115	10.0943	32.7344	90.52989	9.32006	5.47E+01	29.4314	0.00E+00								
cast40	10	14.696	9.9931	32.6847	91.07876	9.33882	3.70E+01	29.5268	0.00E+00								
cast40	11	16.033	9.8601	32.6148	88.11459	9.35837	2.48E+01	29.6052	0.00E+00								
cast40	12	17.558	9.7882	32.5984	89.4999	9.37139	1.71E+01	29.7533	0.00E+00								
cast40	13	19.068	9.6991	32.6096	89.00403	9.38267	1.28E+01	29.8149	0.00E+00								
cast40	14	20.446	9.6416	32.7099	87.72441	9.3952	8.94E+00	29.88	0.00E+00								
cast40	15	21.97	9.5995	32.6925	88.98666	9.40063	6.08E+00	29.9433	0.00E+00								
cast40	16	23.487	9.5524	32.7455	89.72013	9.40618	4.68E+00	30.0033	0.00E+00								
cast40	17	24.901	9.4983	32.7063	89.33703	9.41142	3.86E+00	30.0885	0.00E+00								
cast40	18	26.258	9.4536	32.663	88.3433	9.41603	3.14E+00	30.1865	0.00E+00								
cast40	19	27.879	9.4228	32.7134	90.57395	9.41793	2.59E+00	30.2918	0.00E+00								
cast40	20	29.398	9.3736	32.7573	90.57826	9.42209	2.31E+00	30.3387	0.00E+00								
cast40	21	30.587	9.3304	32.7318	87.20509	9.42786	2.11E+00	30.3898	0.00E+00								
cast40	22	32.189	9.2146	32.7851	87.38634	9.43729	1.98E+00	30.5342	0.00E+00								
cast40	23	33.866	8.9776	32.7744	90.30632	9.47192	1.95E+00	30.6555	0.00E+00								
cast40	24	35.037	8.8719	32.8201	89.05504	9.49236	1.88E+00	30.8157	0.00E+00								
cast40	25	36.479	8.8156	32.7624	88.55068	9.50401	1.81E+00	30.9525	0.00E+00								
cast40	26	38.076	8.7774	32.7727	88.55926	9.50966	1.75E+00	31.0039	0.00E+00								
cast40	27	39.619	8.7563	32.8514	88.88963	9.5138	1.71E+00	31.0442	0.00E+00								
cast40	28	41.026	8.7434	33.031	88.57591	9.51531	1.67E+00	31.0517	0.00E+00								
cast40	29	42.486	8.7055	33.133	88.71624	9.51858	1.62E+00	31.0796	0.00E+00								
cast40	30	43.868	8.6377	33.0651	87.61797	9.52568	1.61E+00	31.1554	0.00E+00								
cast40	31	45.305	8.5874	33.2056	87.55372	9.53462	1.60E+00	31.2562	0.00E+00								
cast40	32	46.927	8.5722	33.3651	88.78	9.53743	1.59E+00	31.2976	0.00E+00								
cast40	33	48.326	8.5526	33.2712	87.29686	9.5393	1.58E+00	31.3201	0.00E+00								
cast40	34	49.737	8.5465	33.3556	87.71813	9.53979	1.58E+00	31.3576	0.00E+00								
cast40	35	51.428	8.5421	33.4913	90.06998	9.53931	1.57E+00	31.3716	0.00E+00								
cast40	36	52.741	8.5299	33.4557	89.49564	9.5408	1.57E+00	31.3836	0.00E+00								
cast40	37	54.037	8.5276	33.5996	88.43353	9.54107	1.56E+00	31.4066	0.00E+00								
cast40	38	55.574	8.5316	33.686	88.69865	9.54028	1.56E+00	31.4093	0.00E+00								
cast40	39	57.161	8.5311	33.6933	89.5685	9.54029	1.56E+00	31.4026	0.00E+00								
cast40	40	58.508	8.5191	34.0177	88.2017	9.54057	1.56E+00	31.4183	0.00E+00								
cast40	41	59.963	8.5017	34.6998	87.65986	9.54105	1.56E+00	31.4777	0.00E+00								
cast40	42	61.502	8.492	34.6885	88.83924	9.54224	1.56E+00	31.5004	0.00E+00								
cast40	43	62.982	8.4873	34.6561	88.67815	9.54297	1.56E+00	31.5097	0.00E+00								
cast40	44	64.451	8.48	34.3471	88.3435	9.54386	1.56E+00	31.5163	0.00E+00								
cast40	45	66.026	8.475	34.3174	90.40615	9.54496	1.56E+00	31.5182	0.00E+00								
cast40	46	67.354	8.4702	34.6079	89.13653	9.54632	1.55E+00	31.5149	0.00E+00								
cast40	47	68.697	8.4709	34.5284	88.77384	9.54635	1.55E+00	31.518	0.00E+00								
cast40	48	70.25	8.4714	35.1145	89.90065	9.54605	1.55E+00	31.5178	0.00E+00								
cast40	49	71.453	8.4672	34.6066	-9.99E-29	9.54689	1.55E+00	31.5144	0.00E+00								
cast40	50	72.345	8.4619	34.4146	-9.99E-29	9.54803	1.55E+00	31.5105	0.00E+00								
cast48	1	2.132	10.9657	36.4137	88.65561	9.2628	2.44E+02	27.7411	0.00E+00								
cast48	2	3.223	10.9752	25.5139	87.28901	9.25701	1.46E+02	27.7166	0.00E+00								
cast48	3	4.562	10.9736	27.6157	87.82835	9.25675	1.06E+02	27.7047	0.00E+00								
cast48	4	6.05	10.9517	28.6897	89.49188	9.25721	7.84E+01	27.7047	0.00E+00								
cast48	5	7.511	10.8503	32.2986	90.76331	9.26007	5.96E+01	27.7577	0.00E+00								
cast48	6	8.935	10.7639	32.6498	91.25148	9.27453	4.54E+01	27.8699	0.00E+00								
cast48	7	10.271	10.699	32.8588	91.00971	9.28576	3.52E+01	27.9413	0.00E+00								
cast48	8	11.6	10.5141	32.8227	90.36772	9.28117	2.72E+01	28.2375	0.00E+00								
cast48	9	12.925	10.3528	32.9467	89.66037	9.29909	2.08E+01	28.5863	0.00E+00								
cast48	10	14.411	10.2583	32.8925	89.31124	9.32211	1.54E+01	28.7984	0.00E+00								
cast48	11	16.099	10.204	32.8088	89.87292	9.3345	1.12E+01	28.9225	0.00E+00								
cast48	12	17.779	10.1345	32.7547	90.91568	9.33866	8.43E+00	29.0021	0.00E+00								
cast48	13	19.333	10.0036	32.7177	91.73581	9.34346	6.55E+00	29.2024	0.00E+00								
cast48	14	20.704	9.897	32.6574	91.91248	9.35572	5.16E+00	29.3872	0.00E+00								
cast48	15	22.021	9.8312	32.6487	91.64851	9.36752	4.10E+00	29.5256	0.00E+00								
cast48	16	23.319	9.8	32.695	91.1181	9.37622	3.33E+00	29.603	0.00E+00								
cast48	17	24.63	9.7825	32.685	90.66755	9.38072	2.76E+00	29.6439	0.00E+00								
cast48	18	26.137	9.7717	32.7202	90.6634	9.38291	2.33E+00	29.6754	0.00E+00								
cast48	19	27.784	9.7635	32.7128	91.08717	9.38384	2.05E+00	29.6963	0.00E+00								
cast48	20	29.447	9.7535	32.7319	91.64643	9.38463	1.88E+00	29.7164	0.00E+00								
cast48	21	30.987	9.7455	32.8442	91.86702	9.38597	1.77E+00	29.7218	0.00E+00								
cast48	22	32.408	9.7319	32.8713	91.89859	9.38661	1.70E+00	29.7386	0.00E+00								
cast48	23	33.797	9.7174	32.9009	91.64414	9.38797	1.66E+00	29.7598	0.00E+00								
cast48	24	35.178	9.6996	32.9032	91.29287	9.38937	1.62E+00	29.7853	0.00E+00								
cast48	25	36.566	9.6672	32.8048	90.92437	9.39053	1.60E+00	29.8274	0.00E+00								
cast48	26	37.958	9.6184	32.7998	90.79681	9.39322	1.59E+00	29.8951	0.00E+00								
cast48	27	39.384	9.5548	32.9081	90.75414	9.3988	1.58E+00	29.9784	0.00E+00								
cast48	28	40.863	9.4489	32.9319	90.48164	9.4052	1.57E+00	30.108	0.00E+00								
cast48	29	42.322	9.3435	32.8471	90.01607	9.41914	1.57E+00	30.2745	0.00E+00								
cast48	30	43.837	9.29	32.8833	89.69276	9.4336	1.57E+00	30.394	0.00E+00								
cast48	31	45.379	9.2183	32.8897	90.23571	9.43915	1.56E+00	30.4711	0.00E+00								
cast48	32	46.935	9.0409	33.0947	91.21804	9.44721	1.56E+00	30.6286	0.00E+00								
cast48	33	48.439	8.8505	33.0918	92.04923	9.47129	1.56E+00	30.9171	0.00E+00								
cast48	34	49.908	8.7818	33.1125	92.38353	9.49481	1.56E+00	31.0869	0.00E+00								
cast48	35	51.309	8.7505	33.6096	92.4472	9.50272	1.56E+00	31.1642	0.00E+00								
cast48	36	52.721	8.733	34.104	92.37993	9.50581	1.56E+00	31.2126	0.00E+00								
cast48	37	54.103	8.7187	34.0523	92.18926	9.50783	1.56E+00	31.2364	0.00E+00								
cast48	38	55.471	8.6989	33.5925	91.99711	9.50926	1.56E+00	31.2654	0.00E+00								
cast48	39	56.939	8.6809	33.6334	91.96894	9.51142	1.56E+00	31.3047	0.00E+00								
cast48	40	58.521	8.67	33.6736	92.24631	9.51353	1.56E+00	31.3317	0.00E+00								
cast48	41	60.126	8.6585	34.0149	92.60434	9.51452	1.56E+00	31.351	0.00E+00								
cast48	42	61.612	8.6425	34.0658	92.76397	9.51606	1.56E+00	31.3669	0.00E+00								
cast48	43	63.002	8.6285	34.1501	92.70217	9.5181	1.56E+00	31.3864	0.00E+00								
cast48	44	64.361	8.6175	34.341	92.48843	9.51966	1.56E+00	31.4066	0.00E+00								
cast48	45	65.719	8.6115	34.5393	92.1883	9.52115	1.56E+00	31.4199	0.00E+00								
cast48	46	67.225	8.606	34.3029	92.21573	9.52157	1.56E+00	31.4349	0.00E+00								
cast48	47	68.813	8.6015	34.2476	92.48788	9.52213	1.56E+00	31.4453	0.00E+00								
cast48	48	70.337	8.5969	34.3546	92.60038	9.5227	1.56E+00	31.4506	0.00E+00								
cast48	49	71.748	8.592	34.4945	92.35276	9.52354	1.56E+00	31.4517	0.00E+00								
cast48	50	73.137	8.582	34.7481	92.08028	9.52396	1.56E+00	31.4632	0.00E+00								
cast48	51	74.601	8.5767	34.6663	92.11788	9.52529	1.56E+00	31.4781	0.00E+00								
cast48	52	76.149	8.5739	34.4476	92.41686	9.52577	1.56E+00	31.4846	0.00E+00								
cast48	53	77.7	8.5707	34.0889	92.60798	9.5263	1.56E+00	31.4879	0.00E+00								
cast48	54	79.17	8.5685	34.6714	92.56145	9.52689	1.56E+00	31.4874	0.00E+00								
cast48	55	80.621	8.567	34.9008	92.46427	9.52736	1.56E+00	31.4869	0.00E+00								
cast48	56	81.978	8.5665	35.3275	92.37682	9.52777	1.56E+00	31.4848	0.00E+00								
cast48	57	83.308	8.5665	35.0935	92.04336	9.52789	1.56E+00	31.4844	0.00E+00								
cast48	58	84.697	8.568	34.7383	91.55714	9.52774	1.56E+00	31.4857	0.00E+00								
cast48	59	86.224	8.5663	35.6423	91.37656	9.5273	1.56E+00	31.4887	0.00E+00								
cast48	60	87.874	8.5663	36.06	91.80208	9.52741	1.56E+00	31.4931	0.00E+00								
cast48	61	89.525	8.5656	35.827	92.43187	9.5275	1.56E+00	31.4912	0.00E+00								
cast48	62	91.047	8.565	34.6902	92.83533	9.52781	1.56E+00	31.4889	0.00E+00								
cast48	63	92.454	8.5636	34.733	92.91277	9.52818	1.56E+00	31.4854	0.00E+00								
cast48	64	93.794	8.5631	34.7604	92.74853	9.52853	1.56E+00	31.484	0.00E+00								
cast48	65	95.121	8.563	34.5072	92.49029	9.52868	1.56E+00	31.4831	0.00E+00								
cast48	66	96.478	8.5632	34.181	92.11995	9.52861	1.56E+00	31.4841	0.00E+00								
cast48	67	97.919	8.5633	35.3482	91.87654	9.52853	1.56E+00	31.4853	0.00E+00								
cast48	68	99.441	8.5639	36.0687	91.776	9.52835	1.56E+00	31.4871	0.00E+00								
cast48	69	101.014	8.5642	34.3076	91.95083	9.52819	1.56E+00	31.4875	0.00E+00								
cast48	70	102.513	8.5641	34.5156	92.15677	9.52823	1.56E+00	31.4865	0.00E+00								
cast48	71	104.003	8.5638	34.5065	92.31481	9.52828	1.56E+00	31.4865	0.00E+00								
cast48	72	105.468	8.5639	34.6681	92.14863	9.52837	1.56E+00	31.4856	0.00E+00								
cast48	73	106.85	8.5637	34.5765	91.50651	9.52843	1.56E+00	31.4844	0.00E+00								
cast48	74	108.194	8.5637	34.4075	90.92435	9.52854	1.56E+00	31.4835	0.00E+00								
cast48	75	109.583	8.5643	35.286	91.01778	9.52844	1.56E+00	31.4845	0.00E+00								
cast48	76	111.07	8.5657	36.0186	91.50658	9.52818	1.56E+00	31.4853	0.00E+00								
cast48	77	112.42	8.5653	36.6362	90.22115	9.52806	1.56E+00	31.4838	0.00E+00								
cast48	78	113.406	8.5663	34.8833	87.30094	9.52811	1.53E+00	31.4853	0.00E+00								
cast48	79	114.63	8.5798	36.0577	82.58192	9.52635	1.61E+00	31.5093	0.00E+00								
cast51	1	1.971	10.4157	33.7916	92.29097	9.30967	2.39E+02	28.6672	0.00E+00								
cast51	2	3.383	10.4095	26.4601	93.58992	9.31285	1.33E+02	28.6839	0.00E+00								
cast51	3	4.743	10.387	30.4777	93.28928	9.31319	1.00E+02	28.6919	0.00E+00								
cast51	4	6.081	10.366	32.0786	92.83766	9.31587	7.27E+01	28.7326	0.00E+00								
cast51	5	7.402	10.3584	32.6255	92.34837	9.31897	5.20E+01	28.7416	0.00E+00								
cast51	6	8.78	10.354	32.6456	91.90129	9.3197	3.71E+01	28.7509	0.00E+00								
cast51	7	10.223	10.3515	32.6041	91.79722	9.32036	2.70E+01	28.755	0.00E+00								
cast51	8	11.695	10.3308	32.7836	91.89655	9.32017	2.06E+01	28.7669	0.00E+00								
cast51	9	13.194	10.2846	33.0769	92.01133	9.3221	1.58E+01	28.8319	0.00E+00								
cast51	10	14.701	10.2681	32.4583	91.80828	9.32824	1.23E+01	28.8696	0.00E+00								
cast51	11	16.161	10.2612	32.1431	91.5836	9.33021	9.64E+00	28.8833	0.00E+00								
cast51	12	17.576	10.2503	32.456	91.3849	9.33115	7.65E+00	28.8919	0.00E+00								
cast51	13	19.006	10.2221	32.4796	91.30032	9.33215	6.13E+00	28.9146	0.00E+00								
cast51	14	20.469	10.1651	32.7677	91.23716	9.33505	5.01E+00	28.985	0.00E+00								
cast51	15	21.922	10.1246	32.7924	91.16078	9.34208	4.13E+00	29.0662	0.00E+00								
cast51	16	23.402	10.1112	32.7015	90.75651	9.34762	3.42E+00	29.103	0.00E+00								
cast51	17	24.908	10.1062	32.7237	90.38997	9.34885	2.92E+00	29.1096	0.00E+00								
cast51	18	26.346	10.0902	32.7098	90.3615	9.34967	2.56E+00	29.1143	0.00E+00								
cast51	19	27.811	9.9471	32.7152	90.7564	9.34452	2.28E+00	29.2602	0.00E+00								
cast51	20	29.297	9.7821	32.7047	91.22998	9.35982	2.08E+00	29.5976	0.00E+00								
cast51	21	30.806	9.7061	32.6625	91.486	9.37999	1.93E+00	29.7789	0.00E+00								
cast51	22	32.371	9.6756	32.6597	91.52633	9.3899	1.82E+00	29.8571	0.00E+00								
cast51	23	33.773	9.6661	32.6494	91.41242	9.39299	1.75E+00	29.8733	0.00E+00								
cast51	24	35.118	9.6573	32.6722	91.31736	9.39422	1.69E+00	29.8812	0.00E+00								
cast51	25	36.51	9.644	32.8608	91.21884	9.39503	1.65E+00	29.8992	0.00E+00								
cast51	26	38.017	9.6372	32.8004	91.18033	9.39675	1.62E+00	29.9173	0.00E+00								
cast51	27	39.557	9.6258	32.7473	91.12001	9.39775	1.60E+00	29.9252	0.00E+00								
cast51	28	41.036	9.5862	32.771	91.02122	9.39873	1.59E+00	29.95	0.00E+00								
cast51	29	42.492	9.5518	32.8292	90.9073	9.40441	1.58E+00	29.9985	0.00E+00								
cast51	30	43.935	9.5205	32.782	90.9033	9.40871	1.57E+00	30.0416	0.00E+00								
cast51	31	45.347	9.4884	32.7013	90.97428	9.41262	1.57E+00	30.0837	0.00E+00								
cast51	32	46.787	9.4501	32.7992	91.08107	9.41633	1.57E+00	30.1359	0.00E+00								
cast51	33	48.212	9.4084	32.9197	91.12446	9.42031	1.56E+00	30.204	0.00E+00								
cast51	34	49.654	9.3866	32.8317	90.95247	9.42595	1.56E+00	30.2482	0.00E+00								
cast51	35	51.125	9.3758	32.7885	90.62121	9.42937	1.56E+00	30.2729	0.00E+00								
cast51	36	52.618	9.3653	32.8868	90.38981	9.43059	1.56E+00	30.2839	0.00E+00								
cast51	37	54.141	9.3285	32.944	90.47245	9.43077	1.56E+00	30.3261	0.00E+00								
cast51	38	55.653	9.2782	32.9808	90.83603	9.43561	1.56E+00	30.3982	0.00E+00								
cast51	39	57.189	9.2264	32.766	91.19711	9.44095	1.56E+00	30.4885	0.00E+00								
cast51	40	58.656	9.1969	32.7792	91.26211	9.44672	1.56E+00	30.5521	0.00E+00								
cast51	41	60.057	9.1926	32.7592	90.94157	9.45056	1.56E+00	30.5738	0.00E+00								
cast51	42	61.445	9.1802	32.7748	90.58021	9.45072	1.56E+00	30.5809	0.00E+00								
cast51	43	62.857	9.1332	33.0633	90.32148	9.45106	1.56E+00	30.6447	0.00E+00								
cast51	44	64.309	9.0876	33.2458	90.4004	9.45624	1.56E+00	30.7278	0.00E+00								
cast51	45	65.857	9.0497	33.4174	90.73791	9.46174	1.56E+00	30.7985	0.00E+00								
cast51	46	67.424	9.0075	33.387	91.19067	9.4658	1.56E+00	30.8667	0.00E+00								
cast51	47	68.946	8.9856	33.2149	91.48467	9.47111	1.56E+00	30.9141	0.00E+00								
cast51	48	70.392	8.9666	33.0245	91.53293	9.47284	1.56E+00	30.9424	0.00E+00								
cast51	49	71.759	8.9536	33.5983	91.35998	9.47521	1.56E+00	30.9654	0.00E+00								
cast51	50	73.127	8.9428	33.629	91.06275	9.47663	1.56E+00	30.9843	0.00E+00								
cast51	51	74.517	8.9273	33.5239	90.35396	9.47783	1.56E+00	31.0059	0.00E+00								
cast51	52	75.936	8.9156	33.4945	89.80683	9.47966	1.56E+00	31.0318	0.00E+00								
cast51	53	77.405	8.9021	33.1706	89.6901	9.48078	1.56E+00	31.0544	0.00E+00								
cast51	54	79.041	8.8906	33.5216	90.15166	9.48247	1.56E+00	31.0821	0.00E+00								
cast51	55	80.653	8.88	33.761	90.89406	9.48365	1.56E+00	31.0959	0.00E+00								
cast51	56	82.232	8.8699	33.8671	91.57228	9.48499	1.56E+00	31.1081	0.00E+00								
cast51	57	83.666	8.8591	33.4748	91.70296	9.48613	1.56E+00	31.1219	0.00E+00								
cast51	58	85.013	8.8521	33.4246	91.47515	9.48745	1.56E+00	31.1336	0.00E+00								
cast51	59	86.345	8.8506	33.4009	91.10889	9.48863	1.56E+00	31.1367	0.00E+00								
cast51	60	87.676	8.8491	33.4556	90.7268	9.48888	1.56E+00	31.1359	0.00E+00								
cast51	61	89.114	8.8418	33.4889	90.47305	9.48869	1.56E+00	31.1484	0.00E+00								
cast51	62	90.645	8.8358	33.5634	90.61159	9.48957	1.56E+00	31.1622	0.00E+00								
cast51	63	92.265	8.8349	33.6501	91.00277	9.49021	1.56E+00	31.1692	0.00E+00								
cast51	64	93.851	8.8332	33.838	91.35606	9.49026	1.56E+00	31.1675	0.00E+00								
cast51	65	95.308	8.8307	33.8124	91.50891	9.4906	1.56E+00	31.1695	0.00E+00								
cast51	66	96.725	8.828	33.7757	91.55242	9.49091	1.56E+00	31.1731	0.00E+00								
cast51	67	98.072	8.8264	33.735	91.42276	9.49138	1.56E+00	31.1744	0.00E+00								
cast51	68	99.367	8.825	33.603	90.92556	9.49164	1.56E+00	31.1751	0.00E+00								
cast51	69	100.596	8.8242	33.5674	90.08883	9.49177	1.56E+00	31.1769	0.00E+00								
cast51	70	101.764	8.8233	33.3822	88.44164	9.49181	1.56E+00	31.1796	0.00E+00								
cast51	71	103.118	8.8318	33.9859	84.45258	9.48941	1.53E+00	31.1889	0.00E+00								
cast60	1	1.945	10.0722	32.5045	88.59609	9.33352	5.45E+02	29.4649	0.00E+00								
cast60	2	3.161	10.0764	26.7076	86.36019	9.33527	2.59E+02	29.4703	0.00E+00								
cast60	3	4.514	10.0642	26.8784	85.02269	9.33451	1.71E+02	29.4711	0.00E+00								
cast60	4	5.928	10.0035	30.6722	83.89874	9.33745	1.13E+02	29.494	0.00E+00								
cast60	5	7.338	9.8791	32.3158	82.7485	9.34959	7.85E+01	29.596	0.00E+00								
cast60	6	8.825	9.7949	32.307	83.67959	9.36582	5.57E+01	29.7364	0.00E+00								
cast60	7	10.335	9.7207	32.6046	87.8373	9.37505	4.12E+01	29.8502	0.00E+00								
cast60	8	11.874	9.6635	32.6633	91.66016	9.38415	3.18E+01	29.9295	0.00E+00								
cast60	9	13.337	9.6277	32.8449	92.22937	9.39218	2.48E+01	29.9666	0.00E+00								
cast60	10	14.615	9.6152	32.9081	90.77015	9.39571	1.92E+01	29.9902	0.00E+00								
cast60	11	15.897	9.6045	32.9267	89.69744	9.39774	1.42E+01	30.0017	0.00E+00								
cast60	12	17.359	9.6005	32.6892	90.01611	9.39925	1.01E+01	30.0187	0.00E+00								
cast60	13	19.136	9.6051	32.8615	91.71092	9.39848	7.52E+00	30.0284	0.00E+00								
cast60	14	20.699	9.6029	32.7878	92.11698	9.39867	5.99E+00	30.0182	0.00E+00								
cast60	15	22.031	9.5864	32.7245	91.75839	9.40014	4.74E+00	30.0027	0.00E+00								
cast60	16	23.306	9.5681	32.8698	91.17598	9.40415	3.67E+00	29.9986	0.00E+00								
cast60	17	24.713	9.5607	32.891	90.73232	9.40675	2.90E+00	30.0179	0.00E+00								
cast60	18	26.339	9.5536	32.8939	90.93305	9.40788	2.42E+00	30.0284	0.00E+00								
cast60	19	28.041	9.5349	33.1169	91.77686	9.40825	2.15E+00	30.0492	0.00E+00								
cast60	20	29.532	9.5093	33.1805	92.20874	9.40863	1.97E+00	30.121	0.00E+00								
cast60	21	30.9	9.4977	33.2195	92.17606	9.4093	1.85E+00	30.1804	0.00E+00								
cast60	22	32.29	9.4954	33.17	91.72596	9.40922	1.75E+00	30.2166	0.00E+00								
cast60	23	33.61	9.4952	33.1126	91.15801	9.40845	1.69E+00	30.2319	0.00E+00								
cast60	24	34.952	9.4955	32.912	91.00284	9.40765	1.65E+00	30.2464	0.00E+00								
cast60	25	36.53	9.4969	32.94	91.50764	9.40715	1.62E+00	30.2534	0.00E+00								
cast60	26	38.267	9.5068	33.0334	92.2056	9.40504	1.60E+00	30.2766	0.00E+00								
cast60	27	39.751	9.5136	33.0607	92.33884	9.40145	1.59E+00	30.3018	0.00E+00								
cast60	28	41.111	9.5117	33.0449	92.13534	9.39958	1.58E+00	30.3155	0.00E+00								
cast60	29	42.494	9.5067	32.9142	91.85365	9.39885	1.57E+00	30.3361	0.00E+00								
cast60	30	43.844	9.4963	32.9151	91.74676	9.39874	1.57E+00	30.355	0.00E+00								
cast60	31	45.254	9.4767	33.0632	91.87671	9.39958	1.55E+00	30.3867	0.00E+00								
cast60	32	46.852	9.4571	33.1173	92.11491	9.40195	1.57E+00	30.4191	0.00E+00								
cast60	33	48.388	9.4327	33.4744	92.17427	9.40425	1.56E+00	30.4507	0.00E+00								
cast60	34	49.791	9.4046	33.4194	92.12797	9.40659	1.56E+00	30.486	0.00E+00								
cast60	35	51.17	9.3645	33.3357	91.93681	9.40949	1.56E+00	30.5358	0.00E+00								
cast60	36	52.543	9.3221	33.2521	91.69338	9.41408	1.56E+00	30.6039	0.00E+00								
cast60	37	53.934	9.2859	33.1625	91.54973	9.41947	1.56E+00	30.6676	0.00E+00								
cast60	38	55.46	9.2633	33.4011	91.54746	9.42433	1.56E+00	30.7156	0.00E+00								
cast60	39	57.025	9.2504	33.605	91.22036	9.4271	1.56E+00	30.741	0.00E+00								
cast60	40	58.429	9.2409	33.717	90.44192	9.42842	1.56E+00	30.7554	0.00E+00								
cast60	41	59.86	9.2304	33.4228	90.56827	9.4295	1.56E+00	30.7724	0.00E+00								
cast60	42	61.651	9.2197	33.9599	91.8198	9.43097	1.56E+00	30.7946	0.00E+00								
cast60	43	63.245	9.211	34.3341	92.3991	9.43205	1.56E+00	30.8025	0.00E+00								
cast60	44	64.565	9.2038	34.4895	91.95862	9.43325	1.56E+00	30.8017	0.00E+00								
cast60	45	65.864	9.1733	33.3993	91.16715	9.43392	1.55E+00	30.8281	0.00E+00								
cast60	46	67.187	9.1504	33.5483	90.70123	9.43817	1.55E+00	30.8688	0.00E+00								
cast60	47	68.698	9.1434	33.9552	91.026	9.44111	1.56E+00	30.8942	0.00E+00								
cast60	48	70.346	9.1427	33.6694	91.77592	9.44171	1.55E+00	30.8974	0.00E+00								
cast60	49	71.849	9.1354	34.3947	92.11491	9.44197	1.56E+00	30.9003	0.00E+00								
cast60	50	73.245	9.1251	34.802	91.72906	9.44301	1.55E+00	30.9117	0.00E+00								
cast60	51	74.548	9.1204	34.5658	90.36168	9.4444	1.55E+00	30.9184	0.00E+00								
cast60	52	75.887	9.0969	34.3147	89.30131	9.44498	1.55E+00	30.9402	0.00E+00								
cast60	53	77.456	9.082	33.7427	90.18905	9.44843	1.56E+00	30.9751	0.00E+00								
cast60	54	79.226	9.0628	33.332	91.5909	9.44994	1.56E+00	30.9906	0.00E+00								
cast60	55	80.593	9.035	33.8942	91.08161	9.45335	1.55E+00	31.0209	0.00E+00								
cast60	56	82.023	9.025	34.5633	91.19156	9.45632	1.55E+00	31.0438	0.00E+00								
cast60	57	83.625	9.0209	34.1183	92.10375	9.45759	1.56E+00	31.0532	0.00E+00								
cast60	58	85.145	9.0204	33.688	92.57156	9.45803	1.56E+00	31.0514	0.00E+00								
cast60	59	86.514	9.016	33.6035	92.66299	9.45828	1.55E+00	31.0514	0.00E+00								
cast60	60	87.858	9.0151	33.6167	92.4123	9.4591	1.55E+00	31.0538	0.00E+00								
cast60	61	89.212	9.0154	34.4743	91.82687	9.4591	1.56E+00	31.0537	0.00E+00								
cast60	62	90.545	9.015	34.2482	91.62928	9.45908	1.56E+00	31.0539	0.00E+00								
cast60	63	91.997	9.0147	34.0459	91.26267	9.45895	1.56E+00	31.057	0.00E+00								
cast60	64	93.354	9.0139	33.808	89.29538	9.45906	1.56E+00	31.057	0.00E+00								
cast60	65	94.607	9.0194	33.7172	84.5374	9.45817	1.53E+00	31.0635	0.00E+00								
cast60	66	98.214	9.0298	34.6416	95.22422	9.45298	1.63E+00	31.0884	0.00E+00								
cast60	67	98.65	9.0165	33.8921	94.58759	9.45838	1.54E+00	31.045	0.00E+00								
cast60	68	99.828	9.0151	34.2034	94.21887	9.459	1.55E+00	31.0508	0.00E+00								
cast60	69	101.136	9.0143	34.0825	93.77674	9.45923	1.56E+00	31.0525	0.00E+00								
cast60	70	102.509	9.0126	33.9602	93.10859	9.45936	1.56E+00	31.0539	0.00E+00								
cast60	71	103.903	9.0119	33.9121	92.56148	9.45961	1.56E+00	31.0554	0.00E+00								
cast60	72	105.406	9.0121	33.8088	92.39131	9.45962	1.56E+00	31.0567	0.00E+00								
cast60	73	106.966	9.0122	33.6255	92.48474	9.45955	1.56E+00	31.0569	0.00E+00								
cast60	74	108.501	9.0126	34.1583	92.47618	9.45958	1.56E+00	31.0562	0.00E+00								
cast60	75	109.913	9.0126	34.6179	92.41219	9.45959	1.56E+00	31.0547	0.00E+00								
cast60	76	111.231	9.0125	33.7649	92.35371	9.4596	1.56E+00	31.0547	0.00E+00								
cast60	77	112.56	9.0125	33.6786	-9.99E-29	9.45962	1.56E+00	31.0545	0.00E+00								
cast60	78	113.828	9.0136	33.9135	-9.99E-29	9.45958	1.56E+00	31.0543	0.00E+00								
cast60	79	115.001	9.0146	33.9601	-9.99E-29	9.45942	1.56E+00	31.0535	0.00E+00								
cast60	80	115.95	9.0151	33.9824	-9.99E-29	9.45927	1.56E+00	31.0525	0.00E+00								
cast60	81	116.689	9.0149	33.9759	-9.99E-29	9.45926	1.07E+00	31.0504	0.00E+00								
cast63	1	1.617	10.1465	33.3486	87.53564	9.34596	1.93E+02	29.0206	0.00E+00								
cast63	2	3.041	10.1448	31.3635	83.291	9.34663	8.60E+01	29.0289	0.00E+00								
cast63	3	4.622	10.144	32.4615	85.71794	9.34662	5.77E+01	29.0308	0.00E+00								
cast63	4	6.223	10.1383	32.5541	90.66781	9.34768	3.82E+01	29.0207	0.00E+00								
cast63	5	7.675	10.1193	32.5294	91.6156	9.3488	2.68E+01	29.0298	0.00E+00								
cast63	6	9.008	10.0819	32.5193	91.25757	9.3495	2.00E+01	29.1012	0.00E+00								
cast63	7	10.363	10.0531	32.5526	90.95023	9.35243	1.47E+01	29.1721	0.00E+00								
cast63	8	11.784	10.0172	32.5802	90.85909	9.35445	1.10E+01	29.231	0.00E+00								
cast63	9	13.227	9.9325	32.6039	90.90486	9.35556	8.24E+00	29.3547	0.00E+00								
cast63	10	14.646	9.8212	32.63	90.87931	9.36133	6.26E+00	29.5693	0.00E+00								
cast63	11	16.05	9.7	32.6536	90.69983	9.37001	4.79E+00	29.8278	0.00E+00								
cast63	12	17.454	9.6129	33.6495	90.73716	9.38311	3.76E+00	30.0233	0.00E+00								
cast63	13	18.963	9.5437	33.4895	91.08316	9.39219	3.07E+00	30.1656	0.00E+00								
cast63	14	20.51	9.4798	33.2487	91.53577	9.39867	2.62E+00	30.2896	0.00E+00								
cast63	15	21.975	9.4352	33.0346	91.78799	9.4051	2.32E+00	30.3898	0.00E+00								
cast63	16	23.487	9.4125	33.2916	91.96371	9.41024	2.09E+00	30.4408	0.00E+00								
cast63	17	24.993	9.3846	33.7067	91.90687	9.41136	1.93E+00	30.4942	0.00E+00								
cast63	18	26.407	9.3723	33.6572	91.66947	9.41473	1.82E+00	30.523	0.00E+00								
cast63	19	27.816	9.3691	33.6484	91.36856	9.41603	1.74E+00	30.5329	0.00E+00								
cast63	20	29.222	9.3515	33.5003	91.07751	9.41581	1.68E+00	30.5467	0.00E+00								
cast63	21	30.636	9.3187	33.4166	90.88368	9.41693	1.64E+00	30.6099	0.00E+00								
cast63	22	32.1	9.3055	33.2603	90.97605	9.42128	1.61E+00	30.656	0.00E+00								
cast63	23	33.652	9.2945	33.3469	91.29903	9.42212	1.60E+00	30.6644	0.00E+00								
cast63	24	35.197	9.2733	33.4308	91.68007	9.42318	1.58E+00	30.7101	0.00E+00								
cast63	25	36.683	9.2691	33.5136	91.90284	9.42539	1.58E+00	30.7221	0.00E+00								
cast63	26	38.106	9.2797	33.383	91.91088	9.42641	1.57E+00	30.7164	0.00E+00								
cast63	27	39.5	9.2949	33.3955	91.29677	9.42563	1.57E+00	30.6766	0.00E+00								
cast63	28	40.881	9.2989	33.8869	90.16245	9.42385	1.57E+00	30.6664	0.00E+00								
cast63	29	42.218	9.3024	33.7974	88.5203	9.42343	1.56E+00	30.659	0.00E+00								
cast63	30	43.646	9.2869	33.61	87.23402	9.42236	1.56E+00	30.6785	0.00E+00								
cast63	31	45.336	9.2769	33.6169	88.31789	9.42417	1.56E+00	30.712	0.00E+00								
cast63	32	46.959	9.2646	33.8876	90.59105	9.42505	1.56E+00	30.7275	0.00E+00								
cast63	33	48.45	9.2543	33.4436	91.62076	9.42649	1.56E+00	30.7378	0.00E+00								
cast63	34	49.932	9.2165	33.5073	92.10963	9.42616	1.56E+00	30.7936	0.00E+00								
cast63	35	51.321	9.2002	33.7143	92.06109	9.4317	1.56E+00	30.836	0.00E+00								
cast63	36	52.669	9.195	34.5919	91.55016	9.43302	1.56E+00	30.8468	0.00E+00								
cast63	37	54.031	9.1744	34.6232	90.74196	9.43296	1.56E+00	30.8648	0.00E+00								
cast63	38	55.467	9.1489	33.4431	90.04345	9.43566	1.56E+00	30.9248	0.00E+00								
cast63	39	57.006	9.1379	33.5055	89.7547	9.43832	1.56E+00	30.9529	0.00E+00								
cast63	40	58.57	9.1342	33.3595	90.16156	9.43932	1.56E+00	30.9628	0.00E+00								
cast63	41	60.092	9.132	33.3239	90.97523	9.43968	1.56E+00	30.9652	0.00E+00								
cast63	42	61.543	9.1313	33.5523	91.19621	9.44007	1.56E+00	30.9643	0.00E+00								
cast63	43	62.885	9.1241	33.8378	90.61885	9.44	1.55E+00	30.972	0.00E+00								
cast63	44	64.329	9.122	34.2592	90.12022	9.44084	1.56E+00	30.9819	0.00E+00								
cast63	45	65.847	9.1193	34.0217	90.03376	9.44107	1.56E+00	30.9859	0.00E+00								
cast63	46	67.315	9.1204	34.0903	90.09026	9.44133	1.55E+00	30.9847	0.00E+00								
cast63	47	68.862	9.119	34.0193	90.78391	9.44124	1.56E+00	30.9869	0.00E+00								
cast63	48	70.402	9.1152	33.9069	91.70757	9.44141	1.56E+00	30.9878	0.00E+00								
cast63	49	71.811	9.109	33.947	91.75699	9.44217	1.56E+00	30.9963	0.00E+00								
cast63	50	73.204	9.1066	33.9943	90.89829	9.44288	1.56E+00	31.0008	0.00E+00								
cast63	51	74.559	9.1066	34.0834	89.9078	9.44309	1.56E+00	31.0014	0.00E+00								
cast63	52	76.064	9.1073	33.924	89.76826	9.4429	1.56E+00	31.0033	0.00E+00								
cast63	53	77.635	9.1067	33.7827	90.6505	9.44278	1.56E+00	31.0042	0.00E+00								
cast63	54	79.115	9.105	33.7658	91.05192	9.44297	1.56E+00	31.0049	0.00E+00								
cast63	55	80.544	9.1045	33.7714	90.95841	9.44317	1.56E+00	31.0062	0.00E+00								
cast63	56	81.954	9.1047	33.8793	90.94382	9.4433	1.56E+00	31.0048	0.00E+00								
cast63	57	83.346	9.1058	33.8496	90.98677	9.44331	1.56E+00	31.0029	0.00E+00								
cast63	58	84.64	9.1055	33.8956	90.00857	9.44318	1.56E+00	31.0017	0.00E+00								
cast63	59	85.653	9.1057	33.8754	86.79189	9.44328	1.50E+00	31.0022	0.00E+00								
cast63	60	86.594	9.115	33.8387	81.38407	9.44281	1.07E+00	31.0102	0.00E+00								
cast71	1	1.853	9.7571	31.28	88.13105	9.36693	7.74E+01	29.9913	0.00E+00								
cast71	2	3.106	9.7555	29.8327	84.94745	9.3685	3.40E+01	30.0024	0.00E+00								
cast71	3	4.397	9.7569	32.9157	83.38062	9.36816	2.17E+01	30.005	0.00E+00								
cast71	4	5.865	9.7582	33.1071	84.21978	9.3673	1.30E+01	30.0131	0.00E+00								
cast71	5	7.253	9.7572	33.3171	84.5603	9.36802	7.82E+00	30.0006	0.00E+00								
cast71	6	8.589	9.7599	33.1854	83.1153	9.36762	5.26E+00	30.0109	0.00E+00								
cast71	7	10.387	9.778	32.8821	87.6578	9.36435	4.12E+00	30.0048	0.00E+00								
cast71	8	12.095	9.7605	32.8806	92.72126	9.36636	3.29E+00	29.9852	0.00E+00								
cast71	9	13.319	9.744	33.3715	91.20106	9.36864	2.66E+00	29.9954	0.00E+00								
cast71	10	14.508	9.7285	33.1326	88.87665	9.3709	2.27E+00	30.0119	0.00E+00								
cast71	11	15.792	9.71	33.0484	86.36805	9.37333	2.00E+00	30.0331	0.00E+00								
cast71	12	17.48	9.6895	33.0778	87.25514	9.3766	1.82E+00	30.0657	0.00E+00								
cast71	13	19.355	9.6671	33.4301	91.01994	9.37941	1.72E+00	30.0872	0.00E+00								
cast71	14	20.582	9.6442	34.4193	90.33343	9.38193	1.66E+00	30.1093	0.00E+00								
cast71	15	21.883	9.6305	33.1857	90.30576	9.38459	1.62E+00	30.1334	0.00E+00								
cast71	16	23.462	9.6093	32.9581	91.18264	9.3864	1.60E+00	30.1642	0.00E+00								
cast71	17	24.994	9.5892	33.052	90.89695	9.38906	1.58E+00	30.1952	0.00E+00								
cast71	18	26.229	9.5755	33.14	88.99072	9.39062	1.58E+00	30.2175	0.00E+00								
cast71	19	27.568	9.5646	33.2469	87.66439	9.39219	1.57E+00	30.2435	0.00E+00								
cast71	20	29.34	9.5576	33.4547	89.95892	9.39305	1.57E+00	30.2631	0.00E+00								
cast71	21	30.979	9.5464	32.9637	91.66151	9.39401	1.56E+00	30.2795	0.00E+00								
cast71	22	32.34	9.5422	33.1831	91.25528	9.39489	1.57E+00	30.2867	0.00E+00								
cast71	23	33.659	9.5354	33.5033	90.04116	9.39529	1.56E+00	30.2953	0.00E+00								
cast71	24	34.988	9.5264	33.2402	89.57626	9.39597	1.56E+00	30.3131	0.00E+00								
cast71	25	36.654	9.522	32.9767	90.78005	9.39697	1.56E+00	30.3258	0.00E+00								
cast71	26	38.221	9.5172	32.9776	91.05919	9.39742	1.56E+00	30.3292	0.00E+00								
cast71	27	39.535	9.5087	33.1339	90.36273	9.39797	1.56E+00	30.3381	0.00E+00								
cast71	28	40.894	9.4921	33.049	90.62911	9.39878	1.56E+00	30.3616	0.00E+00								
cast71	29	42.482	9.4751	33.1635	91.39001	9.40106	1.56E+00	30.3975	0.00E+00								
cast71	30	43.919	9.4672	33.444	90.58784	9.40262	1.56E+00	30.4094	0.00E+00								
cast71	31	45.169	9.4569	33.7887	88.98106	9.40314	1.56E+00	30.4284	0.00E+00								
cast71	32	46.527	9.4487	33.3229	87.50173	9.4042	1.56E+00	30.448	0.00E+00								
cast71	33	48.381	9.4402	33.5173	89.41334	9.40496	1.56E+00	30.4719	0.00E+00								
cast71	34	49.891	9.4261	33.2984	89.1516	9.40608	1.56E+00	30.4845	0.00E+00								
cast71	35	50.995	9.4181	33.0986	86.40277	9.40739	1.56E+00	30.5003	0.00E+00								
cast71	36	52.463	9.4114	33.145	83.37742	9.40794	1.56E+00	30.5247	0.00E+00								
cast71	37	54.021	9.4027	33.2259	88.51801	9.40824	1.56E+00	30.5343	0.00E+00								
cast71	38	54.12	9.4034	33.3286	85.77775	9.41116	1.47E+00	30.5762	0.00E+00								
cast73	1	2.017	10.1432	36.7258	88.07834	9.32558	4.93E+02	29.3359	0.00E+00								
cast73	2	3.164	10.1381	26.7191	84.9615	9.32826	2.29E+02	29.3474	0.00E+00								
cast73	3	4.442	10.1386	28.157	83.12263	9.32852	1.24E+02	29.3573	0.00E+00								
cast73	4	5.956	10.1408	31.9293	84.25322	9.32748	6.93E+01	29.3646	0.00E+00								
cast73	5	7.452	10.1077	31.7238	87.65882	9.32805	4.22E+01	29.3754	0.00E+00								
cast73	6	8.933	10.0335	31.8519	90.06488	9.33116	2.65E+01	29.4772	0.00E+00								
cast73	7	10.372	9.9462	31.9175	90.96732	9.33626	1.72E+01	29.6488	0.00E+00								
cast73	8	11.787	9.8689	32.0037	90.99596	9.34494	1.18E+01	29.784	0.00E+00								
cast73	9	13.193	9.794	32.0521	90.97871	9.35277	8.37E+00	29.9216	0.00E+00								
cast73	10	14.579	9.7361	32.2067	91.21848	9.36101	6.11E+00	30.0309	0.00E+00								
cast73	11	16.089	9.683	32.3897	91.71234	9.36673	4.65E+00	30.1386	0.00E+00								
cast73	12	17.641	9.6364	32.7207	92.00285	9.37223	3.69E+00	30.2328	0.00E+00								
cast73	13	19.098	9.5995	32.4627	92.07184	9.37682	3.00E+00	30.296	0.00E+00								
cast73	14	20.507	9.5482	32.4467	91.7691	9.37913	2.53E+00	30.3776	0.00E+00								
cast73	15	21.895	9.5085	32.678	91.01504	9.38485	2.22E+00	30.4619	0.00E+00								
cast73	16	23.376	9.4879	32.8096	90.39529	9.38991	2.00E+00	30.5171	0.00E+00								
cast73	17	24.831	9.4758	32.9085	90.65511	9.39184	1.88E+00	30.5385	0.00E+00								
cast73	18	26.309	9.4586	33.1146	91.41952	9.39287	1.80E+00	30.5716	0.00E+00								
cast73	19	27.863	9.4488	33.1199	92.02247	9.39503	1.72E+00	30.5919	0.00E+00								
cast73	20	29.326	9.4399	33.1445	92.03622	9.39589	1.67E+00	30.6071	0.00E+00								
cast73	21	30.754	9.432	33.2351	91.98261	9.39696	1.64E+00	30.6186	0.00E+00								
cast73	22	32.238	9.4216	33.3534	91.89033	9.39779	1.62E+00	30.6345	0.00E+00								
cast73	23	33.702	9.413	33.0981	91.74738	9.39919	1.60E+00	30.6465	0.00E+00								
cast73	24	35.125	9.3925	33.0823	91.70149	9.39942	1.59E+00	30.6701	0.00E+00								
cast73	25	36.579	9.3783	33.3714	91.85651	9.40219	1.58E+00	30.6999	0.00E+00								
cast73	26	38.07	9.3652	33.2133	92.05585	9.40367	1.57E+00	30.7241	0.00E+00								
cast73	27	39.52	9.3664	33.1265	91.99101	9.40551	1.57E+00	30.7287	0.00E+00								
cast73	28	40.953	9.3619	33.2709	91.54051	9.4052	1.56E+00	30.7293	0.00E+00								
cast73	29	42.379	9.3535	33.2462	90.99225	9.40587	1.56E+00	30.7403	0.00E+00								
cast73	30	43.807	9.3488	33.1921	90.78819	9.40699	1.56E+00	30.7511	0.00E+00								
cast73	31	45.295	9.3443	33.3487	91.16878	9.40736	1.57E+00	30.7573	0.00E+00								
cast73	32	46.877	9.3356	33.6687	91.76995	9.40794	1.56E+00	30.7715	0.00E+00								
cast73	33	48.387	9.3335	33.4862	92.0281	9.40906	1.56E+00	30.7758	0.00E+00								
cast73	34	49.843	9.3293	33.591	91.98214	9.40926	1.56E+00	30.779	0.00E+00								
cast73	35	51.258	9.3267	33.6443	91.8269	9.4099	1.56E+00	30.7837	0.00E+00								
cast73	36	52.657	9.3265	34.0182	91.60101	9.41024	1.56E+00	30.7827	0.00E+00								
cast73	37	54.073	9.3207	33.7272	91.28498	9.4101	1.56E+00	30.7884	0.00E+00								
cast73	38	55.515	9.3189	33.352	91.18045	9.41101	1.56E+00	30.7946	0.00E+00								
cast73	39	57.042	9.3195	33.7603	91.37782	9.41108	1.56E+00	30.7977	0.00E+00								
cast73	40	58.584	9.3207	33.7905	91.57752	9.4109	1.56E+00	30.7938	0.00E+00								
cast73	41	60.016	9.3136	33.8866	90.87359	9.41091	1.56E+00	30.7958	0.00E+00								
cast73	42	61.357	9.2989	33.6894	89.94601	9.41205	1.56E+00	30.8162	0.00E+00								
cast73	43	62.795	9.2915	33.5638	89.85251	9.41369	1.56E+00	30.8332	0.00E+00								
cast73	44	64.451	9.2847	33.7777	90.89504	9.41449	1.56E+00	30.8444	0.00E+00								
cast73	45	65.949	9.2787	34.0027	91.09568	9.4155	1.55E+00	30.8518	0.00E+00								
cast73	46	67.298	9.2725	33.9375	90.13837	9.41617	1.56E+00	30.8552	0.00E+00								
cast73	47	68.634	9.267	33.7649	89.47975	9.41711	1.56E+00	30.8668	0.00E+00								
cast73	48	70.24	9.264	34.1249	90.19143	9.41742	1.56E+00	30.8735	0.00E+00								
cast73	49	71.809	9.2603	34.1407	90.77991	9.41821	1.56E+00	30.8792	0.00E+00								
cast73	50	73.23	9.265	34.0612	90.0216	9.41833	1.56E+00	30.8721	0.00E+00								
cast73	51	74.573	9.2647	34.0231	89.05565	9.41779	1.56E+00	30.8706	0.00E+00								
cast73	52	76.07	9.2636	33.8914	89.12316	9.41778	1.56E+00	30.8748	0.00E+00								
cast73	53	77.692	9.2639	34.4265	90.55209	9.41781	1.56E+00	30.8761	0.00E+00								
cast73	54	79.177	9.2678	34.65	91.26479	9.41792	1.56E+00	30.8693	0.00E+00								
cast73	55	80.559	9.2708	33.6345	90.47248	9.41734	1.56E+00	30.8619	0.00E+00								
cast73	56	81.817	9.2653	34.2037	87.81452	9.41726	1.56E+00	30.8633	0.00E+00								
cast73	57	83.171	9.262	34.2086	83.95947	9.41788	1.56E+00	30.8766	0.00E+00								
cast73	58	84.792	9.2632	34.1344	82.13859	9.41758	1.56E+00	30.8833	0.00E+00								
cast73	59	86.232	9.2664	34.1286	84.92942	9.41712	1.56E+00	30.8806	0.00E+00								
cast73	60	87.393	9.2843	33.6207	80.8163	9.41383	1.55E+00	30.8747	0.00E+00								
cast82	1	1.897	10.6765	30.9205	85.36796	9.21269	1.40E+03	29.3723	0.00E+00								
cast82	2	3.189	10.5895	30.9677	85.85918	9.22381	5.72E+02	29.3915	0.00E+00								
cast82	3	4.553	10.4992	31.0724	86.92939	9.24445	2.40E+02	29.4098	0.00E+00								
cast82	4	5.991	10.4389	31.23	89.67456	9.25481	1.08E+02	29.4491	0.00E+00								
cast82	5	7.393	10.3656	31.3807	90.84539	9.26696	4.87E+01	29.45	0.00E+00								
cast82	6	8.749	10.3135	31.4494	89.69541	9.27853	2.15E+01	29.4854	0.00E+00								
cast82	7	10.128	10.267	31.4233	88.97338	9.28485	9.41E+00	29.5531	0.00E+00								
cast82	8	11.655	10.2434	31.5035	90.0112	9.28816	4.57E+00	29.6422	0.00E+00								
cast82	9	13.245	10.2287	31.5248	91.19556	9.29036	2.81E+00	29.6584	0.00E+00								
cast82	10	14.775	10.2197	31.5326	91.72312	9.29036	2.09E+00	29.7073	0.00E+00								
cast82	11	16.222	10.2163	31.6452	91.74225	9.28959	1.82E+00	29.7338	0.00E+00								
cast82	12	17.64	10.2132	31.4677	91.55941	9.29004	1.67E+00	29.7384	0.00E+00								
cast82	13	19.023	10.2108	31.4536	91.19164	9.29024	1.61E+00	29.7443	0.00E+00								
cast82	14	20.438	10.2074	31.4598	90.55759	9.28948	1.58E+00	29.7662	0.00E+00								
cast82	15	21.912	10.2028	31.4771	90.28014	9.28909	1.57E+00	29.7854	0.00E+00								
cast82	16	23.446	10.198	31.5118	90.56763	9.28949	1.56E+00	29.7989	0.00E+00								
cast82	17	24.971	10.1965	31.5932	90.95708	9.29016	1.56E+00	29.7981	0.00E+00								
cast82	18	26.438	10.1945	31.5921	91.15616	9.29061	1.55E+00	29.7941	0.00E+00								
cast82	19	27.879	10.1915	31.5515	91.21385	9.29119	1.56E+00	29.7929	0.00E+00								
cast82	20	29.297	10.1897	31.5021	90.38741	9.29181	1.55E+00	29.7917	0.00E+00								
cast82	21	30.661	10.186	31.4953	88.61736	9.2922	1.55E+00	29.7903	0.00E+00								
cast82	22	31.991	10.1799	31.4707	87.4453	9.29305	1.55E+00	29.7926	0.00E+00								
cast82	23	33.553	10.1792	31.4102	88.42157	9.29326	1.56E+00	29.8092	0.00E+00								
cast82	24	35.209	10.1773	31.5002	90.28718	9.29339	1.55E+00	29.8053	0.00E+00								
cast82	25	36.706	10.1729	31.4938	90.85301	9.29418	1.55E+00	29.8014	0.00E+00								
cast82	26	38.154	10.1646	31.4666	90.96504	9.29538	1.55E+00	29.8057	0.00E+00								
cast82	27	39.58	10.1628	31.516	90.92488	9.29635	1.55E+00	29.8075	0.00E+00								
cast82	28	40.997	10.1599	31.553	90.74075	9.2966	1.55E+00	29.8094	0.00E+00								
cast82	29	42.429	10.1564	31.5457	90.63989	9.29713	1.55E+00	29.8142	0.00E+00								
cast82	30	43.901	10.1539	31.5034	90.63278	9.29744	1.55E+00	29.8164	0.00E+00								
cast82	31	45.391	10.1545	31.451	90.67364	9.29795	1.55E+00	29.8184	0.00E+00								
cast82	32	46.87	10.1553	31.4529	90.55052	9.29753	1.55E+00	29.8146	0.00E+00								
cast82	33	48.345	10.1482	31.4854	90.50831	9.29791	1.55E+00	29.818	0.00E+00								
cast82	34	49.794	10.1433	31.573	90.61198	9.29902	1.55E+00	29.8242	0.00E+00								
cast82	35	51.236	10.1431	31.52	90.56384	9.29951	1.55E+00	29.8262	0.00E+00								
cast82	36	52.678	10.1441	31.743	90.16059	9.29945	1.55E+00	29.8238	0.00E+00								
cast82	37	54.112	10.1444	31.8031	89.77211	9.29958	1.55E+00	29.824	0.00E+00								
cast82	38	55.569	10.1375	31.6969	89.52025	9.29918	1.55E+00	29.8233	0.00E+00								
cast82	39	57.026	10.1176	31.4112	89.58438	9.30139	1.55E+00	29.8422	0.00E+00								
cast82	40	58.558	10.1111	31.5294	90.01951	9.30373	1.55E+00	29.8557	0.00E+00								
cast82	41	60.099	10.1099	31.5643	90.52271	9.3043	1.55E+00	29.8573	0.00E+00								
cast82	42	61.535	10.1089	31.5624	90.58237	9.30449	1.55E+00	29.8563	0.00E+00								
cast82	43	62.944	10.1078	31.5081	90.11403	9.30471	1.55E+00	29.8571	0.00E+00								
cast82	44	64.399	10.1077	31.5155	89.6906	9.30482	1.55E+00	29.8572	0.00E+00								
cast82	45	65.888	10.1078	31.4933	89.78606	9.30485	1.55E+00	29.8574	0.00E+00								
cast82	46	67.399	10.1084	31.5449	89.93886	9.30481	1.55E+00	29.8565	0.00E+00								
cast82	47	68.824	10.1086	31.5633	89.94666	9.30487	1.55E+00	29.8544	0.00E+00								
cast82	48	70.265	10.1089	31.4141	90.16811	9.30476	1.55E+00	29.8546	0.00E+00								
cast82	49	71.787	10.1088	31.5737	90.46418	9.30476	1.55E+00	29.8548	0.00E+00								
cast82	50	73.286	10.1087	31.6033	90.60133	9.30484	1.55E+00	29.8539	0.00E+00								
cast82	51	74.778	10.1084	31.6258	90.49406	9.30488	1.55E+00	29.8529	0.00E+00								
cast82	52	76.171	10.108	31.5244	90.38239	9.30508	1.55E+00	29.8517	0.00E+00								
cast82	53	77.606	10.1086	31.546	90.48425	9.30508	1.55E+00	29.8518	0.00E+00								
cast82	54	79.067	10.1089	31.5391	90.45444	9.30498	1.55E+00	29.8514	0.00E+00								
cast82	55	80.498	10.1089	31.4614	90.23151	9.30497	1.55E+00	29.8506	0.00E+00								
cast82	56	81.955	10.1085	31.5759	89.87566	9.30504	1.55E+00	29.8505	0.00E+00								
cast82	57	83.394	10.1085	31.5242	89.57999	9.30509	1.55E+00	29.8508	0.00E+00								
cast82	58	84.873	10.1086	31.5015	89.66374	9.30505	1.55E+00	29.851	0.00E+00								
cast82	59	86.376	10.1088	31.5078	89.98573	9.30501	1.55E+00	29.8511	0.00E+00								
cast82	60	87.824	10.1086	31.5447	89.86682	9.30504	1.55E+00	29.8502	0.00E+00								
cast82	61	89.183	10.1085	31.5137	89.51315	9.3051	1.55E+00	29.85	0.00E+00								
cast82	62	90.536	10.1085	31.511	88.97266	9.3051	1.55E+00	29.8506	0.00E+00								
cast82	63	91.837	10.1089	31.5071	87.05254	9.30504	1.55E+00	29.8505	0.00E+00								
cast82	64	93.059	10.1273	31.4746	78.63701	9.30125	1.50E+00	29.8589	0.00E+00								
cast85	1	1.67	10.1517	33.5727	87.63168	9.2837	1.37E+02	29.7562	0.00E+00								
cast85	2	2.911	10.1234	31.5209	89.03823	9.29423	5.96E+01	29.9202	0.00E+00								
cast85	3	4.341	10.0618	31.1663	87.42769	9.29857	4.65E+01	29.99	0.00E+00								
cast85	4	5.958	10.0738	31.66	86.89444	9.30146	1.39E+02	30.0427	0.00E+00								
cast85	5	7.986	10.0357	31.686	90.95576	9.3011	7.74E+00	30.0156	0.00E+00								
cast85	6	9.088	10.0015	31.812	91.35302	9.30973	1.65E+01	30.0472	0.00E+00								
cast85	7	10.444	9.9714	31.8	91.71957	9.31431	1.26E+01	30.083	0.00E+00								
cast85	8	11.822	9.9476	31.7936	91.78623	9.31854	9.76E+00	30.1118	0.00E+00								
cast85	9	13.173	9.9343	31.8072	91.35665	9.32113	7.59E+00	30.1435	0.00E+00								
cast85	10	14.54	9.9269	31.8068	90.19388	9.32271	5.90E+00	30.1558	0.00E+00								
cast85	11	15.924	9.9203	31.977	89.00843	9.32335	4.57E+00	30.1694	0.00E+00								
cast85	12	17.405	9.9117	31.9377	89.05935	9.32398	3.64E+00	30.1863	0.00E+00								
cast85	13	19.088	9.9001	31.7881	90.46495	9.32485	3.07E+00	30.2087	0.00E+00								
cast85	14	20.713	9.8916	31.5895	91.35755	9.326	2.68E+00	30.2264	0.00E+00								
cast85	15	22.102	9.8887	31.6556	91.45409	9.32679	2.41E+00	30.2321	0.00E+00								
cast85	16	23.448	9.8892	31.6736	91.28505	9.32695	2.18E+00	30.2376	0.00E+00								
cast85	17	24.858	9.8912	31.5968	90.3904	9.32648	2.00E+00	30.2422	0.00E+00								
cast85	18	26.289	9.8939	31.5973	89.59407	9.32556	1.86E+00	30.25	0.00E+00								
cast85	19	27.73	9.8962	31.7309	89.65338	9.32455	1.77E+00	30.2574	0.00E+00								
cast85	20	29.255	9.8949	31.8124	90.51503	9.32352	1.74E+00	30.2675	0.00E+00								
cast85	21	30.86	9.876	31.8516	91.38466	9.32272	1.67E+00	30.2914	0.00E+00								
cast85	22	32.334	9.8459	31.6959	91.67108	9.32593	1.64E+00	30.3237	0.00E+00								
cast85	23	33.724	9.8303	31.8272	91.6051	9.32985	1.62E+00	30.3471	0.00E+00								
cast85	24	35.149	9.8197	31.9712	91.27865	9.33149	1.60E+00	30.3686	0.00E+00								
cast85	25	36.569	9.8145	31.9614	90.81186	9.33239	1.59E+00	30.3865	0.00E+00								
cast85	26	38.016	9.8094	31.9137	90.27173	9.33287	1.58E+00	30.3954	0.00E+00								
cast85	27	39.432	9.8002	31.8398	90.1248	9.33312	1.58E+00	30.4092	0.00E+00								
cast85	28	40.888	9.7898	31.7797	90.4769	9.33353	1.58E+00	30.4395	0.00E+00								
cast85	29	42.447	9.7799	31.7658	91.21684	9.334	1.57E+00	30.4688	0.00E+00								
cast85	30	44.021	9.7688	31.9886	91.73936	9.33433	1.57E+00	30.4975	0.00E+00								
cast85	31	45.506	9.755	32.1661	91.76416	9.3349	1.56E+00	30.5241	0.00E+00								
cast85	32	46.879	9.7466	32.2846	91.21611	9.33647	1.56E+00	30.5426	0.00E+00								
cast85	33	48.258	9.7423	32.2241	90.48961	9.33749	1.56E+00	30.55	0.00E+00								
cast85	34	49.664	9.7343	32.1508	90.35927	9.33767	1.56E+00	30.5649	0.00E+00								
cast85	35	51.182	9.7283	32.0146	90.96679	9.33842	1.56E+00	30.5817	0.00E+00								
cast85	36	52.795	9.7214	32.0596	91.65708	9.33872	1.56E+00	30.5959	0.00E+00								
cast85	37	54.267	9.716	32.0858	91.59737	9.33949	1.56E+00	30.6079	0.00E+00								
cast85	38	55.645	9.7164	32.1275	91.11372	9.34027	1.56E+00	30.6068	0.00E+00								
cast85	39	57.049	9.716	32.2846	90.79426	9.34015	1.56E+00	30.6072	0.00E+00								
cast85	40	58.462	9.711	32.5373	90.82923	9.3401	1.56E+00	30.6118	0.00E+00								
cast85	41	59.974	9.7028	32.2704	91.08072	9.34055	1.56E+00	30.6283	0.00E+00								
cast85	42	61.534	9.6993	32.4455	91.31399	9.34159	1.56E+00	30.6386	0.00E+00								
cast85	43	62.976	9.6917	32.7045	91.04185	9.34179	1.56E+00	30.6403	0.00E+00								
cast85	44	64.359	9.6727	32.398	90.5409	9.34303	1.56E+00	30.6637	0.00E+00								
cast85	45	65.799	9.6645	32.2526	90.35488	9.3453	1.56E+00	30.6815	0.00E+00								
cast85	46	67.327	9.6595	32.2054	90.78051	9.34622	1.56E+00	30.6902	0.00E+00								
cast85	47	68.884	9.6569	32.2863	91.30779	9.34689	1.56E+00	30.6951	0.00E+00								
cast85	48	70.339	9.6332	32.8829	91.4437	9.34654	1.56E+00	30.7064	0.00E+00								
cast85	49	71.737	9.5759	32.9692	91.1592	9.34893	1.56E+00	30.7925	0.00E+00								
cast85	50	73.123	9.5564	32.3346	90.58223	9.35666	1.56E+00	30.8445	0.00E+00								
cast85	51	74.562	9.556	32.4524	90.45807	9.35837	1.56E+00	30.8537	0.00E+00								
cast85	52	76.103	9.551	32.5213	91.06347	9.35816	1.56E+00	30.8617	0.00E+00								
cast85	53	77.63	9.5465	32.5668	91.49728	9.35895	1.56E+00	30.868	0.00E+00								
cast85	54	79.067	9.5486	32.995	91.3207	9.3596	1.56E+00	30.8676	0.00E+00								
cast85	55	80.498	9.5508	32.7314	91.22987	9.35915	1.56E+00	30.8623	0.00E+00								
cast85	56	81.953	9.5446	32.6774	91.19847	9.35902	1.56E+00	30.8662	0.00E+00								
cast85	57	83.315	9.5372	32.6782	90.42329	9.35985	1.56E+00	30.8803	0.00E+00								
cast85	58	84.516	9.5268	32.8736	88.39068	9.36043	1.56E+00	30.8882	0.00E+00								
cast85	59	85.641	9.5192	32.9147	84.66769	9.36211	1.56E+00	30.9092	0.00E+00								
cast85	60	86.722	9.5193	33.0153	79.3962	9.36174	1.55E+00	30.9295	0.00E+00								
cast94	1	1.54	11.0014	30.4812	86.66655	9.12224	1.52E+02	29.6348	0.00E+00								
cast94	2	3.268	10.8471	29.7095	90.92941	9.14921	1.01E+02	29.7499	0.00E+00								
cast94	3	4.771	10.6686	30.8408	90.74286	9.17862	9.29E+01	29.7584	0.00E+00								
cast94	4	5.672	10.5838	30.839	87.48046	9.19714	7.69E+01	29.7712	0.00E+00								
cast94	5	6.785	10.6231	30.8644	84.18578	9.20632	5.67E+01	29.8616	0.00E+00								
cast94	6	8.97	10.769	30.9536	87.74238	9.17009	4.65E+01	29.8714	0.00E+00								
cast94	7	10.502	10.5189	30.9206	90.02525	9.20487	4.07E+01	29.7784	0.00E+00								
cast94	8	11.636	10.4602	30.9421	87.50361	9.22457	3.10E+01	29.8915	0.00E+00								
cast94	9	12.875	10.427	31.0616	83.6982	9.23135	2.22E+01	29.9592	0.00E+00								
cast94	10	14.834	10.5518	31.194	85.29633	9.20995	1.56E+01	30.0049	0.00E+00								
cast94	11	16.766	10.3636	31.177	94.48108	9.23322	1.35E+01	29.8751	0.00E+00								
cast94	12	17.827	10.2949	31.1496	92.1268	9.24844	1.02E+01	29.9645	0.00E+00								
cast94	13	18.998	10.2601	31.2084	90.56042	9.25889	7.68E+00	30.0161	0.00E+00								
cast94	14	20.236	10.2391	31.237	89.28441	9.26359	5.93E+00	30.0506	0.00E+00								
cast94	15	21.715	10.2367	31.3247	88.25365	9.26555	4.58E+00	30.0746	0.00E+00								
cast94	16	23.309	10.2378	31.3268	88.25395	9.2652	3.58E+00	30.0812	0.00E+00								
cast94	17	25.076	10.242	31.1806	90.94367	9.26455	2.97E+00	30.0836	0.00E+00								
cast94	18	26.749	10.2386	31.2495	92.05454	9.26505	2.60E+00	30.0641	0.00E+00								
cast94	19	28.067	10.2229	31.302	91.58261	9.26657	2.29E+00	30.062	0.00E+00								
cast94	20	29.313	10.208	31.2999	91.12441	9.26916	2.05E+00	30.0742	0.00E+00								
cast94	21	30.643	10.2025	31.2995	91.04921	9.27121	1.89E+00	30.087	0.00E+00								
cast94	22	32.21	10.203	31.3636	91.30095	9.27154	1.79E+00	30.0929	0.00E+00								
cast94	23	33.766	10.2028	31.4188	91.31456	9.27145	1.71E+00	30.092	0.00E+00								
cast94	24	35.194	10.201	31.4446	91.07336	9.27174	1.66E+00	30.0901	0.00E+00								
cast94	25	36.574	10.1997	31.4349	90.92284	9.27207	1.63E+00	30.0905	0.00E+00								
cast94	26	38.032	10.1979	31.4008	90.86621	9.27227	1.60E+00	30.0919	0.00E+00								
cast94	27	39.524	10.1952	31.3675	90.84844	9.27269	1.59E+00	30.0923	0.00E+00								
cast94	28	40.981	10.1947	31.391	90.85451	9.27302	1.58E+00	30.0941	0.00E+00								
cast94	29	42.459	10.1921	31.4657	90.97816	9.27333	1.57E+00	30.0917	0.00E+00								
cast94	30	43.954	10.189	31.4917	90.83529	9.27389	1.56E+00	30.0927	0.00E+00								
cast94	31	45.39	10.1854	31.4345	89.89287	9.27451	1.56E+00	30.0918	0.00E+00								
cast94	32	46.703	10.1818	31.4231	88.37399	9.27544	1.56E+00	30.0889	0.00E+00								
cast94	33	47.975	10.1802	31.3859	86.98905	9.27601	1.56E+00	30.0908	0.00E+00								
cast94	34	49.542	10.1811	31.526	87.27598	9.27574	1.56E+00	30.097	0.00E+00								
cast94	35	51.395	10.1827	31.4583	90.20976	9.27536	1.56E+00	30.0996	0.00E+00								
cast94	36	53.114	10.1658	31.4133	91.82767	9.27679	1.56E+00	30.0849	0.00E+00								
cast94	37	54.51	10.1388	31.3283	91.86544	9.28073	1.55E+00	30.0902	0.00E+00								
cast94	38	55.81	10.1184	31.3302	91.61398	9.28368	1.55E+00	30.1182	0.00E+00								
cast94	39	57.162	10.1093	31.4494	91.34993	9.28616	1.53E+00	30.1378	0.00E+00								
cast94	40	58.594	10.1036	31.4557	91.03828	9.28742	1.48E+00	30.1481	0.00E+00								
cast94	41	60.013	10.0966	31.27	90.64963	9.28778	1.53E+00	30.1609	0.00E+00								
cast94	42	61.465	10.0834	31.3176	90.25367	9.28795	1.54E+00	30.1873	0.00E+00								
cast94	43	62.904	10.0737	31.3268	90.32083	9.28896	1.55E+00	30.2153	0.00E+00								
cast94	44	64.35	10.068	31.3495	90.59325	9.28991	1.56E+00	30.2283	0.00E+00								
cast94	45	65.836	10.0639	31.3814	90.64505	9.29041	1.56E+00	30.239	0.00E+00								
cast94	46	67.314	10.0606	31.4636	90.39681	9.29069	1.56E+00	30.2478	0.00E+00								
cast94	47	68.741	10.0529	31.5436	90.48426	9.29081	1.55E+00	30.2593	0.00E+00								
cast94	48	70.235	10.0463	31.6445	90.94068	9.29154	1.56E+00	30.2751	0.00E+00								
cast94	49	71.856	10.0392	31.7686	91.27251	9.2921	1.56E+00	30.2893	0.00E+00								
cast94	50	73.269	10.0324	31.5993	90.71315	9.29273	1.55E+00	30.2995	0.00E+00								
cast94	51	74.582	10.0265	31.5129	89.24854	9.29332	1.55E+00	30.3117	0.00E+00								
cast94	52	75.813	10.0238	31.4493	87.80918	9.294	1.55E+00	30.318	0.00E+00								
cast94	53	77.328	10.0234	31.5068	88.35978	9.29402	1.60E+00	30.3269	0.00E+00								
cast94	54	79.43	10.0214	31.5339	91.20451	9.29363	1.56E+00	30.3344	0.00E+00								
cast94	55	80.892	10.0158	31.4568	91.70788	9.29449	1.55E+00	30.3341	0.00E+00								
cast94	56	82.21	10.0126	31.5045	91.65926	9.2951	1.55E+00	30.3368	0.00E+00								
cast94	57	83.525	10.0093	31.5164	91.44139	9.29542	1.55E+00	30.3423	0.00E+00								
cast94	58	84.869	10.0074	31.5278	90.66332	9.29585	1.55E+00	30.3463	0.00E+00								
cast94	59	86.248	10.0042	31.6418	89.17782	9.29595	1.55E+00	30.3507	0.00E+00								
cast94	60	87.586	10.0011	31.6846	88.40222	9.29617	1.55E+00	30.3597	0.00E+00								
cast94	61	89.197	10.0012	31.5568	89.56709	9.29617	1.58E+00	30.369	0.00E+00								
cast94	62	91.031	10.001	31.541	91.44389	9.29617	1.56E+00	30.3652	0.00E+00								
cast94	63	92.364	10.0002	31.5573	91.69292	9.29649	1.55E+00	30.3637	0.00E+00								
cast94	64	93.628	9.9991	31.5175	91.36428	9.29659	1.55E+00	30.3641	0.00E+00								
cast94	65	94.867	9.9976	31.5011	90.15709	9.29678	1.55E+00	30.365	0.00E+00								
cast94	66	96.043	9.9966	31.4806	87.81756	9.29693	1.54E+00	30.3678	0.00E+00								
cast94	67	97.917	10.001	31.5486	86.74219	9.29596	1.55E+00	30.372	0.00E+00								
cast94	68	99.788	9.9946	31.3032	89.22997	9.29658	1.55E+00	30.3724	0.00E+00								
cast94	69	100.868	9.9823	31.4948	86.38737	9.29725	1.55E+00	30.3852	0.00E+00								
cast94	70	102.455	9.9615	31.4715	86.46789	9.29972	1.55E+00	30.426	0.00E+00								
cast94	71	103.642	9.956	31.7868	-9.99E-29	9.30116	1.55E+00	30.4323	0.00E+00								
cast94	72	104.405	9.9536	31.9712	-9.99E-29	9.30191	1.55E+00	30.4302	0.00E+00								
cast96	1	1.872	10.5743	34.2655	87.958	9.20831	1.78E+02	29.8493	0.00E+00								
cast96	2	3.115	10.5664	26.2715	84.25916	9.21101	8.98E+01	29.8652	0.00E+00								
cast96	3	4.508	10.5654	26.7477	84.25381	9.21131	6.71E+01	29.8749	0.00E+00								
cast96	4	5.943	10.5665	28.5798	85.84702	9.2113	5.59E+01	29.874	0.00E+00								
cast96	5	7.371	10.5646	30.679	86.43322	9.2113	4.94E+01	29.8729	0.00E+00								
cast96	6	8.78	10.5589	32.0132	86.79047	9.21168	4.36E+01	29.8744	0.00E+00								
cast96	7	10.215	10.5386	30.3715	87.99922	9.21395	3.75E+01	29.8765	0.00E+00								
cast96	8	11.717	10.524	32.259	89.86896	9.2174	3.18E+01	29.8885	0.00E+00								
cast96	9	13.234	10.5115	32.2118	90.62293	9.21958	2.67E+01	29.8916	0.00E+00								
cast96	10	14.679	10.4881	32.2412	90.15352	9.22194	2.20E+01	29.9019	0.00E+00								
cast96	11	16.116	10.458	32.2673	89.81132	9.22584	1.76E+01	29.9241	0.00E+00								
cast96	12	17.574	10.4207	32.0705	89.50336	9.23088	1.40E+01	29.9543	0.00E+00								
cast96	13	19.021	10.368	32.064	88.97633	9.23619	1.10E+01	29.9986	0.00E+00								
cast96	14	20.455	10.3266	32.0664	88.86068	9.2435	8.87E+00	30.0656	0.00E+00								
cast96	15	21.933	10.3092	32.0216	89.34688	9.24768	7.21E+00	30.1036	0.00E+00								
cast96	16	23.47	10.2911	32.3865	89.83115	9.24941	5.94E+00	30.1269	0.00E+00								
cast96	17	24.969	10.2792	32.2489	90.07383	9.25172	4.97E+00	30.1441	0.00E+00								
cast96	18	26.41	10.2681	32.1862	90.34904	9.25282	4.22E+00	30.1559	0.00E+00								
cast96	19	27.859	10.2488	32.1313	90.49506	9.25441	3.62E+00	30.1815	0.00E+00								
cast96	20	29.36	10.2372	32.1706	90.63549	9.25673	3.14E+00	30.2019	0.00E+00								
cast96	21	30.857	10.2217	32.2779	90.84889	9.25765	2.79E+00	30.2209	0.00E+00								
cast96	22	32.315	10.2029	32.3322	90.9984	9.25941	2.52E+00	30.2511	0.00E+00								
cast96	23	33.771	10.1852	32.0809	91.00937	9.26141	2.32E+00	30.2783	0.00E+00								
cast96	24	35.222	10.1753	32.2151	91.10471	9.26351	2.17E+00	30.2965	0.00E+00								
cast96	25	36.667	10.1639	32.2531	91.29822	9.26459	2.04E+00	30.3087	0.00E+00								
cast96	26	38.127	10.149	32.3741	91.41206	9.26654	1.94E+00	30.3197	0.00E+00								
cast96	27	39.57	10.1346	32.2518	91.36979	9.26903	1.85E+00	30.3271	0.00E+00								
cast96	28	40.984	10.1231	32.0629	91.08403	9.27147	1.79E+00	30.3336	0.00E+00								
cast96	29	42.361	10.1123	32.0792	90.33985	9.27307	1.74E+00	30.3424	0.00E+00								
cast96	30	43.732	10.0969	32.0772	89.64069	9.27462	1.70E+00	30.3572	0.00E+00								
cast96	31	45.153	10.0824	32.0987	89.639	9.27692	1.67E+00	30.3764	0.00E+00								
cast96	32	46.772	10.074	32.0733	90.3518	9.27892	1.65E+00	30.3938	0.00E+00								
cast96	33	48.362	10.0674	32.0413	90.98829	9.27973	1.63E+00	30.4025	0.00E+00								
cast96	34	49.887	10.0606	32.5053	91.38581	9.28061	1.61E+00	30.4092	0.00E+00								
cast96	35	51.436	10.0503	32.2117	91.47968	9.28217	1.60E+00	30.4104	0.00E+00								
cast96	36	52.872	10.0435	32.0857	91.32521	9.28391	1.59E+00	30.4125	0.00E+00								
cast96	37	54.215	10.0364	32.047	91.01143	9.28507	1.58E+00	30.4125	0.00E+00								
cast96	38	55.549	10.0251	32.1695	90.6	9.28634	1.58E+00	30.4153	0.00E+00								
cast96	39	56.927	10.0112	32.2677	90.26504	9.28847	1.57E+00	30.4252	0.00E+00								
cast96	40	58.421	10.0046	32.337	90.45211	9.29039	1.57E+00	30.4378	0.00E+00								
cast96	41	60.034	10.0016	32.3913	90.89151	9.29121	1.57E+00	30.4442	0.00E+00								
cast96	42	61.602	10.0008	32.474	91.10387	9.29154	1.57E+00	30.4447	0.00E+00								
cast96	43	63.077	9.9974	32.287	91.22575	9.29173	1.56E+00	30.4445	0.00E+00								
cast96	44	64.517	9.9913	32.3048	91.22632	9.29243	1.56E+00	30.4474	0.00E+00								
cast96	45	65.923	9.98	32.3621	91.11657	9.29336	1.56E+00	30.4526	0.00E+00								
cast96	46	67.345	9.9685	32.3519	90.99204	9.2951	1.56E+00	30.4666	0.00E+00								
cast96	47	68.789	9.9612	32.3395	90.93294	9.29661	1.56E+00	30.4786	0.00E+00								
cast96	48	70.279	9.9521	32.1011	90.87971	9.29764	1.56E+00	30.4861	0.00E+00								
cast96	49	71.772	9.9361	32.2907	90.85213	9.29902	1.56E+00	30.4996	0.00E+00								
cast96	50	73.259	9.9191	32.3743	90.96983	9.30129	1.56E+00	30.5181	0.00E+00								
cast96	51	74.738	9.8949	32.3162	91.15166	9.30334	1.56E+00	30.5423	0.00E+00								
cast96	52	76.197	9.8677	32.3043	91.35678	9.30655	1.56E+00	30.5778	0.00E+00								
cast96	53	77.679	9.8518	32.2821	91.44853	9.30989	1.56E+00	30.605	0.00E+00								
cast96	54	79.133	9.8379	32.3651	91.48072	9.31157	1.56E+00	30.6293	0.00E+00								
cast96	55	80.566	9.8297	32.4485	91.46294	9.31312	1.56E+00	30.6486	0.00E+00								
cast96	56	82.006	9.8211	32.2458	91.55981	9.31378	1.56E+00	30.6627	0.00E+00								
cast96	57	83.479	9.8119	32.177	91.6327	9.31486	1.56E+00	30.6763	0.00E+00								
cast96	58	84.965	9.8002	32.2879	91.68128	9.31594	1.56E+00	30.6891	0.00E+00								
cast96	59	86.405	9.7915	32.3056	91.56211	9.31742	1.56E+00	30.705	0.00E+00								
cast96	60	87.845	9.7864	32.3343	91.33884	9.31852	1.56E+00	30.7113	0.00E+00								
cast96	61	89.282	9.7728	32.3804	91.03324	9.31876	1.56E+00	30.7265	0.00E+00								
cast96	62	90.731	9.7682	32.4164	90.9869	9.32077	1.56E+00	30.7386	0.00E+00								
cast96	63	92.211	9.7637	32.5327	91.20239	9.32138	1.56E+00	30.7445	0.00E+00								
cast96	64	93.726	9.7558	32.6511	91.48794	9.32188	1.56E+00	30.7548	0.00E+00								
cast96	65	95.208	9.7478	32.3741	91.61021	9.32286	1.56E+00	30.766	0.00E+00								
cast96	66	96.659	9.7424	32.363	91.57942	9.32389	1.56E+00	30.7749	0.00E+00								
cast96	67	98.069	9.7404	32.85	91.56758	9.32453	1.56E+00	30.7791	0.00E+00								
cast96	68	99.47	9.7396	32.8427	91.50223	9.32485	1.56E+00	30.7808	0.00E+00								
cast96	69	100.83	9.7395	32.8706	91.08577	9.32498	1.56E+00	30.7812	0.00E+00								
cast96	70	102.148	9.7417	32.8335	89.50304	9.32502	1.55E+00	30.7793	0.00E+00								
cast96	71	103.359	9.7424	32.8539	87.12775	9.32474	1.55E+00	30.7761	0.00E+00								
cast96	72	105.135	9.7482	32.7037	85.69453	9.32338	1.53E+00	30.7811	0.00E+00								
cast96	73	107.056	9.7425	32.718	88.77497	9.32364	1.56E+00	30.7837	0.00E+00								
cast96	74	108.406	9.7408	32.8996	88.97223	9.32441	1.56E+00	30.7858	0.00E+00								
cast96	75	109.764	9.7402	32.7969	88.15634	9.32446	1.56E+00	30.786	0.00E+00								
cast96	76	111.184	9.7392	32.8412	87.79866	9.32449	1.56E+00	30.7891	0.00E+00								
cast96	77	112.708	9.7389	32.9146	88.59741	9.32452	1.56E+00	30.7908	0.00E+00								
cast96	78	114.006	9.7384	33.2025	88.32242	9.32468	1.56E+00	30.7891	0.00E+00								
cast96	79	115.059	9.7436	33.1188	-9.99E-29	9.32367	1.48E+00	30.806	0.00E+00								
cast106	1	1.699	10.8939	32.7692	85.9395	9.20069	3.22E+02	29.3485	0.00E+00								
cast106	2	2.904	10.9216	27.8534	85.07701	9.17885	1.28E+02	29.2439	0.00E+00								
cast106	3	4.788	10.9238	29.0484	87.46305	9.17842	8.79E+01	29.2378	0.00E+00								
cast106	4	6.132	10.932	29.7755	86.29915	9.17586	5.77E+01	29.2395	0.00E+00								
cast106	5	7.461	10.927	29.8782	87.37931	9.1757	3.79E+01	29.2367	0.00E+00								
cast106	6	8.973	10.908	29.8546	89.83259	9.17697	2.81E+01	29.2415	0.00E+00								
cast106	7	10.389	10.8386	29.8777	89.99334	9.17748	2.20E+01	29.3366	0.00E+00								
cast106	8	11.652	10.7728	29.955	89.43627	9.18337	1.64E+01	29.4599	0.00E+00								
cast106	9	13.034	10.7327	29.9724	89.07854	9.19188	1.19E+01	29.5345	0.00E+00								
cast106	10	14.541	10.7018	29.9095	89.25945	9.19684	8.87E+00	29.5903	0.00E+00								
cast106	11	16.042	10.6855	29.7667	89.15456	9.20017	6.88E+00	29.6247	0.00E+00								
cast106	12	17.562	10.6772	29.838	88.01098	9.20182	5.37E+00	29.6386	0.00E+00								
cast106	13	18.963	10.6715	30.026	87.39113	9.20283	4.27E+00	29.6467	0.00E+00								
cast106	14	20.504	10.6693	30.2063	88.78814	9.20337	3.48E+00	29.6535	0.00E+00								
cast106	15	22.113	10.6652	30.3953	90.39829	9.20362	3.00E+00	29.6561	0.00E+00								
cast106	16	23.561	10.6584	30.5098	90.40083	9.20435	2.64E+00	29.6597	0.00E+00								
cast106	17	24.939	10.6515	30.5379	90.07797	9.20521	2.36E+00	29.668	0.00E+00								
cast106	18	26.34	10.6467	30.5354	90.31103	9.20597	2.16E+00	29.6774	0.00E+00								
cast106	19	27.878	10.6433	30.5689	90.9163	9.20652	2.02E+00	29.6836	0.00E+00								
cast106	20	29.395	10.6396	30.57	91.26153	9.20687	1.93E+00	29.6881	0.00E+00								
cast106	21	30.816	10.6341	30.5461	91.34261	9.20729	1.85E+00	29.6947	0.00E+00								
cast106	22	32.219	10.626	30.5359	91.36097	9.20794	1.81E+00	29.7019	0.00E+00								
cast106	23	33.592	10.6135	30.5354	91.33093	9.2089	1.78E+00	29.7145	0.00E+00								
cast106	24	34.891	10.5879	30.5996	-9.99E-29	9.21022	1.76E+00	29.7433	0.00E+00								
cast106	25	36.093	10.5541	30.624	-9.99E-29	9.21292	1.74E+00	29.7849	0.00E+00								
cast106	26	37.133	10.5182	30.6611	-9.99E-29	9.21713	1.71E+00	29.8371	0.00E+00								
cast106	27	37.975	10.4884	30.8878	-9.99E-29	9.22195	1.69E+00	29.8872	0.00E+00								
