	Depth	Pressure	Temp deg. C	Fluorescence 	Oxygen % Sat	Oxygen mg/l	PAR	Salinity	flag	Depth [m]	Pressure [psi]	Temp deg. C	Chlor a [mg/m^3]	Oxygen % Sat	Oxygen mg/l	PAR	Salinity [PSU]
cast6	1	1.541	9.6477	29.7322	88.05164	9.35643	1.63E+03	29.6849	0.00E+00	1	1.721	10.460	31.658	88.619	9.260	551.067	29.094
cast6	2	3.101	9.6454	34.4691	89.08365	9.39523	6.32E+02	30.1102	0.00E+00	2	3.103	10.411	30.372	87.518	9.280	270.827	29.225
cast6	3	4.384	9.46	34.4308	87.24771	9.42082	2.87E+02	29.9351	0.00E+00	3	4.499	10.360	31.120	86.193	9.287	174.978	29.231
cast6	4	5.919	9.6602	34.4749	87.506	9.39484	8.16E+01	30.1888	0.00E+00	4	5.916	10.345	31.792	85.038	9.289	103.245	29.300
cast6	5	7.526	9.4305	34.5554	91.32179	9.41549	3.85E+01	29.751	0.00E+00	5	7.393	10.293	32.055	85.854	9.292	65.678	29.301
cast6	6	8.682	9.3465	34.5538	88.41793	9.45087	1.51E+01	29.9384	0.00E+00	6	8.824	10.208	32.163	86.736	9.306	42.704	29.363
cast6	7	10.197	9.4972	34.6061	85.64718	9.42882	5.43E+00	30.1237	0.00E+00	7	10.270	10.155	32.234	87.897	9.315	27.330	29.419
cast6	8	12.058	9.3852	34.6834	92.73076	9.42451	3.40E+00	29.8389	0.00E+00	8	11.730	10.097	32.277	88.377	9.324	17.658	29.445
cast6	9	13.169	9.2731	34.7063	90.2324	9.46463	2.25E+00	29.9229	0.00E+00	9	13.195	10.055	32.334	88.827	9.332	11.894	29.513
cast6	10	14.413	9.2663	34.7817	85.77539	9.46995	1.77E+00	29.9948	0.00E+00	10	14.697	10.025	32.465	90.250	9.337	8.204	29.548
cast6	11	16.302	9.2672	34.7789	90.00894	9.46771	1.64E+00	30.0387	0.00E+00	11	16.202	9.979	32.551	91.495	9.343	5.937	29.571
cast6	12	17.591	9.252	34.731	89.73458	9.47409	1.60E+00	29.9572	0.00E+00	12	17.608	9.949	32.579	90.744	9.349	4.454	29.616
cast6	13	18.734	9.2412	34.7343	85.51467	9.47636	1.57E+00	29.9714	0.00E+00	13	19.052	9.927	32.648	90.349	9.351	3.421	29.661
cast6	14	20.766	9.2451	34.8124	88.51417	9.47084	1.56E+00	30.0749	0.00E+00	14	20.531	9.888	32.669	91.091	9.355	2.877	29.696
cast6	15	22.227	9.2259	35.0346	92.02134	9.47921	1.56E+00	29.955	0.00E+00	15	22.015	9.860	32.669	90.989	9.360	2.442	29.734
cast6	16	23.262	9.2155	34.9094	89.85936	9.48266	1.56E+00	29.9517	0.00E+00	16	23.483	9.838	32.680	90.771	9.361	2.145	29.791
cast6	17	24.486	9.2163	34.8265	85.94522	9.48259	1.56E+00	29.9804	0.00E+00	17	24.924	9.818	32.761	91.211	9.364	1.995	29.814
cast6	18	26.578	9.2278	34.772	88.95342	9.47647	1.56E+00	30.0421	0.00E+00	18	26.365	9.801	32.771	91.103	9.367	1.861	29.842
cast6	19	28.189	9.2038	34.8454	93.01674	9.48279	1.56E+00	29.9503	0.00E+00	19	27.810	9.789	32.781	91.076	9.369	1.760	29.860
cast6	20	29.307	9.1794	34.9352	91.62686	9.48687	1.55E+00	29.9835	0.00E+00	20	29.257	9.776	32.808	91.445	9.371	1.703	29.870
cast6	21	30.526	9.161	34.8141	89.36174	9.48895	1.55E+00	30.0159	0.00E+00	21	30.756	9.694	32.958	91.110	9.385	1.664	29.905
cast6	22	31.925	9.1299	34.8598	85.92381	9.49161	1.55E+00	30.0805	0.00E+00	22	32.158	9.674	33.001	90.535	9.387	1.630	29.927
cast6	23	33.919	9.1082	34.7753	89.00142	9.49306	1.55E+00	30.1591	0.00E+00	23	33.622	9.648	33.019	90.647	9.389	1.605	29.963
cast6	24	35.448	9.0668	34.8673	91.56401	9.49915	1.55E+00	30.1415	0.00E+00	24	35.054	9.627	33.047	90.596	9.394	1.594	29.988
cast6	25	36.484	9.041	34.8927	88.23085	9.50392	1.55E+00	30.1699	0.00E+00	25	36.494	9.601	33.041	90.186	9.396	1.582	30.019
cast6	26	37.786	9.0222	34.8578	85.60536	9.5065	1.55E+00	30.2243	0.00E+00	26	38.060	9.575	33.082	89.890	9.399	1.578	30.065
cast6	27	39.792	8.9993	35.1071	89.29736	9.5079	1.55E+00	30.2769	0.00E+00	27	39.554	9.539	33.121	90.274	9.403	1.567	30.104
cast6	28	41.017	8.9528	35.0985	88.40943	9.51331	1.55E+00	30.2899	0.00E+00	28	40.937	9.509	33.093	90.311	9.408	1.566	30.139
cast6	29	42.253	8.9271	35.1071	87.45485	9.51905	1.55E+00	30.3412	0.00E+00	29	42.416	9.524	33.074	90.344	9.406	1.558	30.151
cast6	30	44.01	8.9221	35.2212	90.33628	9.52032	1.55E+00	30.3739	0.00E+00	30	43.878	9.506	33.115	90.343	9.407	1.558	30.182
cast6	31	45.524	8.9022	35.2283	91.1602	9.52293	1.55E+00	30.369	0.00E+00	31	45.297	9.485	33.114	90.007	9.409	1.554	30.216
cast6	32	46.763	8.8931	35.2218	88.86257	9.52567	1.55E+00	30.3787	0.00E+00	32	46.800	9.465	33.113	89.241	9.411	1.558	30.247
cast6	33	48.147	8.8943	35.1398	86.49988	9.52564	1.55E+00	30.3911	0.00E+00	33	48.303	9.432	33.142	89.240	9.414	1.557	30.285
cast6	34	49.914	8.8991	35.163	89.33289	9.52428	1.55E+00	30.3909	0.00E+00	34	49.809	9.370	33.160	89.732	9.421	1.557	30.346
cast6	35	51.348	8.8713	35.1806	89.66296	9.52598	1.55E+00	30.3916	0.00E+00	35	51.248	9.311	33.191	90.262	9.431	1.558	30.422
cast6	36	52.515	8.8512	35.1037	86.42543	9.53051	1.55E+00	30.4253	0.00E+00	36	52.695	9.273	33.205	90.162	9.437	1.557	30.478
cast6	37	54.245	8.8497	35.2185	87.99202	9.5305	1.55E+00	30.464	0.00E+00	37	54.062	9.251	33.225	89.748	9.440	1.554	30.515
cast6	38	55.937	8.8461	35.1301	91.11483	9.53191	1.55E+00	30.4375	0.00E+00	38	55.541	9.235	33.177	90.048	9.443	1.556	30.530
cast6	39	57.037	8.8408	35.236	88.858	9.53322	1.55E+00	30.4369	0.00E+00	39	56.947	9.221	33.308	89.782	9.445	1.555	30.558
cast6	40	58.134	8.839	35.3257	85.48549	9.53364	1.55E+00	30.4454	0.00E+00	40	58.343	9.218	33.366	89.736	9.446	1.550	30.576
cast6	41	60.072	8.8494	35.192	85.42572	9.52972	1.55E+00	30.4854	0.00E+00	41	59.776	9.241	33.288	89.613	9.443	1.516	30.537
cast6	42	61.419	8.8393	35.3592	88.73754	9.53272	1.55E+00	30.4407	0.00E+00	42	61.275	9.214	33.300	89.187	9.449	1.534	30.536
cast6	43	62.842	8.8286	35.272	84.56494	9.53431	1.55E+00	30.4615	0.00E+00	43	62.800	9.227	33.272	88.585	9.446	1.556	30.541
cast6	44	64.102	8.8195	35.2072	-9.99E-29	9.5362	1.55E+00	30.4608	0.00E+00	44	64.229	9.285	33.068	89.636	9.435	1.556	30.524
cast6	45	64.809	8.8133	34.8748	-9.99E-29	9.53789	1.55E+00	30.4538	0.00E+00	45	65.450	9.292	32.998	88.101	9.434	1.543	30.546
cast7	1	1.421	9.5996	36.2774	90.55786	9.38206	1.83E+02	29.6753	0.00E+00	46	67.296	9.626	32.663	90.719	9.375	1.557	30.333
cast7	2	2.977	9.5601	33.6125	89.3416	9.41414	8.34E+01	29.9165	0.00E+00	47	68.716	9.620	32.662	90.557	9.376	1.557	30.342
cast7	3	4.41	9.4445	34.6355	84.07831	9.4361	7.16E+01	29.8884	0.00E+00	48	70.082	9.611	32.695	89.992	9.377	1.558	30.350
cast7	4	5.872	9.4329	34.7558	83.64385	9.43501	6.14E+01	29.9963	0.00E+00	49	71.273	9.603	32.687	89.199	9.378	1.552	30.365
cast7	5	7.266	9.3908	34.8247	84.26971	9.44595	4.08E+01	29.9272	0.00E+00	50	72.725	9.517	32.868	88.369	9.391	1.546	30.440
cast7	6	8.762	9.4974	34.9136	82.80912	9.42714	2.82E+01	30.0022	0.00E+00	51	73.840	9.518	32.478	86.958	9.391	1.456	30.467
cast7	7	10.331	9.3684	34.9249	86.49698	9.44387	2.11E+01	29.9141	0.00E+00	52	75.712	9.524	32.882	88.485	9.395	1.559	30.370
cast7	8	11.648	9.3174	34.9108	86.54236	9.45774	1.46E+01	29.9877	0.00E+00	53	76.892	9.520	32.925	86.680	9.396	1.561	30.380
cast7	9	13.146	9.2999	35.0074	88.1363	9.46305	1.03E+01	29.9956	0.00E+00	54	78.088	9.528	32.900	81.414	9.394	1.450	30.392
cast7	10	14.591	9.2921	34.9712	87.27192	9.46557	7.76E+00	29.9888	0.00E+00								
cast7	11	16.051	9.3148	35.0745	86.51372	9.46047	5.70E+00	30.0174	0.00E+00								
cast7	12	17.539	9.29	35.1421	84.54117	9.46403	4.36E+00	29.9923	0.00E+00								
cast7	13	19.162	9.2772	35.6866	86.84677	9.46793	3.48E+00	30.0063	0.00E+00								
cast7	14	20.452	9.2658	35.8795	87.05721	9.46991	2.90E+00	29.9981	0.00E+00								
cast7	15	22.084	9.2579	35.1713	86.58122	9.46999	2.44E+00	30.0314	0.00E+00								
cast7	16	23.832	9.237	35.1557	91.60347	9.47272	2.16E+00	30.0363	0.00E+00								
cast7	17	25.082	9.2276	35.1518	92.12549	9.47484	1.99E+00	30.0478	0.00E+00								
cast7	18	26.484	9.1857	35.0721	91.99661	9.47566	1.85E+00	30.0899	0.00E+00								
cast7	19	27.836	9.1333	34.8607	91.38188	9.48262	1.76E+00	30.1593	0.00E+00								
cast7	20	29.281	9.1007	34.9925	91.09635	9.48935	1.69E+00	30.2061	0.00E+00								
cast7	21	30.877	9.0662	35.1307	91.49682	9.49377	1.65E+00	30.2435	0.00E+00								
cast7	22	32.369	9.029	35.1391	91.6439	9.49856	1.63E+00	30.2787	0.00E+00								
cast7	23	33.703	9.0012	35.1399	91.24801	9.50333	1.60E+00	30.3144	0.00E+00								
cast7	24	35.06	8.9847	35.1689	90.84721	9.50688	1.59E+00	30.3402	0.00E+00								
cast7	25	36.569	8.9679	35.1952	90.92617	9.50904	1.58E+00	30.3656	0.00E+00								
cast7	26	38.152	8.9533	35.3403	91.30024	9.51128	1.57E+00	30.3827	0.00E+00								
cast7	27	39.607	8.9255	35.8798	91.2697	9.51327	1.57E+00	30.4031	0.00E+00								
cast7	28	40.954	8.8894	35.4162	90.86809	9.51748	1.56E+00	30.4432	0.00E+00								
cast7	29	42.314	8.8665	35.176	90.13473	9.52234	1.56E+00	30.4805	0.00E+00								
cast7	30	43.793	8.8476	35.1591	89.63237	9.5254	1.56E+00	30.512	0.00E+00								
cast7	31	45.322	8.8196	35.0543	89.63336	9.52805	1.56E+00	30.5457	0.00E+00								
cast7	32	46.856	8.7879	35.2924	89.71264	9.53216	1.56E+00	30.5887	0.00E+00								
cast7	33	48.278	8.7686	35.3523	89.7301	9.536	1.56E+00	30.6187	0.00E+00								
cast7	34	49.714	8.7501	35.2979	90.02823	9.53814	1.56E+00	30.6435	0.00E+00								
cast7	35	51.314	8.7284	35.1246	90.83341	9.54088	1.56E+00	30.6754	0.00E+00								
cast7	36	52.882	8.7087	35.1322	91.4048	9.5438	1.56E+00	30.6991	0.00E+00								
cast7	37	54.253	8.6993	35.2671	91.18251	9.54606	1.56E+00	30.7111	0.00E+00								
cast7	38	55.562	8.6961	35.196	90.42529	9.54711	1.56E+00	30.7176	0.00E+00								
cast7	39	56.974	8.6949	35.2286	89.88498	9.54738	1.56E+00	30.723	0.00E+00								
cast7	40	58.487	8.6953	35.3176	90.24084	9.54737	1.56E+00	30.7238	0.00E+00								
cast7	41	59.89	8.6948	35.0623	89.84754	9.54743	1.56E+00	30.7227	0.00E+00								
cast7	42	61.116	8.6934	35.073	88.09798	9.54761	1.56E+00	30.723	0.00E+00								
cast7	43	62.339	8.7154	35.0637	82.2518	9.5432	1.56E+00	30.7385	0.00E+00								
cast17	1	1.541	12.0334	26.5624	88.63226	8.95662	2.11E+03	27.6232	0.00E+00								
cast17	2	3.065	11.7287	29.8632	90.51205	9.07364	1.05E+03	28.3047	0.00E+00								
cast17	3	4.407	11.3877	31.7427	89.59099	9.10024	8.02E+02	28.2663	0.00E+00								
cast17	4	5.705	10.9224	31.9081	84.30215	9.17662	4.90E+02	28.8449	0.00E+00								
cast17	5	7.355	10.8944	32.3875	86.44387	9.18971	3.10E+02	28.9051	0.00E+00								
cast17	6	8.867	10.4613	32.665	87.29256	9.28268	2.06E+02	28.7527	0.00E+00								
cast17	7	10.196	10.3757	32.8399	86.25615	9.30647	1.33E+02	28.8586	0.00E+00								
cast17	8	11.629	10.3466	32.9832	83.34791	9.30137	8.32E+01	29.0539	0.00E+00								
cast17	9	13.176	10.3428	33.0516	79.98615	9.29575	5.89E+01	29.2386	0.00E+00								
cast17	10	14.747	10.3222	33.0443	89.22594	9.3012	4.01E+01	29.0569	0.00E+00								
cast17	11	16.1	10.0752	33.0061	94.37172	9.34618	2.88E+01	28.919	0.00E+00								
cast17	12	17.361	9.9685	32.9891	86.30774	9.3653	2.11E+01	29.254	0.00E+00								
cast17	13	19.282	9.9601	32.9189	85.0565	9.34995	1.45E+01	29.53	0.00E+00								
cast17	14	20.63	9.6992	32.9214	92.94413	9.38553	1.19E+01	29.5193	0.00E+00								
cast17	15	21.756	9.5968	32.9734	88.05211	9.40517	8.75E+00	29.8126	0.00E+00								
cast17	16	23.511	9.5857	32.9906	84.69757	9.39879	6.39E+00	30.0908	0.00E+00								
cast17	17	25.116	9.5195	33.0111	93.63114	9.41419	5.52E+00	29.9211	0.00E+00								
cast17	18	26.214	9.4727	33.0032	89.32482	9.42318	4.35E+00	29.9931	0.00E+00								
cast17	19	27.698	9.4649	33.0277	85.69691	9.4227	3.43E+00	30.0981	0.00E+00								
cast17	20	29.57	9.4519	33.0835	91.37551	9.42573	2.97E+00	30.0535	0.00E+00								
cast17	21	30.707	9.426	33.0742	88.95654	9.43225	2.59E+00	30.0512	0.00E+00								
cast17	22	32.048	9.4223	33.0856	87.41893	9.432	2.26E+00	30.0944	0.00E+00								
cast17	23	33.861	9.4209	33.14	90.73759	9.43063	2.06E+00	30.1065	0.00E+00								
cast17	24	35.219	9.3789	33.0925	89.65079	9.43734	1.94E+00	30.0897	0.00E+00								
cast17	25	36.419	9.2848	33.1111	87.28886	9.44511	1.82E+00	30.1849	0.00E+00								
cast17	26	37.951	9.2165	33.1131	86.20143	9.45672	1.76E+00	30.3831	0.00E+00								
cast17	27	39.452	9.1492	33.1337	86.9062	9.46378	1.64E+00	30.4062	0.00E+00								
cast17	28	40.534	9.0751	33.1813	-9.99E-29	9.47889	1.66E+00	30.3923	0.00E+00								
cast18	1	2.078	9.8659	32.7273	89.43456	9.36671	2.32E+02	29.575	0.00E+00								
cast18	2	3.168	9.8543	31.4113	86.6344	9.37057	7.72E+01	29.6008	0.00E+00								
cast18	3	4.462	9.851	31.7557	85.31791	9.37128	4.60E+01	29.6195	0.00E+00								
cast18	4	5.852	9.8489	33.8209	86.25064	9.37136	2.98E+01	29.6283	0.00E+00								
cast18	5	7.293	9.848	34.144	87.65262	9.37148	2.00E+01	29.6312	0.00E+00								
cast18	6	8.693	9.8127	34.1374	87.44319	9.37287	1.34E+01	29.6324	0.00E+00								
cast18	7	10.103	9.7676	34.1357	85.55433	9.37988	9.05E+00	29.6781	0.00E+00								
cast18	8	11.633	9.7359	34.0705	84.0151	9.38517	6.68E+00	29.7362	0.00E+00								
cast18	9	13.31	9.7038	34.0942	87.85043	9.38987	5.24E+00	29.7661	0.00E+00								
cast18	10	14.842	9.6595	34.0963	92.06471	9.39614	3.99E+00	29.7727	0.00E+00								
cast18	11	16.256	9.6206	34.1076	93.14467	9.40253	3.09E+00	29.8166	0.00E+00								
cast18	12	17.655	9.6073	34.1158	93.24058	9.40638	2.52E+00	29.854	0.00E+00								
cast18	13	19.118	9.6106	34.1391	93.18278	9.40709	2.15E+00	29.8775	0.00E+00								
cast18	14	20.549	9.6164	34.2176	92.91148	9.40515	1.94E+00	29.8843	0.00E+00								
cast18	15	21.965	9.6223	34.2493	92.39646	9.4043	1.80E+00	29.8835	0.00E+00								
cast18	16	23.351	9.6353	34.1607	91.8859	9.40167	1.71E+00	29.8977	0.00E+00								
cast18	17	24.881	9.6399	34.1994	91.94359	9.3994	1.65E+00	29.8931	0.00E+00								
cast18	18	26.489	9.6372	34.2382	92.46802	9.39915	1.61E+00	29.8907	0.00E+00								
cast18	19	27.999	9.632	34.4078	92.66738	9.39985	1.59E+00	29.8917	0.00E+00								
cast18	20	29.424	9.6281	34.3347	92.4799	9.40033	1.58E+00	29.9007	0.00E+00								
cast18	21	30.78	9.6252	34.2493	91.89047	9.40013	1.57E+00	29.9157	0.00E+00								
cast18	22	32.057	9.6102	34.2518	91.00184	9.40031	1.57E+00	29.9214	0.00E+00								
cast18	23	33.342	9.5436	34.2285	89.84957	9.40624	1.56E+00	29.9112	0.00E+00								
cast18	24	34.826	9.4815	34.406	89.4521	9.41965	1.56E+00	29.959	0.00E+00								
cast18	25	36.632	9.4515	34.2787	90.84194	9.42895	1.56E+00	30.0089	0.00E+00								
cast18	26	38.378	9.4345	34.2057	91.95067	9.4319	1.57E+00	30.0214	0.00E+00								
cast18	27	39.648	9.4264	34.1904	91.77596	9.43408	1.56E+00	30.0267	0.00E+00								
cast18	28	40.913	9.4203	34.0994	91.39963	9.43516	1.56E+00	30.0328	0.00E+00								
cast18	29	42.32	9.4155	34.038	91.1301	9.43603	1.56E+00	30.0416	0.00E+00								
cast18	30	43.866	9.409	34.1583	91.09383	9.43656	1.56E+00	30.0502	0.00E+00								
cast18	31	45.411	9.4017	34.1429	91.13188	9.4377	1.56E+00	30.0594	0.00E+00								
cast18	32	46.923	9.3902	34.1655	91.073	9.43854	1.56E+00	30.0651	0.00E+00								
cast18	33	48.382	9.3516	34.2246	91.10068	9.44056	1.56E+00	30.096	0.00E+00								
cast18	34	49.874	9.3134	34.1091	91.3011	9.44643	1.56E+00	30.1395	0.00E+00								
cast18	35	51.315	9.2508	34.1378	91.41426	9.45166	1.56E+00	30.1929	0.00E+00								
cast18	36	52.642	9.191	34.1332	91.19954	9.46027	1.56E+00	30.2643	0.00E+00								
cast18	37	53.931	9.1441	34.0916	90.24105	9.46862	1.56E+00	30.3233	0.00E+00								
cast18	38	55.256	9.1038	34.0977	88.46882	9.47537	1.56E+00	30.3846	0.00E+00								
cast18	39	56.781	9.0905	34.1985	87.95317	9.47984	1.54E+00	30.4345	0.00E+00								
cast18	40	58.631	9.0852	34.3681	89.64205	9.48122	1.56E+00	30.4402	0.00E+00								
cast18	41	60.058	9.0777	34.2975	89.32627	9.48263	1.56E+00	30.4416	0.00E+00								
cast18	42	61.506	9.0736	34.0654	89.58607	9.48349	1.56E+00	30.4474	0.00E+00								
cast18	43	63.068	9.0706	34.1648	90.49251	9.48406	1.56E+00	30.449	0.00E+00								
cast18	44	64.471	9.0663	34.2182	90.36645	9.48474	1.56E+00	30.4502	0.00E+00								
cast18	45	65.878	9.0626	34.1258	90.06149	9.48535	1.56E+00	30.4538	0.00E+00								
cast18	46	67.294	9.0578	34.2027	89.69618	9.486	1.56E+00	30.4574	0.00E+00								
cast18	47	68.781	9.0422	34.1512	89.43515	9.487	1.56E+00	30.4688	0.00E+00								
cast18	48	70.38	8.9991	34.118	89.92369	9.4909	1.56E+00	30.5032	0.00E+00								
cast18	49	71.895	8.9491	34.1453	90.77001	9.49842	1.56E+00	30.5547	0.00E+00								
cast18	50	73.274	8.9139	34.2578	90.72204	9.50415	1.56E+00	30.593	0.00E+00								
cast18	51	74.57	8.8854	34.2735	89.77579	9.50879	1.56E+00	30.6257	0.00E+00								
cast18	52	75.824	8.8683	34.2099	88.8139	9.51269	1.56E+00	30.6533	0.00E+00								
cast18	53	77.135	8.861	34.2531	88.02614	9.51449	1.56E+00	30.6718	0.00E+00								
cast18	54	78.464	8.8738	34.144	82.0382	9.51072	1.56E+00	30.6889	0.00E+00								
cast29	1	1.451	10.7384	26.4509	82.21089	9.13734	1.42E+03	29.6029	0.00E+00								
cast29	2	3.452	10.5741	30.539	95.3898	9.20073	1.05E+03	29.9048	0.00E+00								
cast29	3	4.982	10.4649	31.6997	96.9879	9.2214	7.30E+02	29.8355	0.00E+00								
cast29	4	6.174	10.3499	31.7249	96.51746	9.24114	4.73E+02	29.7756	0.00E+00								
cast29	5	7.422	10.2768	31.7719	94.7725	9.2614	2.98E+02	29.7989	0.00E+00								
cast29	6	8.663	10.2271	31.9925	91.87686	9.2742	1.82E+02	29.8164	0.00E+00								
cast29	7	9.924	10.0794	32.0238	87.6882	9.28771	1.09E+02	29.7562	0.00E+00								
cast29	8	11.42	9.9692	32.1662	84.03675	9.31774	6.27E+01	29.9039	0.00E+00								
cast29	9	13.221	9.9292	32.2511	87.55638	9.32429	3.52E+01	30.0696	0.00E+00								
cast29	10	14.923	9.8276	32.2534	93.14948	9.34501	2.09E+01	29.916	0.00E+00								
cast29	11	16.33	9.7813	32.3676	93.92587	9.36215	1.24E+01	29.9262	0.00E+00								
cast29	12	17.664	9.768	32.5886	93.73393	9.36833	7.22E+00	29.9274	0.00E+00								
cast29	13	19.049	9.7179	32.4826	93.51004	9.37215	4.53E+00	29.9269	0.00E+00								
cast29	14	20.499	9.6661	32.4148	93.26827	9.3817	2.99E+00	29.9581	0.00E+00								
cast29	15	21.921	9.6454	32.3351	92.48025	9.38902	2.26E+00	29.9849	0.00E+00								
cast29	16	23.262	9.6258	32.3874	91.20485	9.39272	1.89E+00	29.9878	0.00E+00								
cast29	17	24.634	9.6063	32.43	89.90489	9.39617	1.71E+00	30.0064	0.00E+00								
cast29	18	26.201	9.6035	32.447	89.80187	9.39774	1.62E+00	30.0348	0.00E+00								
cast29	19	27.976	9.5829	32.4076	91.10408	9.39818	1.59E+00	30.042	0.00E+00								
cast29	20	29.651	9.5114	32.4243	92.30382	9.40633	1.57E+00	30.0494	0.00E+00								
cast29	21	31.092	9.4334	32.4169	92.59083	9.41746	1.57E+00	30.0827	0.00E+00								
cast29	22	32.375	9.368	32.4487	92.26045	9.42865	1.56E+00	30.1272	0.00E+00								
cast29	23	33.612	9.3082	32.4512	91.32757	9.4375	1.56E+00	30.1905	0.00E+00								
cast29	24	34.808	9.2606	32.4568	90.09002	9.44531	1.56E+00	30.2644	0.00E+00								
cast29	25	36.133	9.2111	32.4981	88.84406	9.45233	1.55E+00	30.3476	0.00E+00								
cast29	26	37.859	9.1768	32.5894	89.08416	9.45851	1.55E+00	30.4453	0.00E+00								
cast29	27	39.852	9.1215	32.5957	91.56789	9.46435	1.56E+00	30.5066	0.00E+00								
cast29	28	41.422	9.0883	32.7034	92.45785	9.4724	1.55E+00	30.5193	0.00E+00								
cast29	29	42.644	9.0662	32.6283	91.68427	9.47613	1.55E+00	30.5257	0.00E+00								
cast29	30	43.834	9.0439	32.5947	90.18974	9.47946	1.55E+00	30.5466	0.00E+00								
cast29	31	45.011	9.0256	32.6089	88.59467	9.48278	1.55E+00	30.5693	0.00E+00								
cast29	32	46.458	8.9775	32.6188	87.87197	9.48505	1.55E+00	30.6288	0.00E+00								
cast29	33	48.482	8.9016	32.6374	90.37769	9.49469	1.55E+00	30.7519	0.00E+00								
cast29	34	50.165	8.8461	32.7097	91.73898	9.50512	1.55E+00	30.7854	0.00E+00								
cast29	35	51.453	8.8188	32.6939	91.31593	9.51131	1.55E+00	30.8028	0.00E+00								
cast29	36	52.631	8.8023	32.6725	90.07603	9.51526	1.55E+00	30.8188	0.00E+00								
cast29	37	53.82	8.7902	32.6152	88.55662	9.51769	1.55E+00	30.8365	0.00E+00								
cast29	38	55.214	8.7853	32.6635	87.6634	9.51878	1.55E+00	30.8669	0.00E+00								
cast29	39	57.074	8.7892	32.7534	89.56203	9.51701	1.55E+00	30.8956	0.00E+00								
cast29	40	58.895	8.7649	32.6996	91.54469	9.51916	1.55E+00	30.8826	0.00E+00								
cast29	41	60.248	8.7371	32.7379	91.45228	9.52386	1.55E+00	30.8875	0.00E+00								
cast29	42	61.43	8.7144	32.7797	90.65858	9.52804	1.55E+00	30.9007	0.00E+00								
cast29	43	62.521	8.6927	32.7681	89.45054	9.5315	1.55E+00	30.9174	0.00E+00								
cast29	44	63.57	8.6785	32.7426	87.72136	9.53479	1.55E+00	30.9452	0.00E+00								
cast29	45	64.528	8.6961	32.7364	83.73414	9.53001	1.56E+00	31.007	0.00E+00								
cast30	1	1.874	11.4802	31.1595	90.17594	9.15596	1.54E+02	27.5083	0.00E+00								
cast30	2	3.12	11.4016	28.6246	85.62539	9.17011	7.45E+01	27.5981	0.00E+00								
cast30	3	4.442	11.3903	30.1704	83.55656	9.1744	5.31E+01	27.7012	0.00E+00								
cast30	4	5.882	11.4513	31.7995	84.98482	9.16807	3.85E+01	27.7119	0.00E+00								
cast30	5	7.412	11.1021	32.461	88.61483	9.16338	2.79E+01	27.8096	0.00E+00								
cast30	6	8.881	10.4151	32.6161	91.38291	9.23194	2.00E+01	28.6137	0.00E+00								
cast30	7	10.278	10.0901	32.6642	92.42815	9.31191	1.42E+01	29.1794	0.00E+00								
cast30	8	11.66	9.9586	32.698	91.80979	9.34384	1.01E+01	29.4415	0.00E+00								
cast30	9	13.032	9.9028	32.6824	90.863	9.35668	7.20E+00	29.5866	0.00E+00								
cast30	10	14.551	9.901	32.7421	91.66863	9.35803	5.12E+00	29.6863	0.00E+00								
cast30	11	16.253	9.9029	32.7784	93.17688	9.35534	3.59E+00	29.7093	0.00E+00								
cast30	12	17.669	9.8958	32.774	92.99761	9.35727	2.72E+00	29.6911	0.00E+00								
cast30	13	18.953	9.8898	32.7999	92.25427	9.35917	2.18E+00	29.6807	0.00E+00								
cast30	14	20.326	9.8914	32.8179	91.76825	9.35908	1.90E+00	29.6967	0.00E+00								
cast30	15	21.98	9.9041	32.7933	92.13608	9.35651	1.76E+00	29.7155	0.00E+00								
cast30	16	23.607	9.9057	32.8552	92.55992	9.35531	1.67E+00	29.6961	0.00E+00								
cast30	17	24.934	9.8977	32.8207	92.26355	9.35726	1.62E+00	29.6814	0.00E+00								
cast30	18	26.264	9.892	32.9055	91.74667	9.35901	1.59E+00	29.679	0.00E+00								
cast30	19	27.776	9.8956	32.9566	91.89131	9.35885	1.58E+00	29.6916	0.00E+00								
cast30	20	29.36	9.9029	32.8326	92.43202	9.35723	1.57E+00	29.6946	0.00E+00								
cast30	21	30.799	9.9025	32.9069	92.17363	9.35679	1.56E+00	29.6871	0.00E+00								
cast30	22	32.164	9.901	32.926	91.725	9.35716	1.56E+00	29.6892	0.00E+00								
cast30	23	33.606	9.9023	32.9121	91.63508	9.35682	1.56E+00	29.6936	0.00E+00								
cast30	24	35.135	9.9073	32.9136	91.82557	9.35581	1.56E+00	29.7044	0.00E+00								
cast30	25	36.688	9.9057	32.934	92.14375	9.35434	1.56E+00	29.7085	0.00E+00								
cast30	26	38.107	9.8826	32.9314	91.4864	9.35566	1.56E+00	29.727	0.00E+00								
cast30	27	39.4	9.8568	32.9548	90.15663	9.35866	1.56E+00	29.7504	0.00E+00								
cast30	28	40.799	9.8307	32.9566	89.70721	9.36252	1.56E+00	29.7942	0.00E+00								
cast30	29	42.515	9.8183	32.9802	91.30457	9.36537	1.56E+00	29.8233	0.00E+00								
cast30	30	44.07	9.7939	32.9477	91.84888	9.36713	1.56E+00	29.8245	0.00E+00								
cast30	31	45.365	9.7439	32.924	90.99119	9.37248	1.56E+00	29.86	0.00E+00								
cast30	32	46.695	9.6876	32.9836	90.1939	9.37989	1.56E+00	29.9171	0.00E+00								
cast30	33	48.204	9.6059	33.0179	89.12863	9.38944	1.56E+00	29.9959	0.00E+00								
cast30	34	49.766	9.4343	33.0502	89.18478	9.40879	1.56E+00	30.1466	0.00E+00								
cast30	35	51.409	9.3043	32.9819	90.86749	9.43399	1.56E+00	30.3165	0.00E+00								
cast30	36	52.795	9.2599	33.0185	90.85694	9.44517	1.56E+00	30.3682	0.00E+00								
cast30	37	54.081	9.2384	33.0215	90.06843	9.44925	1.56E+00	30.3981	0.00E+00								
cast30	38	55.495	9.2037	33.0358	89.41598	9.45279	1.56E+00	30.4355	0.00E+00								
cast30	39	57.037	9.1559	33.1049	90.06801	9.45917	1.56E+00	30.4869	0.00E+00								
cast30	40	58.48	9.1034	33.212	90.67935	9.4669	1.56E+00	30.5353	0.00E+00								
cast30	41	59.567	9.0718	33.0003	88.2484	9.47347	1.56E+00	30.5652	0.00E+00								
cast30	42	60.338	9.0609	32.9775	84.16341	9.47702	1.34E+00	30.5966	0.00E+00								
cast41	1	2.002	10.7288	30.5049	94.24079	9.19513	7.81E+02	29.4749	0.00E+00								
cast41	2	3.023	10.7054	32.4591	89.94192	9.20285	3.85E+02	29.4965	0.00E+00								
cast41	3	4.07	10.7309	32.5788	85.98582	9.20205	2.33E+02	29.5582	0.00E+00								
cast41	4	5.662	10.8433	32.8319	80.3939	9.1778	1.39E+02	29.5797	0.00E+00								
cast41	5	7.336	10.7901	33.1667	79.87352	9.17396	9.25E+01	29.6744	0.00E+00								
cast41	6	8.779	10.7142	33.2587	81.20718	9.19105	6.30E+01	29.6578	0.00E+00								
cast41	7	10.471	10.6709	33.141	89.47923	9.19218	4.28E+01	29.7267	0.00E+00								
cast41	8	11.892	10.4576	33.0561	94.82794	9.23238	3.22E+01	29.5425	0.00E+00								
cast41	9	13.076	10.3375	33.0815	89.34611	9.25894	2.14E+01	29.6293	0.00E+00								
cast41	10	14.675	10.2801	33.1041	88.25095	9.27218	1.38E+01	29.7689	0.00E+00								
cast41	11	16.337	10.2315	33.0744	93.30558	9.28326	9.69E+00	29.7047	0.00E+00								
cast41	12	17.645	10.2054	33.0978	93.33871	9.29203	7.01E+00	29.7003	0.00E+00								
cast41	13	18.986	10.1943	33.1899	92.49787	9.29459	5.13E+00	29.7103	0.00E+00								
cast41	14	20.488	10.0773	33.0468	91.72083	9.30391	3.89E+00	29.6983	0.00E+00								
cast41	15	21.876	9.9458	33.2039	89.1323	9.33096	3.04E+00	29.7564	0.00E+00								
cast41	16	23.279	9.9083	33.0613	86.8294	9.34379	2.47E+00	29.8395	0.00E+00								
cast41	17	25.122	9.8935	32.9943	90.98519	9.34572	2.14E+00	29.8764	0.00E+00								
cast41	18	26.567	9.8444	32.9148	92.22051	9.35419	1.96E+00	29.8312	0.00E+00								
cast41	19	27.834	9.815	32.7723	91.4837	9.36196	1.82E+00	29.8419	0.00E+00								
cast41	20	29.224	9.8009	32.789	91.52042	9.36662	1.74E+00	29.8571	0.00E+00								
cast41	21	30.759	9.7864	32.8251	91.19669	9.36835	1.68E+00	29.8557	0.00E+00								
cast41	22	32.121	9.7519	32.9388	89.52664	9.37398	1.63E+00	29.8486	0.00E+00								
cast41	23	33.483	9.7225	32.7518	88.88494	9.37999	1.61E+00	29.8665	0.00E+00								
cast41	24	35.085	9.6841	32.828	90.62667	9.38455	1.60E+00	29.9069	0.00E+00								
cast41	25	36.827	9.6224	32.7782	91.87021	9.39412	1.58E+00	29.9488	0.00E+00								
cast41	26	38.192	9.56	32.8457	91.33066	9.40064	1.58E+00	29.9707	0.00E+00								
cast41	27	39.465	9.4113	32.7913	90.05067	9.4135	1.57E+00	30.0911	0.00E+00								
cast41	28	40.842	9.3159	32.7945	89.39716	9.43438	1.57E+00	30.2421	0.00E+00								
cast41	29	42.423	9.2635	32.8485	89.65036	9.44655	1.56E+00	30.3446	0.00E+00								
cast41	30	43.864	9.2446	32.7766	89.32221	9.45102	1.56E+00	30.3639	0.00E+00								
cast41	31	45.31	9.2306	32.831	89.47051	9.45329	1.56E+00	30.3861	0.00E+00								
cast41	32	46.958	9.2111	32.5839	89.54597	9.45487	1.56E+00	30.4041	0.00E+00								
cast41	33	48.354	9.1116	32.6212	88.61483	9.45934	1.56E+00	30.4593	0.00E+00								
cast41	34	49.748	8.971	32.6134	89.24366	9.47916	1.56E+00	30.6703	0.00E+00								
cast41	35	51.309	8.899	32.628	89.7687	9.49333	1.56E+00	30.787	0.00E+00								
cast41	36	52.616	8.8204	32.675	88.5671	9.50212	1.56E+00	30.8686	0.00E+00								
cast41	37	54.092	8.7514	32.9038	88.69511	9.51243	1.55E+00	30.9994	0.00E+00								
cast41	38	55.779	8.7021	32.7859	89.52827	9.52051	1.55E+00	31.0725	0.00E+00								
cast41	39	57.171	8.6716	32.8179	89.76471	9.52549	1.55E+00	31.1077	0.00E+00								
cast41	40	58.578	8.633	32.925	89.83188	9.5292	1.56E+00	31.1559	0.00E+00								
cast41	41	59.928	8.6074	33.1314	88.88121	9.5346	1.55E+00	31.2009	0.00E+00								
cast41	42	61.326	8.6059	33.1191	88.24207	9.53581	1.55E+00	31.2194	0.00E+00								
cast41	43	62.858	8.6022	32.8965	88.2954	9.53584	1.55E+00	31.2223	0.00E+00								
cast41	44	63.981	8.5951	33.0539	86.40747	9.53735	1.56E+00	31.222	0.00E+00								
cast41	45	64.869	8.6619	33.0576	79.43594	9.52738	1.45E+00	31.3071	0.00E+00								
cast49	1	1.716	10.8024	32.4431	90.07625	9.27373	1.98E+02	28.0884	0.00E+00								
cast49	2	3.033	10.801	28.972	88.39425	9.27008	1.23E+02	28.0656	0.00E+00								
cast49	3	4.461	10.7639	28.7154	85.9365	9.27123	8.37E+01	28.0948	0.00E+00								
cast49	4	5.957	10.7381	29.9615	84.90489	9.27626	6.12E+01	28.1541	0.00E+00								
cast49	5	7.551	10.734	30.1546	88.4801	9.27722	4.71E+01	28.1704	0.00E+00								
cast49	6	9.119	10.7077	30.3971	91.85737	9.27692	3.58E+01	28.1973	0.00E+00								
cast49	7	10.491	10.6622	30.6035	92.63678	9.2795	2.74E+01	28.2643	0.00E+00								
cast49	8	11.851	10.6435	30.3658	92.77231	9.28532	2.07E+01	28.3059	0.00E+00								
cast49	9	13.283	10.5918	30.3557	92.73246	9.2854	1.55E+01	28.3604	0.00E+00								
cast49	10	14.823	10.551	31.9896	92.65635	9.2928	1.20E+01	28.4317	0.00E+00								
cast49	11	16.319	10.5168	32.4809	92.60675	9.29778	9.51E+00	28.4703	0.00E+00								
cast49	12	17.757	10.4635	33.1007	92.45521	9.30239	7.67E+00	28.5037	0.00E+00								
cast49	13	19.151	10.4206	33.0848	92.23719	9.31013	6.28E+00	28.548	0.00E+00								
cast49	14	20.564	10.4037	33.0401	92.0726	9.31672	5.15E+00	28.5836	0.00E+00								
cast49	15	21.977	10.3856	33.0333	91.92687	9.31888	4.27E+00	28.6062	0.00E+00								
cast49	16	23.401	10.3349	32.9873	91.9073	9.31356	3.58E+00	28.7576	0.00E+00								
cast49	17	24.873	10.2974	32.9815	91.92645	9.31581	3.01E+00	28.897	0.00E+00								
cast49	18	26.355	10.2798	32.9974	91.95163	9.32024	2.57E+00	28.9514	0.00E+00								
cast49	19	27.804	10.2736	33.0043	92.02207	9.32189	2.25E+00	28.9817	0.00E+00								
cast49	20	29.233	10.2729	33.1032	92.05809	9.32198	2.04E+00	29.0012	0.00E+00								
cast49	21	30.631	10.2734	33.1093	92.00698	9.32163	1.88E+00	29.0099	0.00E+00								
cast49	22	31.986	10.2745	32.8432	91.51251	9.32116	1.78E+00	29.0159	0.00E+00								
cast49	23	33.274	10.2769	32.8189	90.14211	9.32038	1.71E+00	29.0254	0.00E+00								
cast49	24	34.485	10.2792	32.8629	88.00026	9.31935	1.66E+00	29.0348	0.00E+00								
cast49	25	35.55	10.2775	32.8689	85.28766	9.31844	1.63E+00	29.0417	0.00E+00								
cast49	26	37.956	10.2795	32.8486	84.35074	9.31795	1.62E+00	29.0507	0.00E+00								
cast49	27	39.518	10.2766	32.8206	87.43431	9.31827	1.59E+00	29.0479	0.00E+00								
cast49	28	40.995	10.2686	32.8728	87.48587	9.31941	1.58E+00	29.0512	0.00E+00								
cast49	29	42.575	10.2668	32.8853	89.06134	9.31892	1.57E+00	29.0788	0.00E+00								
cast49	30	44.099	10.2387	32.9066	89.91953	9.31332	1.57E+00	29.1963	0.00E+00								
cast49	31	45.538	10.1633	33.0153	90.45553	9.31538	1.57E+00	29.3682	0.00E+00								
cast49	32	46.969	10.0547	33.1343	90.01206	9.32298	1.56E+00	29.5051	0.00E+00								
cast49	33	48.297	9.8834	33.2002	88.16643	9.33723	1.56E+00	29.6952	0.00E+00								
cast49	34	49.656	9.4981	33.1622	85.58459	9.37445	1.56E+00	30.0115	0.00E+00								
cast49	35	51.276	9.1968	33.2863	87.62856	9.43433	1.56E+00	30.47	0.00E+00								
cast49	36	52.933	9.0297	33.0868	90.69048	9.46169	1.56E+00	30.7126	0.00E+00								
cast49	37	54.22	8.9124	33.1226	91.68874	9.47635	1.56E+00	30.8604	0.00E+00								
cast49	38	55.321	8.8345	33.1351	91.33788	9.48875	1.56E+00	30.9926	0.00E+00								
cast49	39	56.324	8.7941	33.2182	89.73136	9.49827	1.56E+00	31.089	0.00E+00								
cast49	40	57.039	8.8875	33.4205	88.33659	9.49018	1.48E+00	31.1667	0.00E+00								
cast50	1	1.73	10.777	29.8003	86.68712	9.31463	1.87E+02	27.5972	0.00E+00								
cast50	2	3.193	10.7689	30.4658	86.90699	9.30667	1.17E+02	27.5246	0.00E+00								
cast50	3	4.716	10.7603	31.8119	86.99939	9.31128	8.56E+01	27.5356	0.00E+00								
cast50	4	6.063	10.7789	32.1707	85.77623	9.30695	6.07E+01	27.5693	0.00E+00								
cast50	5	7.374	10.7648	32.2982	85.28606	9.30386	4.34E+01	27.5815	0.00E+00								
cast50	6	8.835	10.7413	32.3617	87.0898	9.30574	3.05E+01	27.6189	0.00E+00								
cast50	7	10.406	10.7169	32.3952	89.82915	9.30822	2.14E+01	27.6537	0.00E+00								
cast50	8	11.909	10.6869	32.4059	91.26945	9.30888	1.51E+01	27.726	0.00E+00								
cast50	9	13.282	10.6605	32.4262	91.43545	9.31061	1.08E+01	27.7897	0.00E+00								
cast50	10	14.658	10.6252	32.6104	91.07674	9.31221	7.61E+00	27.8505	0.00E+00								
cast50	11	16.036	10.5324	32.5567	90.95945	9.31218	5.39E+00	27.9947	0.00E+00								
cast50	12	17.548	10.4442	32.5087	90.99848	9.32199	3.69E+00	28.2091	0.00E+00								
cast50	13	19.143	10.3543	32.6234	91.15893	9.32999	2.65E+00	28.3398	0.00E+00								
cast50	14	20.642	10.268	32.6733	91.22204	9.33719	2.09E+00	28.54	0.00E+00								
cast50	15	22.038	10.161	32.5247	91.37603	9.34353	1.79E+00	28.6789	0.00E+00								
cast50	16	23.511	10.0297	32.5368	91.6679	9.35121	1.66E+00	28.9777	0.00E+00								
cast50	17	24.986	9.9709	32.5605	91.89744	9.36634	1.60E+00	29.1105	0.00E+00								
cast50	18	26.465	9.9385	32.5334	91.9049	9.37392	1.57E+00	29.189	0.00E+00								
cast50	19	27.923	9.9192	32.7198	91.63232	9.3771	1.56E+00	29.2347	0.00E+00								
cast50	20	29.317	9.913	32.7044	91.44744	9.37991	1.56E+00	29.2484	0.00E+00								
cast50	21	30.694	9.903	32.603	91.26895	9.3804	1.56E+00	29.2619	0.00E+00								
cast50	22	32.056	9.8556	32.6001	91.07279	9.37997	1.56E+00	29.3028	0.00E+00								
cast50	23	33.429	9.75	32.6437	90.78479	9.37872	1.50E+00	29.4884	0.00E+00								
cast50	24	34.897	9.714	32.6545	90.4593	9.39593	1.56E+00	29.6109	0.00E+00								
cast50	25	36.464	9.6606	32.4942	90.63884	9.39877	1.57E+00	29.6671	0.00E+00								
cast50	26	38.1	9.585	32.6435	91.15922	9.40458	1.56E+00	29.8	0.00E+00								
cast50	27	39.579	9.4662	32.716	91.65009	9.40835	1.56E+00	29.9807	0.00E+00								
cast50	28	40.936	9.3976	32.6222	91.2906	9.42278	1.56E+00	30.1398	0.00E+00								
cast50	29	42.222	9.3648	32.6556	89.83538	9.43199	1.56E+00	30.1977	0.00E+00								
cast50	30	43.403	9.3232	32.605	87.47891	9.43308	1.56E+00	30.2812	0.00E+00								
cast50	31	44.588	9.3137	32.6632	84.93086	9.43898	1.52E+00	30.3211	0.00E+00								
cast50	32	46.717	9.3787	32.8477	80.0607	9.43085	1.58E+00	30.3322	0.00E+00								
cast50	33	48.372	9.4529	32.6966	82.89247	9.41853	1.56E+00	30.2577	0.00E+00								
cast50	34	49.761	9.4598	32.7916	85.68855	9.41075	1.56E+00	30.2429	0.00E+00								
cast50	35	50.547	9.3685	32.8292	88.24171	9.42732	1.57E+00	30.3065	0.00E+00								
cast61	1	1.571	9.924	32.3598	85.01425	9.35917	1.18E+03	29.5381	0.00E+00								
cast61	2	3.145	9.9189	29.4394	85.71889	9.36075	4.64E+02	29.568	0.00E+00								
cast61	3	4.704	9.9129	31.7687	87.88982	9.36199	2.58E+02	29.5512	0.00E+00								
cast61	4	6.028	9.9068	31.801	87.56125	9.36385	1.27E+02	29.5505	0.00E+00								
cast61	5	7.512	9.9085	31.9809	89.01985	9.36379	7.49E+01	29.5575	0.00E+00								
cast61	6	8.989	9.8878	32.0774	90.76639	9.36455	5.06E+01	29.5536	0.00E+00								
cast61	7	10.386	9.8672	32.096	91.26757	9.3689	2.72E+01	29.5612	0.00E+00								
cast61	8	11.724	9.8516	32.1706	90.78149	9.37171	1.42E+01	29.5726	0.00E+00								
cast61	9	13.083	9.84	32.1889	90.36898	9.3743	7.94E+00	29.5826	0.00E+00								
cast61	10	14.541	9.823	32.2633	90.37802	9.37661	5.16E+00	29.5903	0.00E+00								
cast61	11	16.101	9.8128	32.3193	90.50834	9.37935	3.62E+00	29.6031	0.00E+00								
cast61	12	17.565	9.804	32.392	90.24511	9.38065	2.66E+00	29.6079	0.00E+00								
cast61	13	19.017	9.7865	32.6655	90.30789	9.38221	2.07E+00	29.6177	0.00E+00								
cast61	14	20.547	9.7635	32.6268	91.00834	9.38529	1.80E+00	29.6398	0.00E+00								
cast61	15	22.151	9.7543	32.6007	91.71133	9.38844	1.70E+00	29.6573	0.00E+00								
cast61	16	23.632	9.739	32.4872	91.8517	9.38946	1.64E+00	29.6657	0.00E+00								
cast61	17	25.022	9.723	32.6396	91.63642	9.39156	1.60E+00	29.683	0.00E+00								
cast61	18	26.397	9.7138	32.8274	91.26349	9.39384	1.58E+00	29.697	0.00E+00								
cast61	19	27.81	9.7073	32.5908	90.83323	9.39507	1.54E+00	29.7065	0.00E+00								
cast61	20	29.195	9.7058	32.4206	90.76172	9.39593	1.51E+00	29.7108	0.00E+00								
cast61	21	30.624	9.706	32.5499	90.93269	9.39617	1.56E+00	29.7122	0.00E+00								
cast61	22	32.149	9.7062	32.5432	91.28973	9.39612	1.56E+00	29.7126	0.00E+00								
cast61	23	33.738	9.7066	32.7799	91.5512	9.39608	1.56E+00	29.7123	0.00E+00								
cast61	24	35.232	9.7053	32.6931	91.54514	9.39604	1.56E+00	29.7129	0.00E+00								
cast61	25	36.693	9.704	32.5224	91.5018	9.39626	1.56E+00	29.7129	0.00E+00								
cast61	26	38.16	9.695	32.5295	91.37183	9.39595	1.56E+00	29.7231	0.00E+00								
cast61	27	39.555	9.6795	32.5293	91.07955	9.39661	1.56E+00	29.7482	0.00E+00								
cast61	28	40.967	9.6549	32.6446	90.91226	9.39726	1.56E+00	29.7916	0.00E+00								
cast61	29	42.346	9.6296	32.6728	90.88574	9.39916	1.56E+00	29.8442	0.00E+00								
cast61	30	43.742	9.5851	32.8662	90.79134	9.40074	1.56E+00	29.9093	0.00E+00								
cast61	31	45.192	9.5324	32.7478	90.3722	9.4057	1.56E+00	30.0054	0.00E+00								
cast61	32	46.657	9.4931	32.5596	90.04046	9.41232	1.56E+00	30.0762	0.00E+00								
cast61	33	48.254	9.462	32.6763	90.44194	9.41736	1.56E+00	30.1353	0.00E+00								
cast61	34	49.947	9.4144	32.7271	91.27382	9.42045	1.56E+00	30.1909	0.00E+00								
cast61	35	51.508	9.3421	32.7806	91.73617	9.42437	1.56E+00	30.3173	0.00E+00								
cast61	36	52.838	9.3219	32.9243	91.62494	9.43175	1.56E+00	30.3797	0.00E+00								
cast61	37	54.187	9.3081	32.9821	91.44767	9.43376	1.56E+00	30.4162	0.00E+00								
cast61	38	55.531	9.2882	32.6562	91.39409	9.43385	1.56E+00	30.464	0.00E+00								
cast61	39	56.981	9.2726	32.8586	91.40558	9.43572	1.56E+00	30.5094	0.00E+00								
cast61	40	58.461	9.2617	33.16	91.09577	9.4372	1.56E+00	30.5315	0.00E+00								
cast61	41	59.869	9.2501	32.8824	90.13591	9.43828	1.56E+00	30.5561	0.00E+00								
cast61	42	61.233	9.2429	32.9123	89.27183	9.43953	1.56E+00	30.5718	0.00E+00								
cast61	43	62.821	9.2296	33.0471	89.84979	9.44004	1.56E+00	30.5996	0.00E+00								
cast61	44	64.623	9.22	32.9516	91.33559	9.44179	1.56E+00	30.6217	0.00E+00								
cast61	45	66.069	9.219	32.6452	91.68429	9.44269	1.56E+00	30.619	0.00E+00								
cast61	46	67.38	9.2172	32.5864	91.48427	9.44283	1.56E+00	30.6191	0.00E+00								
cast61	47	68.743	9.217	32.7872	91.34006	9.44311	1.56E+00	30.6216	0.00E+00								
cast61	48	70.054	9.2172	32.9338	90.80793	9.44311	1.56E+00	30.6194	0.00E+00								
cast61	49	71.229	9.2137	33.015	88.92086	9.44326	1.56E+00	30.6206	0.00E+00								
cast61	50	72.202	9.2115	33.1058	86.12827	9.44369	1.52E+00	30.6241	0.00E+00								
cast61	51	72.873	9.2334	31.5233	87.85394	9.44025	9.52E-01	30.6767	0.00E+00								
cast62	1	1.627	9.6522	31.6577	84.96777	9.39673	1.41E+02	29.9055	0.00E+00								
cast62	2	3.066	9.6514	31.7065	83.26248	9.39656	3.76E+01	29.8882	0.00E+00								
cast62	3	4.407	9.6486	32.4466	83.81383	9.39653	1.79E+01	29.9002	0.00E+00								
cast62	4	5.745	9.6451	32.5195	81.46907	9.39725	8.59E+00	29.8964	0.00E+00								
cast62	5	7.341	9.6397	32.5655	81.85133	9.39835	4.86E+00	29.9003	0.00E+00								
cast62	6	9.013	9.6357	32.6766	85.69568	9.39817	3.16E+00	29.913	0.00E+00								
cast62	7	10.456	9.6261	32.7627	89.50425	9.3976	2.35E+00	29.946	0.00E+00								
cast62	8	11.809	9.6155	32.9007	90.45447	9.39799	1.91E+00	29.9698	0.00E+00								
cast62	9	13.142	9.6048	32.9947	89.84925	9.3989	1.71E+00	29.9935	0.00E+00								
cast62	10	14.552	9.5959	33.1296	89.11499	9.39994	1.62E+00	30.0103	0.00E+00								
cast62	11	16.084	9.5804	33.4052	89.17899	9.40086	1.59E+00	30.0366	0.00E+00								
cast62	12	17.697	9.548	32.8321	90.3793	9.40237	1.58E+00	30.0866	0.00E+00								
cast62	13	19.299	9.505	32.8102	91.38195	9.40622	1.58E+00	30.1709	0.00E+00								
cast62	14	20.656	9.4864	32.7814	91.22256	9.40911	1.56E+00	30.2145	0.00E+00								
cast62	15	21.981	9.4777	32.8766	90.76828	9.41108	1.55E+00	30.2312	0.00E+00								
cast62	16	23.329	9.45	32.9882	90.49069	9.41109	1.54E+00	30.2699	0.00E+00								
cast62	17	24.87	9.4274	32.9328	90.35069	9.41474	1.55E+00	30.3203	0.00E+00								
cast62	18	26.381	9.4176	32.8934	90.48346	9.41689	1.56E+00	30.3437	0.00E+00								
cast62	19	27.887	9.4139	33.0744	90.91766	9.41784	1.56E+00	30.3481	0.00E+00								
cast62	20	29.409	9.3932	33.1781	91.23485	9.41782	1.56E+00	30.3792	0.00E+00								
cast62	21	30.881	9.3827	32.9547	91.29206	9.42031	1.53E+00	30.4014	0.00E+00								
cast62	22	32.279	9.3645	32.8989	91.28619	9.421	1.55E+00	30.4211	0.00E+00								
cast62	23	33.672	9.3333	32.8116	91.09375	9.42252	1.56E+00	30.48	0.00E+00								
cast62	24	35.062	9.3281	33.0138	90.8788	9.42671	1.54E+00	30.5016	0.00E+00								
cast62	25	36.508	9.2969	32.9965	90.817	9.42611	1.54E+00	30.5288	0.00E+00								
cast62	26	37.994	9.2545	32.9679	90.86473	9.43038	1.56E+00	30.6117	0.00E+00								
cast62	27	39.455	9.2402	33.145	90.89129	9.43489	1.56E+00	30.6477	0.00E+00								
cast62	28	40.926	9.2259	33.2249	90.80307	9.436	1.55E+00	30.6709	0.00E+00								
cast62	29	42.39	9.2144	33.2465	90.64196	9.43772	1.55E+00	30.6899	0.00E+00								
cast62	30	43.888	9.2021	33.1608	90.73327	9.4392	1.56E+00	30.7158	0.00E+00								
cast62	31	45.41	9.2027	33.2038	90.99914	9.44021	1.55E+00	30.7179	0.00E+00								
cast62	32	46.897	9.201	33.1155	91.30929	9.44017	1.55E+00	30.7181	0.00E+00								
cast62	33	48.296	9.1931	33.1686	91.051	9.44043	1.55E+00	30.726	0.00E+00								
cast62	34	49.606	9.1801	33.3599	90.03899	9.44111	1.55E+00	30.7454	0.00E+00								
cast62	35	50.9	9.1726	33.3368	88.8704	9.44287	1.55E+00	30.7633	0.00E+00								
cast62	36	52.215	9.1717	33.2855	87.96831	9.44343	1.56E+00	30.7713	0.00E+00								
cast62	37	53.238	9.1941	32.9816	84.15717	9.4411	1.52E+00	30.7575	0.00E+00								
cast72	1	1.74	10.0901	33.8366	88.40393	9.35104	1.02E+02	29.2534	0.00E+00								
cast72	2	3.179	10.1006	29.9589	85.04737	9.34264	4.85E+01	29.2542	0.00E+00								
cast72	3	4.662	10.1006	31.5102	84.52287	9.34232	2.91E+01	29.2518	0.00E+00								
cast72	4	6.002	10.0996	32.1915	84.21214	9.34255	1.67E+01	29.2508	0.00E+00								
cast72	5	7.302	10.0952	32.189	82.46831	9.3426	9.86E+00	29.2555	0.00E+00								
cast72	6	8.633	10.0912	32.1038	80.2353	9.3434	6.21E+00	29.2592	0.00E+00								
cast72	7	10.043	10.0884	32.0913	78.91321	9.34471	4.33E+00	29.2485	0.00E+00								
cast72	8	11.621	10.0773	32.1282	80.65883	9.34581	3.43E+00	29.2535	0.00E+00								
cast72	9	13.282	10.0267	32.1586	86.8026	9.34666	2.76E+00	29.328	0.00E+00								
cast72	10	14.861	9.9292	32.1952	91.81577	9.34929	2.25E+00	29.5105	0.00E+00								
cast72	11	16.355	9.8078	32.1992	92.71158	9.35542	1.97E+00	29.7957	0.00E+00								
cast72	12	17.648	9.7716	32.2161	91.49678	9.36597	1.84E+00	29.8936	0.00E+00								
cast72	13	18.918	9.752	32.2713	90.29876	9.36917	1.75E+00	29.952	0.00E+00								
cast72	14	20.333	9.7353	32.4113	89.88066	9.37047	1.69E+00	29.9993	0.00E+00								
cast72	15	21.948	9.7221	32.6566	90.43751	9.37183	1.64E+00	30.0382	0.00E+00								
cast72	16	23.562	9.7141	32.4002	91.27241	9.37268	1.61E+00	30.0589	0.00E+00								
cast72	17	25.097	9.705	32.8181	91.63439	9.37292	1.59E+00	30.0783	0.00E+00								
cast72	18	26.475	9.6892	32.6937	91.13242	9.37284	1.58E+00	30.1146	0.00E+00								
cast72	19	27.813	9.6812	32.5355	90.28364	9.37431	1.57E+00	30.1388	0.00E+00								
cast72	20	29.162	9.6738	32.5021	89.79573	9.37484	1.57E+00	30.155	0.00E+00								
cast72	21	30.598	9.6522	32.5126	89.7139	9.37441	1.57E+00	30.1967	0.00E+00								
cast72	22	32.144	9.6073	32.7893	89.81833	9.37628	1.56E+00	30.2766	0.00E+00								
cast72	23	33.656	9.5723	33.0521	90.18796	9.3818	1.56E+00	30.3389	0.00E+00								
cast72	24	35.18	9.5499	33.0239	90.988	9.38563	1.56E+00	30.3789	0.00E+00								
cast72	25	36.681	9.5326	33.0544	91.30881	9.38796	1.56E+00	30.4075	0.00E+00								
cast72	26	38.082	9.5212	33.2462	90.37472	9.38976	1.56E+00	30.4282	0.00E+00								
cast72	27	39.396	9.5122	32.7855	88.80897	9.39089	1.56E+00	30.4416	0.00E+00								
cast72	28	40.748	9.5025	32.6861	88.1822	9.39188	1.56E+00	30.4607	0.00E+00								
cast72	29	42.437	9.4939	32.8053	89.38491	9.39287	1.56E+00	30.4808	0.00E+00								
cast72	30	43.959	9.4838	32.938	89.70014	9.394	1.56E+00	30.4901	0.00E+00								
cast72	31	45.328	9.4717	32.8913	88.83758	9.39522	1.56E+00	30.5083	0.00E+00								
cast72	32	46.769	9.4628	32.8617	87.46033	9.39664	1.56E+00	30.5214	0.00E+00								
cast72	33	48.269	9.4486	33.1589	88.16008	9.39788	1.56E+00	30.5424	0.00E+00								
cast72	34	49.848	9.4318	33.1897	89.49223	9.39986	1.56E+00	30.565	0.00E+00								
cast72	35	51.286	9.4231	33.2387	89.90856	9.4018	1.56E+00	30.5798	0.00E+00								
cast72	36	52.72	9.4185	33.3331	90.06653	9.40251	1.56E+00	30.5862	0.00E+00								
cast72	37	54.12	9.4154	33.3753	89.76188	9.40312	1.56E+00	30.591	0.00E+00								
cast72	38	55.441	9.4143	33.1688	88.40426	9.40348	1.56E+00	30.5923	0.00E+00								
cast72	39	56.691	9.4143	33.7487	87.35604	9.4035	1.56E+00	30.5937	0.00E+00								
cast72	40	57.783	9.4151	33.3154	87.00413	9.40332	1.56E+00	30.5954	0.00E+00								
cast72	41	57.899	9.4338	33.1954	89.18478	9.40236	1.12E+00	30.608	0.00E+00								
cast83	1	1.905	10.4029	34.5417	90.49862	9.20725	1.55E+02	29.4102	0.00E+00								
cast83	2	3.118	10.2542	29.445	87.38278	9.26294	6.53E+01	29.7253	0.00E+00								
cast83	3	4.453	10.2145	30.8415	84.31317	9.27853	3.33E+01	29.8677	0.00E+00								
cast83	4	5.849	10.2138	31.2189	81.10869	9.27583	1.99E+01	29.9845	0.00E+00								
cast83	5	7.303	10.2057	31.397	80.46987	9.2698	1.28E+01	30.0874	0.00E+00								
cast83	6	8.798	10.1743	31.5973	85.28132	9.27702	8.39E+00	30.0228	0.00E+00								
cast83	7	10.294	10.1341	31.9719	89.63967	9.28475	5.64E+00	30.013	0.00E+00								
cast83	8	11.691	10.071	31.9241	88.17562	9.29698	4.03E+00	29.9589	0.00E+00								
cast83	9	13.053	10.0234	31.8804	87.04765	9.30644	3.03E+00	30.0247	0.00E+00								
cast83	10	14.753	10.0381	31.6366	89.59094	9.30129	2.36E+00	30.1801	0.00E+00								
cast83	11	16.259	9.9793	32.0799	91.9516	9.31243	2.01E+00	30.0358	0.00E+00								
cast83	12	17.699	9.9471	31.932	92.70472	9.32063	1.80E+00	30.0705	0.00E+00								
cast83	13	19.137	9.9221	31.8807	92.79667	9.32479	1.68E+00	30.1015	0.00E+00								
cast83	14	20.556	9.9099	31.9293	92.73576	9.328	1.62E+00	30.121	0.00E+00								
cast83	15	22.036	9.909	31.9882	92.65539	9.32967	1.59E+00	30.1216	0.00E+00								
cast83	16	23.491	9.9063	32.0154	92.2852	9.32984	1.57E+00	30.1191	0.00E+00								
cast83	17	24.935	9.9037	32.1751	91.98132	9.33044	1.56E+00	30.1208	0.00E+00								
cast83	18	26.382	9.9033	32.1679	91.81564	9.33113	1.56E+00	30.1167	0.00E+00								
cast83	19	27.829	9.9034	31.9362	91.78679	9.33118	1.56E+00	30.1161	0.00E+00								
cast83	20	29.289	9.9043	31.9432	91.64262	9.33126	1.56E+00	30.1145	0.00E+00								
cast83	21	30.766	9.9053	31.9143	91.46565	9.33128	1.56E+00	30.1097	0.00E+00								
cast83	22	32.189	9.9049	32.2128	91.2612	9.33114	1.56E+00	30.1104	0.00E+00								
cast83	23	33.652	9.8998	32.1328	91.26593	9.33094	1.56E+00	30.1175	0.00E+00								
cast83	24	35.1	9.8973	31.9799	91.29214	9.33178	1.56E+00	30.1224	0.00E+00								
cast83	25	36.577	9.898	32.0153	91.41293	9.33195	1.56E+00	30.1235	0.00E+00								
cast83	26	38.069	9.8944	32.0496	91.5777	9.332	1.56E+00	30.1225	0.00E+00								
cast83	27	39.562	9.8899	32.0956	91.77648	9.33281	1.56E+00	30.1229	0.00E+00								
cast83	28	41.017	9.8906	31.9917	91.87781	9.3334	1.56E+00	30.1255	0.00E+00								
cast83	29	42.427	9.8922	31.939	91.81507	9.33334	1.55E+00	30.1218	0.00E+00								
cast83	30	43.855	9.8904	32.0701	91.63347	9.33346	1.56E+00	30.1168	0.00E+00								
cast83	31	45.343	9.8888	32.1353	91.48038	9.3339	1.56E+00	30.1175	0.00E+00								
cast83	32	46.817	9.889	32.1689	91.36677	9.3339	1.56E+00	30.1203	0.00E+00								
cast83	33	48.288	9.8877	32.1288	91.36024	9.33409	1.56E+00	30.1174	0.00E+00								
cast83	34	49.778	9.8857	32.0959	91.30383	9.33458	1.56E+00	30.1143	0.00E+00								
cast83	35	51.254	9.8841	32.2363	91.28175	9.33509	1.55E+00	30.1131	0.00E+00								
cast83	36	52.75	9.8852	32.1326	91.24177	9.33494	1.56E+00	30.1181	0.00E+00								
cast83	37	54.205	9.8859	32.1083	91.14382	9.33463	1.56E+00	30.12	0.00E+00								
cast83	38	55.645	9.8854	32.0679	91.03533	9.33467	1.56E+00	30.1174	0.00E+00								
cast83	39	57.095	9.8844	32.3432	91.05093	9.33503	1.56E+00	30.1143	0.00E+00								
cast83	40	58.56	9.8842	32.5241	91.10586	9.33512	1.56E+00	30.116	0.00E+00								
cast83	41	60.001	9.8839	32.4363	91.0566	9.3352	1.56E+00	30.1148	0.00E+00								
cast83	42	61.413	9.8836	32.3824	90.86984	9.33529	1.56E+00	30.1141	0.00E+00								
cast83	43	62.849	9.8834	32.0669	90.6987	9.33535	1.55E+00	30.1141	0.00E+00								
cast83	44	64.325	9.8838	32.1854	90.56162	9.33539	1.55E+00	30.1139	0.00E+00								
cast83	45	65.826	9.8841	32.2424	90.81927	9.33543	1.55E+00	30.1111	0.00E+00								
cast83	46	67.234	9.8836	32.2485	90.83496	9.33567	1.55E+00	30.1072	0.00E+00								
cast83	47	68.485	9.8832	32.2052	89.71371	9.33587	1.55E+00	30.1058	0.00E+00								
cast83	48	69.587	9.8834	32.3096	87.39675	9.336	1.55E+00	30.1047	0.00E+00								
cast83	49	70.212	9.9072	32.2066	86.34869	9.33189	1.53E+00	30.1127	0.00E+00								
cast84	1	1.84	10.0498	33.8974	88.24247	9.27566	6.35E+01	29.7759	0.00E+00								
cast84	2	3.042	9.9889	30.8055	86.52139	9.31683	2.74E+01	30.0212	0.00E+00								
cast84	3	4.486	9.9921	30.5039	85.43698	9.31662	2.17E+01	30.0567	0.00E+00								
cast84	4	5.914	9.9906	30.7336	83.39776	9.31572	1.62E+01	30.0718	0.00E+00								
cast84	5	7.315	9.9924	30.8743	81.95054	9.31283	1.14E+01	30.1255	0.00E+00								
cast84	6	8.808	10.0209	30.9634	84.16777	9.3079	7.75E+00	30.1699	0.00E+00								
cast84	7	10.347	9.9988	30.9412	88.06027	9.31038	5.31E+00	30.0596	0.00E+00								
cast84	8	11.773	9.9664	31.071	89.50034	9.31841	3.79E+00	30.0429	0.00E+00								
cast84	9	13.148	9.9494	31.1566	89.65445	9.32289	2.88E+00	30.0575	0.00E+00								
cast84	10	14.618	9.9438	31.2068	90.08331	9.32518	2.31E+00	30.0684	0.00E+00								
cast84	11	16.125	9.9398	31.092	90.71606	9.32602	1.98E+00	30.0671	0.00E+00								
cast84	12	17.635	9.9352	31.22	90.94001	9.32686	1.80E+00	30.0694	0.00E+00								
cast84	13	19.054	9.9326	31.3169	90.73382	9.32802	1.69E+00	30.0631	0.00E+00								
cast84	14	20.494	9.9334	31.3185	90.79856	9.32847	1.63E+00	30.0623	0.00E+00								
cast84	15	22.039	9.9359	31.3089	91.28539	9.32824	1.59E+00	30.0593	0.00E+00								
cast84	16	23.594	9.9352	31.3057	91.60529	9.32811	1.58E+00	30.0532	0.00E+00								
cast84	17	24.996	9.9195	31.3046	91.45713	9.32794	1.57E+00	30.0706	0.00E+00								
cast84	18	26.388	9.902	31.3085	91.19091	9.32889	1.56E+00	30.1117	0.00E+00								
cast84	19	27.804	9.895	31.3203	91.05577	9.33107	1.56E+00	30.1339	0.00E+00								
cast84	20	29.281	9.8956	31.3512	91.25852	9.33192	1.56E+00	30.1327	0.00E+00								
cast84	21	30.772	9.8969	31.4436	91.35173	9.33183	1.56E+00	30.1304	0.00E+00								
cast84	22	32.233	9.8976	31.5918	91.24343	9.33183	1.56E+00	30.1262	0.00E+00								
cast84	23	33.668	9.8993	31.583	91.06591	9.33193	1.56E+00	30.1221	0.00E+00								
cast84	24	35.139	9.8987	31.5878	90.95317	9.33155	1.56E+00	30.1221	0.00E+00								
cast84	25	36.604	9.8969	32.0059	91.01035	9.3316	1.56E+00	30.1262	0.00E+00								
cast84	26	38.073	9.895	32.0745	91.09035	9.33174	1.56E+00	30.1301	0.00E+00								
cast84	27	39.528	9.8891	32.0997	90.9441	9.33151	1.56E+00	30.143	0.00E+00								
cast84	28	40.991	9.8887	32.0361	90.81743	9.33214	1.56E+00	30.1534	0.00E+00								
cast84	29	42.453	9.8922	31.9251	90.93002	9.33268	1.56E+00	30.138	0.00E+00								
cast84	30	43.917	9.89	32.1673	90.97925	9.33192	1.56E+00	30.141	0.00E+00								
cast84	31	45.378	9.8826	32.1238	90.85086	9.33153	1.56E+00	30.161	0.00E+00								
cast84	32	46.827	9.8797	32.0166	90.74871	9.33234	1.56E+00	30.1728	0.00E+00								
cast84	33	48.271	9.8805	31.9572	90.84602	9.33266	1.56E+00	30.172	0.00E+00								
cast84	34	49.755	9.8823	31.9405	91.04742	9.33271	1.56E+00	30.168	0.00E+00								
cast84	35	51.277	9.8834	32.1117	91.12933	9.33257	1.56E+00	30.1633	0.00E+00								
cast84	36	52.77	9.8813	32.2983	90.95486	9.33226	1.56E+00	30.1689	0.00E+00								
cast84	37	54.196	9.8734	32.395	90.7605	9.33224	1.56E+00	30.1738	0.00E+00								
cast84	38	55.62	9.8554	32.2518	90.68762	9.33131	1.56E+00	30.2302	0.00E+00								
cast84	39	57.073	9.847	32.2422	90.7284	9.33315	1.56E+00	30.2581	0.00E+00								
cast84	40	58.521	9.8439	32.2039	90.9766	9.33387	1.56E+00	30.2673	0.00E+00								
cast84	41	60.01	9.8425	32.2536	91.29833	9.33416	1.56E+00	30.2718	0.00E+00								
cast84	42	61.495	9.8358	32.3065	91.29446	9.33382	1.56E+00	30.2848	0.00E+00								
cast84	43	62.934	9.8302	32.2346	90.67431	9.33433	1.56E+00	30.3007	0.00E+00								
cast84	44	64.322	9.8231	32.2917	90.0626	9.33463	1.56E+00	30.312	0.00E+00								
cast84	45	65.732	9.8044	32.3516	89.99039	9.3343	1.56E+00	30.3489	0.00E+00								
cast84	46	67.237	9.7815	32.4202	90.60224	9.33568	1.56E+00	30.4116	0.00E+00								
cast84	47	68.8	9.7714	32.4276	91.30949	9.33789	1.56E+00	30.4398	0.00E+00								
cast84	48	70.164	9.7675	32.4256	90.78561	9.33874	1.56E+00	30.4467	0.00E+00								
cast84	49	71.35	9.7621	32.4316	88.84748	9.33882	1.56E+00	30.4563	0.00E+00								
cast84	50	72.346	9.7598	32.444	85.70527	9.33948	1.53E+00	30.4641	0.00E+00								
cast84	51	73.525	9.7707	32.4385	80.10714	9.33916	1.76E+00	30.4805	0.00E+00								
cast95	1	1.735	10.6593	33.283	86.41371	9.22231	1.17E+02	29.2901	0.00E+00								
cast95	2	3.084	10.6534	26.9546	83.75378	9.22659	3.89E+01	29.3143	0.00E+00								
cast95	3	4.69	10.6541	30.5385	84.30318	9.22573	2.10E+01	29.3268	0.00E+00								
cast95	4	6.025	10.6451	31.9573	83.80414	9.22691	1.45E+01	29.3135	0.00E+00								
cast95	5	7.373	10.6332	32.1005	84.38531	9.22811	1.00E+01	29.331	0.00E+00								
cast95	6	8.812	10.6093	32.0056	86.97193	9.22944	7.18E+00	29.3531	0.00E+00								
cast95	7	10.295	10.5525	31.926	89.37694	9.23286	5.38E+00	29.4139	0.00E+00								
cast95	8	11.765	10.495	31.9657	90.15858	9.24024	4.06E+00	29.4965	0.00E+00								
cast95	9	13.213	10.454	32.1608	90.16982	9.2479	3.11E+00	29.546	0.00E+00								
cast95	10	14.594	10.4322	31.9762	90.08454	9.25245	2.56E+00	29.581	0.00E+00								
cast95	11	16.072	10.4212	31.9197	90.28882	9.25473	2.21E+00	29.6086	0.00E+00								
cast95	12	17.63	10.417	31.9208	90.45399	9.25574	1.99E+00	29.62	0.00E+00								
cast95	13	19.066	10.4156	31.9254	90.31218	9.25621	1.84E+00	29.6212	0.00E+00								
cast95	14	20.463	10.4102	31.8405	90.18127	9.25412	1.75E+00	29.6615	0.00E+00								
cast95	15	21.956	10.3973	31.8088	90.25846	9.25354	1.69E+00	29.7006	0.00E+00								
cast95	16	23.495	10.3717	31.8221	90.40587	9.25457	1.65E+00	29.736	0.00E+00								
cast95	17	24.977	10.3335	31.844	90.48077	9.25665	1.62E+00	29.8001	0.00E+00								
cast95	18	26.345	10.3105	31.8618	90.2936	9.26095	1.60E+00	29.8448	0.00E+00								
cast95	19	27.794	10.2987	31.7633	90.36387	9.26351	1.59E+00	29.8738	0.00E+00								
cast95	20	29.317	10.2919	31.8279	90.63897	9.26469	1.58E+00	29.8874	0.00E+00								
cast95	21	30.838	10.2868	31.8663	90.94469	9.2654	1.57E+00	29.8967	0.00E+00								
cast95	22	32.28	10.2829	31.882	91.04101	9.26602	1.57E+00	29.9019	0.00E+00								
cast95	23	33.714	10.2743	32.0708	90.92821	9.26628	1.56E+00	29.9132	0.00E+00								
cast95	24	35.139	10.2674	32.1589	90.77085	9.26731	1.56E+00	29.9263	0.00E+00								
cast95	25	36.575	10.2596	31.971	90.66879	9.26791	1.56E+00	29.9379	0.00E+00								
cast95	26	38.042	10.2519	31.9942	90.59883	9.26873	1.56E+00	29.9525	0.00E+00								
cast95	27	39.506	10.2442	31.9653	90.50267	9.26949	1.56E+00	29.965	0.00E+00								
cast95	28	40.999	10.2347	32.0612	90.73854	9.27025	1.56E+00	29.9794	0.00E+00								
cast95	29	42.507	10.2211	32.1221	90.90423	9.27086	1.56E+00	30.0061	0.00E+00								
cast95	30	43.996	10.2142	32.0346	91.14844	9.27245	1.56E+00	30.0218	0.00E+00								
cast95	31	45.439	10.2106	32.0256	91.19539	9.27304	1.56E+00	30.0315	0.00E+00								
cast95	32	46.892	10.2103	32.0069	91.11632	9.27352	1.56E+00	30.0337	0.00E+00								
cast95	33	48.341	10.2121	32.0028	90.9884	9.27363	1.56E+00	30.0298	0.00E+00								
cast95	34	49.8	10.2123	32.0288	90.98518	9.27343	1.56E+00	30.0278	0.00E+00								
cast95	35	51.273	10.209	32.1041	91.012	9.27323	1.56E+00	30.0336	0.00E+00								
cast95	36	52.728	10.2066	31.8662	91.02637	9.27355	1.56E+00	30.0391	0.00E+00								
cast95	37	54.218	10.2048	31.8376	91.02698	9.27375	1.56E+00	30.0437	0.00E+00								
cast95	38	55.685	10.2032	31.931	91.10369	9.27388	1.56E+00	30.0473	0.00E+00								
cast95	39	57.122	10.2019	31.9495	91.01649	9.27405	1.56E+00	30.049	0.00E+00								
cast95	40	58.546	10.2013	31.9148	90.88825	9.27424	1.56E+00	30.0501	0.00E+00								
cast95	41	59.996	10.1984	31.9778	90.88675	9.27414	1.56E+00	30.0536	0.00E+00								
cast95	42	61.476	10.1947	32.0205	90.95306	9.2744	1.56E+00	30.0613	0.00E+00								
cast95	43	62.965	10.1935	31.9303	90.99069	9.27484	1.56E+00	30.0656	0.00E+00								
cast95	44	64.436	10.1927	31.896	90.99386	9.27495	1.56E+00	30.0669	0.00E+00								
cast95	45	65.889	10.1916	31.9495	90.97811	9.27505	1.56E+00	30.0683	0.00E+00								
cast95	46	67.334	10.1898	31.8547	90.97881	9.27516	1.56E+00	30.0703	0.00E+00								
cast95	47	68.769	10.187	31.7396	90.98438	9.27527	1.56E+00	30.075	0.00E+00								
cast95	48	70.224	10.1854	31.69	91.04465	9.27567	1.56E+00	30.0779	0.00E+00								
cast95	49	71.678	10.1852	31.6349	91.1103	9.27586	1.56E+00	30.0798	0.00E+00								
cast95	50	73.078	10.1834	31.6626	90.92154	9.27587	1.56E+00	30.0804	0.00E+00								
cast95	51	74.39	10.1807	31.6778	90.09519	9.276	1.56E+00	30.0844	0.00E+00								
cast95	52	75.599	10.1791	31.5532	88.15572	9.27639	1.56E+00	30.0872	0.00E+00								
cast95	53	76.649	10.1783	31.5966	85.33485	9.27658	1.56E+00	30.089	0.00E+00								
cast95	54	77.712	10.1817	31.6556	80.79017	9.27643	1.34E+00	30.0956	0.00E+00								
cast105	1	1.771	10.9158	31.3001	94.29802	9.20169	1.58E+02	29.495	0.00E+00								
cast105	2	2.884	10.972	27.2258	86.76391	9.16771	6.18E+01	29.3021	0.00E+00								
cast105	3	4.25	10.9839	22.7677	83.11421	9.16222	2.73E+01	29.3053	0.00E+00								
cast105	4	6.009	10.986	24.8031	84.76917	9.16182	1.40E+01	29.2907	0.00E+00								
cast105	5	7.608	10.9875	26.0113	86.79584	9.16041	8.93E+00	29.3135	0.00E+00								
cast105	6	8.851	10.9886	26.2911	85.27577	9.16014	5.71E+00	29.3117	0.00E+00								
cast105	7	10.105	10.9869	26.6154	83.56883	9.16008	3.61E+00	29.3106	0.00E+00								
cast105	8	11.599	10.9673	26.9285	82.94307	9.16324	2.47E+00	29.2857	0.00E+00								
cast105	9	13.502	10.9421	27.1554	89.19662	9.16792	2.07E+00	29.314	0.00E+00								
cast105	10	15.007	10.9167	27.4336	91.78449	9.16775	1.92E+00	29.3567	0.00E+00								
cast105	11	16.253	10.887	27.5761	90.55155	9.17068	1.79E+00	29.3893	0.00E+00								
cast105	12	17.427	10.8668	27.6998	88.34057	9.17447	1.73E+00	29.4187	0.00E+00								
cast105	13	18.761	10.8477	27.8328	87.49005	9.17703	1.67E+00	29.4513	0.00E+00								
cast105	14	20.531	10.8324	27.9781	90.15135	9.17997	1.66E+00	29.4782	0.00E+00								
cast105	15	22.3	10.8215	28.1439	92.6068	9.18075	1.66E+00	29.5057	0.00E+00								
cast105	16	23.603	10.8163	28.8244	92.20226	9.18119	1.66E+00	29.522	0.00E+00								
cast105	17	24.769	10.8105	29.4865	-9.99E-29	9.18144	1.65E+00	29.5313	0.00E+00								
cast105	18	25.853	10.8051	29.6967	-9.99E-29	9.18202	1.65E+00	29.5419	0.00E+00								
cast105	19	26.982	10.8015	30.2687	-9.99E-29	9.18274	1.64E+00	29.5485	0.00E+00								
cast105	20	28.085	10.797	30.5065	-9.99E-29	9.18351	1.65E+00	29.5531	0.00E+00								
