Cruise	Station	Type	mon/day/yr	hh:mm	Lon (E)	Lat (N)	Bot. Depth [m]	Press	Depth [m]	Sigma	Salinity [psu]	oxper [%]	oxconc	Temperature [C]	fluor [v]	tran [v]	PAR
3	55	c	6/14/2004	23:46	-151.65	59.49167	20	1	0.991	24.395	31.2832	95.09414	9.25608	7.7228	0.8563	4.0809	2.89E-01
3	55	c	6/14/2004	23:46	-151.65	59.49167	20	2	1.981	24.4043	31.2909	95.23857	9.27453	7.7001	0.9743	4.0592	2.14E-01
3	55	c	6/14/2004	23:46	-151.65	59.49167	20	3	2.972	24.4118	31.298	95.22238	9.27569	7.6854	1.0131	4.0211	1.81E-01
3	55	c	6/14/2004	23:46	-151.65	59.49167	20	4	3.963	24.4172	31.3018	94.77528	9.23558	7.6681	1.0107	4.0223	1.57E-01
3	55	c	6/14/2004	23:46	-151.65	59.49167	20	5	4.953	24.4423	31.3214	93.74753	9.14925	7.5973	0.9457	4.0452	1.35E-01
3	55	c	6/14/2004	23:46	-151.65	59.49167	20	6	5.944	24.4628	31.3386	92.86488	9.07265	7.5471	0.9703	4.0579	1.16E-01
3	55	c	6/14/2004	23:46	-151.65	59.49167	20	7	6.935	24.463	31.3386	92.49979	9.03739	7.5451	0.9132	4.0625	1.01E-01
3	55	c	6/14/2004	23:46	-151.65	59.49167	20	8	7.925	24.4681	31.3427	92.15643	9.0065	7.5313	0.8672	4.0678	8.80E-02
3	55	c	6/14/2004	23:46	-151.65	59.49167	20	9	8.916	24.4733	31.3465	91.79501	8.97415	7.5159	0.8845	4.0787	7.72E-02
3	55	c	6/14/2004	23:46	-151.65	59.49167	20	10	9.906	24.4758	31.3486	91.43225	8.93985	7.5097	0.8553	4.0798	6.81E-02
3	55	c	6/14/2004	23:46	-151.65	59.49167	20	11	10.897	24.4831	31.3543	90.83311	8.88515	7.4892	0.8501	4.0906	6.13E-02
3	55	c	6/14/2004	23:46	-151.65	59.49167	20	12	11.887	24.4861	31.3568	90.50971	8.85492	7.4817	0.855	4.0932	5.62E-02
3	55	c	6/14/2004	23:46	-151.65	59.49167	20	13	12.878	24.4923	31.3616	90.08358	8.81658	7.464	0.8511	4.1018	5.24E-02
3	55	c	6/14/2004	23:46	-151.65	59.49167	20	14	13.869	24.493	31.3622	89.82536	8.7917	7.4619	0.833	4.102	4.93E-02
3	55	c	6/14/2004	23:46	-151.65	59.49167	20	15	14.859	24.4943	31.3633	89.69218	8.77925	7.4587	0.817	4.1038	4.71E-02
3	55	c	6/14/2004	23:46	-151.65	59.49167	20	16	15.85	24.4984	31.3664	89.60411	8.77291	7.4467	0.8543	4.114	4.50E-02
3	56	c	6/14/2004	23:59	-151.65	59.50833	103	1	0.991	24.3595	31.3524	101.0929	9.69394	8.3541	1.5173	3.6807	1.29E-01
3	56	c	6/14/2004	23:59	-151.65	59.50833	103	2	1.981	24.3896	31.327	98.1026	9.48377	8.005	1.3283	3.8034	1.02E-01
3	56	c	6/14/2004	23:59	-151.65	59.50833	103	3	2.972	24.4318	31.334	95.58833	9.29617	7.7447	1.2732	3.9162	8.54E-02
3	56	c	6/14/2004	23:59	-151.65	59.50833	103	4	3.963	24.4503	31.3461	94.20887	9.17519	7.6804	1.3027	3.9478	7.19E-02
3	56	c	6/14/2004	23:59	-151.65	59.50833	103	5	4.953	24.4567	31.3508	93.83182	9.14213	7.6616	1.2977	3.9233	6.55E-02
3	56	c	6/14/2004	23:59	-151.65	59.50833	103	6	5.944	24.4634	31.3588	93.54219	9.11422	7.6579	1.2156	3.9325	5.92E-02
3	56	c	6/14/2004	23:59	-151.65	59.50833	103	7	6.934	24.4767	31.3781	93.56194	9.11219	7.6713	1.2503	3.9335	5.43E-02
3	56	c	6/14/2004	23:59	-151.65	59.50833	103	8	7.925	24.4936	31.3896	92.77613	9.04683	7.6146	1.1964	3.9492	5.02E-02
3	56	c	6/14/2004	23:59	-151.65	59.50833	103	9	8.916	24.5134	31.3963	92.02489	8.99526	7.5086	1.1137	3.975	4.72E-02
3	56	c	6/14/2004	23:59	-151.65	59.50833	103	10	9.906	24.5206	31.4015	91.03056	8.90246	7.4858	1.0349	4.0007	4.49E-02
3	56	c	6/14/2004	23:59	-151.65	59.50833	103	11	10.897	24.5418	31.4029	89.51634	8.78452	7.3372	0.782	4.0398	4.32E-02
3	56	c	6/14/2004	23:59	-151.65	59.50833	103	12	11.888	24.5537	31.4104	88.50136	8.69355	7.2925	0.7637	4.0949	4.19E-02
3	56	c	6/14/2004	23:59	-151.65	59.50833	103	13	12.878	24.5576	31.4077	87.54023	8.60821	7.248	0.6931	4.1095	4.09E-02
3	56	c	6/14/2004	23:59	-151.65	59.50833	103	14	13.869	24.5721	31.411	86.72464	8.5457	7.1582	0.6074	4.1349	4.02E-02
3	56	c	6/14/2004	23:59	-151.65	59.50833	103	15	14.859	24.5815	31.4168	86.1312	8.49411	7.1218	0.5498	4.1555	3.95E-02
3	56	c	6/14/2004	23:59	-151.65	59.50833	103	16	15.85	24.5837	31.4144	85.62871	8.45078	7.0909	0.5598	4.15	3.90E-02
3	56	c	6/14/2004	23:59	-151.65	59.50833	103	17	16.84	24.5931	31.4155	85.40404	8.44141	7.0257	0.5079	4.135	3.86E-02
3	56	c	6/14/2004	23:59	-151.65	59.50833	103	18	17.831	24.5947	31.4166	85.14344	8.41676	7.0197	0.4618	4.1341	3.82E-02
3	56	c	6/14/2004	23:59	-151.65	59.50833	103	19	18.821	24.5997	31.4192	85.00272	8.40705	6.9977	0.4291	4.1537	3.79E-02
3	56	c	6/14/2004	23:59	-151.65	59.50833	103	20	19.812	24.6006	31.4199	84.95018	8.40231	6.9952	0.4144	4.1676	3.76E-02
3	56	c	6/14/2004	23:59	-151.65	59.50833	103	21	20.803	24.5992	31.418	84.84587	8.39213	6.9949	0.4203	4.1726	3.74E-02
3	56	c	6/14/2004	23:59	-151.65	59.50833	103	22	21.793	24.5994	31.4182	84.79217	8.38683	6.9948	0.4226	4.1707	3.72E-02
3	56	c	6/14/2004	23:59	-151.65	59.50833	103	23	22.784	24.599	31.4177	84.81468	8.3891	6.9948	0.4312	4.1698	3.70E-02
3	56	c	6/14/2004	23:59	-151.65	59.50833	103	24	23.774	24.5993	31.4182	84.79188	8.38679	6.9949	0.4197	4.1734	3.69E-02
3	56	c	6/14/2004	23:59	-151.65	59.50833	103	25	24.765	24.5996	31.4186	84.78511	8.38603	6.9953	0.4147	4.1756	3.68E-02
3	56	c	6/14/2004	23:59	-151.65	59.50833	103	26	25.755	24.5997	31.4189	84.73668	8.38107	6.996	0.4177	4.1754	3.67E-02
3	56	c	6/14/2004	23:59	-151.65	59.50833	103	27	26.746	24.5998	31.4189	84.68628	8.37618	6.9956	0.4139	4.177	3.67E-02
3	56	c	6/14/2004	23:59	-151.65	59.50833	103	28	27.736	24.6006	31.4197	84.711	8.37877	6.9946	0.4234	4.1747	3.66E-02
3	56	c	6/14/2004	23:59	-151.65	59.50833	103	29	28.727	24.6006	31.4199	84.68777	8.37622	6.9958	0.4037	4.182	3.65E-02
3	56	c	6/14/2004	23:59	-151.65	59.50833	103	30	29.718	24.6004	31.4198	84.76266	8.38343	6.9968	0.4046	4.183	3.65E-02
3	56	c	6/14/2004	23:59	-151.65	59.50833	103	31	30.708	24.6011	31.4206	84.78015	8.38519	6.9965	0.413	4.187	3.65E-02
3	56	c	6/14/2004	23:59	-151.65	59.50833	103	32	31.698	24.6027	31.4228	84.7944	8.38626	6.9976	0.4143	4.1865	3.64E-02
3	56	c	6/14/2004	23:59	-151.65	59.50833	103	33	32.689	24.6034	31.423	84.72747	8.38045	6.9934	0.4206	4.1808	3.64E-02
3	56	c	6/14/2004	23:59	-151.65	59.50833	103	34	33.679	24.6041	31.4219	84.63465	8.37358	6.9819	0.4122	4.1784	3.64E-02
3	56	c	6/14/2004	23:59	-151.65	59.50833	103	35	34.67	24.6062	31.423	84.66285	8.37817	6.9724	0.4181	4.1734	3.64E-02
3	56	c	6/14/2004	23:59	-151.65	59.50833	103	36	35.66	24.6074	31.4231	84.64518	8.37813	6.9637	0.4338	4.1627	3.64E-02
3	56	c	6/14/2004	23:59	-151.65	59.50833	103	37	36.651	24.6097	31.426	84.74112	8.38733	6.9644	0.4107	4.1647	3.64E-02
3	56	c	6/14/2004	23:59	-151.65	59.50833	103	38	37.641	24.6111	31.4279	84.67866	8.38094	6.9649	0.3964	4.181	3.64E-02
3	56	c	6/14/2004	23:59	-151.65	59.50833	103	39	38.632	24.6124	31.4298	84.67269	8.37999	6.9662	0.3813	4.1906	3.64E-02
3	56	c	6/14/2004	23:59	-151.65	59.50833	103	40	39.622	24.6131	31.43	84.68124	8.38163	6.9622	0.3852	4.1973	3.65E-02
3	56	c	6/14/2004	23:59	-151.65	59.50833	103	41	40.613	24.6135	31.4303	84.65659	8.37934	6.9613	0.376	4.2031	3.65E-02
3	56	c	6/14/2004	23:59	-151.65	59.50833	103	42	41.603	24.6134	31.4295	84.52427	8.36718	6.9567	0.3762	4.2034	3.65E-02
3	56	c	6/14/2004	23:59	-151.65	59.50833	103	43	42.594	24.6155	31.4277	84.29723	8.35008	6.9298	0.4012	4.1989	3.65E-02
3	56	c	6/14/2004	23:59	-151.65	59.50833	103	44	43.584	24.619	31.428	84.13461	8.33875	6.9052	0.3701	4.1913	3.65E-02
3	56	c	6/14/2004	23:59	-151.65	59.50833	103	45	44.574	24.6211	31.4287	84.0189	8.32961	6.8931	0.3604	4.1945	3.66E-02
3	56	c	6/14/2004	23:59	-151.65	59.50833	103	46	45.565	24.6235	31.4299	83.94226	8.32417	6.8817	0.3596	4.1884	3.66E-02
3	56	c	6/14/2004	23:59	-151.65	59.50833	103	47	46.556	24.6261	31.4311	83.88858	8.32124	6.8691	0.3733	4.1911	3.66E-02
3	56	c	6/14/2004	23:59	-151.65	59.50833	103	48	47.546	24.6274	31.4317	83.86841	8.32042	6.8629	0.3426	4.1936	3.66E-02
3	56	c	6/14/2004	23:59	-151.65	59.50833	103	49	48.536	24.6279	31.4316	83.81238	8.31575	6.8583	0.3345	4.1966	3.66E-02
3	56	c	6/14/2004	23:59	-151.65	59.50833	103	50	49.527	24.6311	31.4325	83.72978	8.31128	6.839	0.3299	4.1926	3.67E-02
3	56	c	6/14/2004	23:59	-151.65	59.50833	103	51	50.517	24.632	31.4324	83.60226	8.29996	6.8321	0.3257	4.1888	3.67E-02
3	56	c	6/14/2004	23:59	-151.65	59.50833	103	52	51.507	24.6334	31.4335	83.52401	8.29307	6.8273	0.3201	4.1895	3.67E-02
3	56	c	6/14/2004	23:59	-151.65	59.50833	103	53	52.498	24.6337	31.4331	83.42282	8.28384	6.8232	0.3173	4.1875	3.67E-02
3	56	c	6/14/2004	23:59	-151.65	59.50833	103	54	53.488	24.639	31.4328	83.21128	8.27113	6.7805	0.3098	4.1858	3.67E-02
3	56	c	6/14/2004	23:59	-151.65	59.50833	103	55	54.478	24.6532	31.4373	82.94864	8.26114	6.6962	0.2792	4.1665	3.68E-02
3	56	c	6/14/2004	23:59	-151.65	59.50833	103	56	55.469	24.6634	31.4424	82.71693	8.24719	6.6478	0.2732	4.1516	3.68E-02
3	56	c	6/14/2004	23:59	-151.65	59.50833	103	57	56.459	24.6674	31.4438	82.59058	8.23892	6.6251	0.2581	4.1472	3.68E-02
3	56	c	6/14/2004	23:59	-151.65	59.50833	103	58	57.45	24.6689	31.4446	82.48905	8.23016	6.6178	0.262	4.144	3.69E-02
3	56	c	6/14/2004	23:59	-151.65	59.50833	103	59	58.44	24.6701	31.4446	82.36813	8.21976	6.6092	0.2737	4.1452	3.69E-02
3	56	c	6/14/2004	23:59	-151.65	59.50833	103	60	59.43	24.6724	31.4454	82.3146	8.21696	6.5959	0.2655	4.1454	3.69E-02
3	56	c	6/14/2004	23:59	-151.65	59.50833	103	61	60.421	24.6736	31.4461	82.23702	8.21015	6.5909	0.2843	4.146	3.69E-02
3	56	c	6/14/2004	23:59	-151.65	59.50833	103	62	61.411	24.6748	31.4463	82.20818	8.20893	6.5822	0.2603	4.1494	3.69E-02
3	56	c	6/14/2004	23:59	-151.65	59.50833	103	63	62.402	24.6786	31.4471	82.09609	8.20257	6.557	0.2552	4.1428	3.69E-02
3	56	c	6/14/2004	23:59	-151.65	59.50833	103	64	63.392	24.6854	31.4503	81.98163	8.19756	6.5229	0.2482	4.1337	3.70E-02
3	56	c	6/14/2004	23:59	-151.65	59.50833	103	65	64.382	24.6892	31.4521	81.90404	8.19339	6.5038	0.2472	4.121	3.70E-02
3	56	c	6/14/2004	23:59	-151.65	59.50833	103	66	65.373	24.6911	31.4529	81.78845	8.18356	6.4947	0.2518	4.1132	3.70E-02
3	56	c	6/14/2004	23:59	-151.65	59.50833	103	67	66.363	24.6923	31.4533	81.71806	8.17792	6.4873	0.2472	4.1096	3.70E-02
3	56	c	6/14/2004	23:59	-151.65	59.50833	103	68	67.353	24.6935	31.4537	81.71935	8.17937	6.4803	0.244	4.1086	3.70E-02
3	56	c	6/14/2004	23:59	-151.65	59.50833	103	69	68.343	24.6979	31.4543	81.47435	8.16094	6.4485	0.244	4.0959	3.70E-02
3	56	c	6/14/2004	23:59	-151.65	59.50833	103	70	69.334	24.7099	31.4544	81.00537	8.13248	6.3521	0.2295	4.0729	3.71E-02
3	56	c	6/14/2004	23:59	-151.65	59.50833	103	71	70.324	24.7451	31.4701	80.56167	8.12303	6.1653	0.2131	3.9833	3.71E-02
3	56	c	6/14/2004	23:59	-151.65	59.50833	103	72	71.315	24.7554	31.4772	80.23024	8.09651	6.1275	0.2112	3.9318	3.71E-02
3	56	c	6/14/2004	23:59	-151.65	59.50833	103	73	72.305	24.7562	31.4772	80.12828	8.08757	6.1204	0.2088	3.9181	3.71E-02
3	56	c	6/14/2004	23:59	-151.65	59.50833	103	74	73.295	24.757	31.4767	80.09851	8.08644	6.1108	0.2072	3.9116	3.72E-02
3	56	c	6/14/2004	23:59	-151.65	59.50833	103	75	74.285	24.7592	31.4774	80.05209	8.08431	6.0974	0.208	3.9047	3.72E-02
3	56	c	6/14/2004	23:59	-151.65	59.50833	103	76	75.276	24.7606	31.4776	79.90935	8.07191	6.0868	0.2046	3.8954	3.72E-02
3	56	c	6/14/2004	23:59	-151.65	59.50833	103	77	76.266	24.7616	31.4781	79.84425	8.0663	6.0817	0.2035	3.8904	3.72E-02
3	56	c	6/14/2004	23:59	-151.65	59.50833	103	78	77.256	24.7618	31.478	79.83547	8.06579	6.0797	0.2013	3.8832	3.73E-02
3	56	c	6/14/2004	23:59	-151.65	59.50833	103	79	78.246	24.762	31.4779	79.87442	8.07023	6.0771	0.2007	3.8851	3.73E-02
3	56	c	6/14/2004	23:59	-151.65	59.50833	103	80	79.237	24.7626	31.478	79.9148	8.07506	6.0731	0.1997	3.8823	3.73E-02
3	56	c	6/14/2004	23:59	-151.65	59.50833	103	81	80.227	24.7629	31.478	79.89288	8.07345	6.07	0.2004	3.8805	3.73E-02
3	56	c	6/14/2004	23:59	-151.65	59.50833	103	82	81.217	24.7631	31.4779	79.78223	8.0625	6.0688	0.1978	3.8785	3.73E-02
3	56	c	6/14/2004	23:59	-151.65	59.50833	103	83	82.208	24.7638	31.478	79.68139	8.05342	6.063	0.1977	3.8764	3.73E-02
3	56	c	6/14/2004	23:59	-151.65	59.50833	103	84	83.198	24.7646	31.4778	79.68288	8.05505	6.0554	0.1972	3.8707	3.73E-02
3	56	c	6/14/2004	23:59	-151.65	59.50833	103	85	84.188	24.7654	31.4778	79.67887	8.05589	6.0488	0.1975	3.8659	3.73E-02
3	56	c	6/14/2004	23:59	-151.65	59.50833	103	86	85.178	24.7667	31.4779	79.63389	8.05319	6.0392	0.1964	3.8609	3.74E-02
3	56	c	6/14/2004	23:59	-151.65	59.50833	103	87	86.169	24.7679	31.4777	79.49979	8.04186	6.0276	0.1947	3.8566	3.74E-02
3	56	c	6/14/2004	23:59	-151.65	59.50833	103	88	87.159	24.7717	31.479	79.30465	8.02645	6.0046	0.1906	3.8441	3.94E-02
3	56	c	6/14/2004	23:59	-151.65	59.50833	103	89	88.149	24.7834	31.4851	79.14958	8.02143	5.9471	0.1828	3.7523	4.35E-02
3	56	c	6/14/2004	23:59	-151.65	59.50833	103	90	89.139	24.7832	31.4865	79.02837	8.00698	5.958	0.1791	3.7445	4.42E-02
3	56	c	6/14/2004	23:59	-151.65	59.50833	103	91	90.129	24.7837	31.485	78.9745	8.00441	5.9433	0.183	3.7175	4.46E-02
3	56	c	6/14/2004	23:59	-151.65	59.50833	103	92	91.12	24.7893	31.4888	78.90052	8.00088	5.9215	0.1719	3.6602	4.54E-02
3	56	c	6/14/2004	23:59	-151.65	59.50833	103	93	92.11	24.7919	31.4903	78.79335	7.9922	5.9096	0.1715	3.6364	4.58E-02
3	56	c	6/14/2004	23:59	-151.65	59.50833	103	94	93.1	24.7922	31.4904	78.77105	7.99028	5.9078	0.1699	3.6246	4.60E-02
3	56	c	6/14/2004	23:59	-151.65	59.50833	103	95	94.09	24.7919	31.4902	78.75453	7.98837	5.909	0.1708	3.6224	4.60E-02
3	56	c	6/14/2004	23:59	-151.65	59.50833	103	96	95.08	24.7921	31.4904	78.73051	7.98591	5.9091	0.1705	3.6268	4.58E-02
3	56	c	6/14/2004	23:59	-151.65	59.50833	103	97	96.071	24.7929	31.4908	78.67567	7.98112	5.905	0.1698	3.6128	4.57E-02
3	56	c	6/14/2004	23:59	-151.65	59.50833	103	98	97.061	24.7928	31.4906	78.6974	7.98342	5.9045	0.1704	3.608	4.53E-02
3	56	c	6/14/2004	23:59	-151.65	59.50833	103	99	98.051	24.7935	31.4908	78.68653	7.98314	5.9001	0.1696	3.6043	4.44E-02
3	56	c	6/14/2004	23:59	-151.65	59.50833	103	100	99.041	24.7955	31.4916	78.57543	7.97402	5.8886	0.1691	3.5909	4.48E-02
3	56	c	6/14/2004	23:59	-151.65	59.50833	103	101	100.032	24.7987	31.4934	78.52922	7.97216	5.8733	0.168	3.5417	4.40E-02
3	56	c	6/14/2004	23:59	-151.65	59.50833	103	102	101.021	24.8002	31.4938	78.48553	7.96955	5.8636	0.1686	3.5101	4.43E-02
3	56	c	6/14/2004	23:59	-151.65	59.50833	103	103	102.012	24.8025	31.4953	78.43238	7.96587	5.8541	0.1672	3.4752	4.44E-02
3	57	c	6/15/2004	0:15	-151.65	59.525	109	1	0.991	24.3402	31.3292	100.15995	9.60425	8.3623	1.5366	3.8305	6.45E-02
3	57	c	6/15/2004	0:15	-151.65	59.525	109	2	1.981	24.364	31.3391	99.64457	9.57831	8.252	1.5579	3.8234	5.52E-02
3	57	c	6/15/2004	0:15	-151.65	59.525	109	3	2.972	24.3891	31.3525	98.22481	9.46296	8.1503	1.4088	3.8294	5.14E-02
3	57	c	6/15/2004	0:15	-151.65	59.525	109	4	3.962	24.4448	31.3745	96.19078	9.32336	7.88	1.2615	3.8941	4.92E-02
3	57	c	6/15/2004	0:15	-151.65	59.525	109	5	4.953	24.4736	31.3903	94.61232	9.19437	7.7625	1.1946	3.9549	4.73E-02
3	57	c	6/15/2004	0:15	-151.65	59.525	109	6	5.944	24.4786	31.3911	93.69752	9.11182	7.7321	1.2574	3.9548	4.55E-02
3	57	c	6/15/2004	0:15	-151.65	59.525	109	7	6.934	24.4829	31.3903	92.84234	9.03625	7.6959	1.1872	3.9574	4.40E-02
3	57	c	6/15/2004	0:15	-151.65	59.525	109	8	7.925	24.4963	31.3896	92.04396	8.97954	7.5948	1.131	3.9721	4.29E-02
3	57	c	6/15/2004	0:15	-151.65	59.525	109	9	8.915	24.5027	31.3888	91.39843	8.92712	7.544	1.0023	3.9957	4.20E-02
3	57	c	6/15/2004	0:15	-151.65	59.525	109	10	9.906	24.5045	31.3843	90.83404	8.88032	7.5048	0.9606	4.0331	4.13E-02
3	57	c	6/15/2004	0:15	-151.65	59.525	109	11	10.897	24.51	31.3804	90.06894	8.81855	7.4421	0.9924	4.0569	4.08E-02
3	57	c	6/15/2004	0:15	-151.65	59.525	109	12	11.887	24.5265	31.3855	89.33062	8.76482	7.3494	0.9605	4.0539	4.03E-02
3	57	c	6/15/2004	0:15	-151.65	59.525	109	13	12.878	24.5321	31.3891	88.89806	8.72624	7.3294	0.9387	4.0683	3.99E-02
3	57	c	6/15/2004	0:15	-151.65	59.525	109	14	13.869	24.5359	31.3906	88.59224	8.70019	7.3094	0.903	4.0867	3.95E-02
3	57	c	6/15/2004	0:15	-151.65	59.525	109	15	14.859	24.538	31.3915	88.2731	8.6708	7.2994	0.8477	4.0937	3.93E-02
3	57	c	6/15/2004	0:15	-151.65	59.525	109	16	15.85	24.5463	31.3954	87.77261	8.62924	7.2605	0.7867	4.0988	3.91E-02
3	57	c	6/15/2004	0:15	-151.65	59.525	109	17	16.84	24.5521	31.3993	87.57701	8.61394	7.2398	0.8305	4.1224	3.89E-02
3	57	c	6/15/2004	0:15	-151.65	59.525	109	18	17.831	24.5521	31.3991	87.42911	8.59958	7.2389	0.7916	4.119	3.87E-02
3	57	c	6/15/2004	0:15	-151.65	59.525	109	19	18.822	24.5533	31.3993	87.27561	8.58606	7.231	0.8037	4.1197	3.86E-02
3	57	c	6/15/2004	0:15	-151.65	59.525	109	20	19.812	24.5551	31.4002	87.09286	8.56963	7.223	0.7595	4.1161	3.85E-02
3	57	c	6/15/2004	0:15	-151.65	59.525	109	21	20.803	24.5572	31.4005	86.82246	8.54579	7.209	0.7188	4.1349	3.84E-02
3	57	c	6/15/2004	0:15	-151.65	59.525	109	22	21.793	24.5603	31.4026	86.56872	8.52286	7.1981	0.6656	4.1499	3.83E-02
3	57	c	6/15/2004	0:15	-151.65	59.525	109	23	22.784	24.5635	31.4039	86.25543	8.49518	7.1818	0.6199	4.1678	3.82E-02
3	57	c	6/15/2004	0:15	-151.65	59.525	109	24	23.774	24.5658	31.4054	86.11543	8.48298	7.1733	0.6181	4.174	3.82E-02
3	57	c	6/15/2004	0:15	-151.65	59.525	109	25	24.765	24.5671	31.4069	85.98118	8.46982	7.1726	0.6087	4.1793	3.81E-02
3	57	c	6/15/2004	0:15	-151.65	59.525	109	26	25.755	24.5683	31.4065	85.81738	8.45602	7.1609	0.5636	4.1869	3.81E-02
3	57	c	6/15/2004	0:15	-151.65	59.525	109	27	26.746	24.5695	31.4067	85.70653	8.44649	7.1537	0.5511	4.189	3.81E-02
3	57	c	6/15/2004	0:15	-151.65	59.525	109	28	27.736	24.5702	31.4072	85.61213	8.4376	7.1515	0.5433	4.1941	3.80E-02
3	57	c	6/15/2004	0:15	-151.65	59.525	109	29	28.727	24.5719	31.4079	85.47833	8.42614	7.1425	0.5739	4.1976	3.80E-02
3	57	c	6/15/2004	0:15	-151.65	59.525	109	30	29.717	24.5744	31.4091	85.40263	8.42096	7.1306	0.5481	4.1945	3.80E-02
3	57	c	6/15/2004	0:15	-151.65	59.525	109	31	30.708	24.5797	31.4128	85.38569	8.42257	7.1128	0.5062	4.2009	3.80E-02
3	57	c	6/15/2004	0:15	-151.65	59.525	109	32	31.698	24.5842	31.4164	85.30038	8.4165	7.0999	0.493	4.192	3.80E-02
3	57	c	6/15/2004	0:15	-151.65	59.525	109	33	32.689	24.5852	31.417	85.15672	8.40285	7.0971	0.4926	4.2057	3.80E-02
3	57	c	6/15/2004	0:15	-151.65	59.525	109	34	33.679	24.5875	31.4169	84.95915	8.38701	7.0784	0.4701	4.2095	3.80E-02
3	57	c	6/15/2004	0:15	-151.65	59.525	109	35	34.67	24.594	31.4194	84.67254	8.36526	7.0442	0.4259	4.2193	3.80E-02
3	57	c	6/15/2004	0:15	-151.65	59.525	109	36	35.66	24.5992	31.4158	84.3202	8.34264	6.9827	0.3779	4.2281	3.80E-02
3	57	c	6/15/2004	0:15	-151.65	59.525	109	37	36.651	24.6042	31.4186	84.07047	8.32192	6.9615	0.3415	4.2322	3.80E-02
3	57	c	6/15/2004	0:15	-151.65	59.525	109	38	37.641	24.6046	31.4182	83.85336	8.30155	6.9558	0.3519	4.2397	3.80E-02
3	57	c	6/15/2004	0:15	-151.65	59.525	109	39	38.632	24.6067	31.419	83.77939	8.29642	6.9443	0.364	4.243	3.80E-02
3	57	c	6/15/2004	0:15	-151.65	59.525	109	40	39.622	24.6111	31.4219	83.7089	8.29236	6.9285	0.3603	4.241	3.80E-02
3	57	c	6/15/2004	0:15	-151.65	59.525	109	41	40.613	24.6139	31.4234	83.60962	8.28488	6.9159	0.3534	4.2421	3.80E-02
3	57	c	6/15/2004	0:15	-151.65	59.525	109	42	41.603	24.6197	31.4246	83.44946	8.27614	6.8788	0.3355	4.2352	3.80E-02
3	57	c	6/15/2004	0:15	-151.65	59.525	109	43	42.593	24.6222	31.4263	83.41332	8.27416	6.8701	0.3314	4.241	3.81E-02
3	57	c	6/15/2004	0:15	-151.65	59.525	109	44	43.584	24.6244	31.4253	83.22522	8.25996	6.8473	0.3136	4.2402	3.81E-02
3	57	c	6/15/2004	0:15	-151.65	59.525	109	45	44.574	24.6355	31.4301	83.00841	8.24934	6.7897	0.2904	4.2371	3.81E-02
3	57	c	6/15/2004	0:15	-151.65	59.525	109	46	45.565	24.642	31.4325	82.84707	8.24013	6.7538	0.2789	4.2378	3.81E-02
3	57	c	6/15/2004	0:15	-151.65	59.525	109	47	46.555	24.6466	31.4346	82.79758	8.23951	6.7309	0.2716	4.2353	3.81E-02
3	57	c	6/15/2004	0:15	-151.65	59.525	109	48	47.546	24.6478	31.4355	82.75207	8.23559	6.7275	0.2689	4.2362	3.81E-02
3	57	c	6/15/2004	0:15	-151.65	59.525	109	49	48.536	24.649	31.4364	82.76743	8.23794	6.7231	0.2662	4.2339	3.81E-02
3	57	c	6/15/2004	0:15	-151.65	59.525	109	50	49.526	24.6535	31.4376	82.71618	8.23809	6.6956	0.2608	4.2302	3.82E-02
3	57	c	6/15/2004	0:15	-151.65	59.525	109	51	50.517	24.658	31.4399	82.66375	8.23693	6.6741	0.2585	4.2227	3.82E-02
3	57	c	6/15/2004	0:15	-151.65	59.525	109	52	51.507	24.6605	31.4404	82.56998	8.23074	6.6576	0.2556	4.217	3.82E-02
3	57	c	6/15/2004	0:15	-151.65	59.525	109	53	52.498	24.663	31.4416	82.43693	8.21967	6.646	0.2537	4.2126	3.82E-02
3	57	c	6/15/2004	0:15	-151.65	59.525	109	54	53.488	24.665	31.4424	82.38103	8.21614	6.6352	0.2491	4.207	3.82E-02
3	57	c	6/15/2004	0:15	-151.65	59.525	109	55	54.479	24.6677	31.4435	82.40809	8.22163	6.6205	0.248	4.2008	3.82E-02
3	57	c	6/15/2004	0:15	-151.65	59.525	109	56	55.469	24.6692	31.4442	82.36488	8.21872	6.613	0.2458	4.1986	3.82E-02
3	57	c	6/15/2004	0:15	-151.65	59.525	109	57	56.459	24.6711	31.4448	82.26844	8.21119	6.602	0.2422	4.1973	3.83E-02
3	57	c	6/15/2004	0:15	-151.65	59.525	109	58	57.45	24.6755	31.4461	82.22244	8.21169	6.5754	0.2358	4.1884	3.82E-02
3	57	c	6/15/2004	0:15	-151.65	59.525	109	59	58.44	24.6804	31.4485	82.11591	8.20553	6.5516	0.2332	4.1775	3.82E-02
3	57	c	6/15/2004	0:15	-151.65	59.525	109	60	59.43	24.6845	31.4501	81.98001	8.19615	6.5294	0.2332	4.1648	3.83E-02
3	57	c	6/15/2004	0:15	-151.65	59.525	109	61	60.421	24.6911	31.4516	81.8471	8.19135	6.4851	0.2266	4.1506	3.83E-02
3	57	c	6/15/2004	0:15	-151.65	59.525	109	62	61.411	24.7007	31.4577	81.78622	8.19214	6.4478	0.2225	4.1288	3.83E-02
3	57	c	6/15/2004	0:15	-151.65	59.525	109	63	62.401	24.7018	31.4582	81.75997	8.19074	6.4413	0.2204	4.1296	3.83E-02
3	57	c	6/15/2004	0:15	-151.65	59.525	109	64	63.392	24.7034	31.459	81.83405	8.19946	6.4344	0.2173	4.1379	3.83E-02
3	57	c	6/15/2004	0:15	-151.65	59.525	109	65	64.382	24.7049	31.4597	81.87729	8.20533	6.4263	0.2171	4.1466	3.83E-02
3	57	c	6/15/2004	0:15	-151.65	59.525	109	66	65.372	24.7077	31.4607	81.87648	8.20833	6.4101	0.2131	4.1528	3.83E-02
3	57	c	6/15/2004	0:15	-151.65	59.525	109	67	66.363	24.7144	31.4635	81.85364	8.21289	6.3741	0.2097	4.1534	3.84E-02
3	57	c	6/15/2004	0:15	-151.65	59.525	109	68	67.353	24.7191	31.4653	81.73937	8.20637	6.3481	0.2075	4.1477	3.84E-02
3	57	c	6/15/2004	0:15	-151.65	59.525	109	69	68.343	24.7226	31.4667	81.67584	8.20382	6.3281	0.2044	4.1429	3.84E-02
3	57	c	6/15/2004	0:15	-151.65	59.525	109	70	69.334	24.7251	31.4673	81.5746	8.19689	6.3112	0.2005	4.1357	3.84E-02
3	57	c	6/15/2004	0:15	-151.65	59.525	109	71	70.324	24.7276	31.4675	81.37383	8.18034	6.2924	0.1999	4.1249	3.84E-02
3	57	c	6/15/2004	0:15	-151.65	59.525	109	72	71.315	24.7307	31.4661	80.98986	8.14841	6.2583	0.1951	4.1014	3.84E-02
3	57	c	6/15/2004	0:15	-151.65	59.525	109	73	72.305	24.7375	31.464	80.39618	8.10205	6.1892	0.1882	4.0239	3.84E-02
3	57	c	6/15/2004	0:15	-151.65	59.525	109	74	73.295	24.7478	31.4675	79.76668	8.05032	6.127	0.1848	3.9048	3.85E-02
3	57	c	6/15/2004	0:15	-151.65	59.525	109	75	74.285	24.7525	31.4689	79.38924	8.01796	6.0966	0.182	3.8318	3.85E-02
3	57	c	6/15/2004	0:15	-151.65	59.525	109	76	75.276	24.7563	31.4686	79.13132	7.99838	6.0627	0.18	3.8038	3.85E-02
3	57	c	6/15/2004	0:15	-151.65	59.525	109	77	76.266	24.7607	31.4708	78.99011	7.98807	6.0412	0.179	3.801	3.85E-02
3	57	c	6/15/2004	0:15	-151.65	59.525	109	78	77.256	24.7651	31.473	78.84584	7.97762	6.0188	0.1765	3.7994	3.85E-02
3	57	c	6/15/2004	0:15	-151.65	59.525	109	79	78.247	24.7707	31.4768	78.76931	7.97379	5.9972	0.1751	3.8062	3.85E-02
3	57	c	6/15/2004	0:15	-151.65	59.525	109	80	79.237	24.773	31.4778	78.71642	7.97058	5.9856	0.1738	3.8121	3.85E-02
3	57	c	6/15/2004	0:15	-151.65	59.525	109	81	80.227	24.7738	31.4779	78.71615	7.97192	5.9784	0.1726	3.811	3.85E-02
3	57	c	6/15/2004	0:15	-151.65	59.525	109	82	81.217	24.7748	31.4784	78.69664	7.97084	5.9736	0.1716	3.8117	3.86E-02
3	57	c	6/15/2004	0:15	-151.65	59.525	109	83	82.208	24.7748	31.4784	78.70907	7.97212	5.9735	0.1722	3.8144	3.86E-02
3	57	c	6/15/2004	0:15	-151.65	59.525	109	84	83.198	24.775	31.4784	78.70354	7.97172	5.9726	0.1711	3.8147	3.86E-02
3	57	c	6/15/2004	0:15	-151.65	59.525	109	85	84.188	24.7754	31.4781	78.64149	7.96654	5.9669	0.17	3.8173	3.86E-02
3	57	c	6/15/2004	0:15	-151.65	59.525	109	86	85.178	24.7783	31.476	78.4999	7.95958	5.9286	0.1681	3.8117	3.86E-02
3	57	c	6/15/2004	0:15	-151.65	59.525	109	87	86.169	24.7903	31.4776	78.52924	7.9799	5.837	0.167	3.6427	3.86E-02
3	57	c	6/15/2004	0:15	-151.65	59.525	109	88	87.159	24.793	31.4791	78.60854	7.99028	5.8244	0.1681	3.5233	3.86E-02
3	57	c	6/15/2004	0:15	-151.65	59.525	109	89	88.149	24.7934	31.4791	78.63045	7.99306	5.8216	0.1678	3.4686	3.86E-02
3	57	c	6/15/2004	0:15	-151.65	59.525	109	90	89.139	24.7939	31.4792	78.56353	7.98699	5.8177	0.1664	3.4414	3.86E-02
3	57	c	6/15/2004	0:15	-151.65	59.525	109	91	90.129	24.7944	31.4793	78.52069	7.98329	5.8143	0.1662	3.4123	3.86E-02
3	57	c	6/15/2004	0:15	-151.65	59.525	109	92	91.12	24.7947	31.4792	78.52332	7.98415	5.8111	0.1669	3.3906	3.86E-02
3	57	c	6/15/2004	0:15	-151.65	59.525	109	93	92.11	24.7956	31.4798	78.48956	7.98128	5.808	0.1662	3.3919	4.07E-02
3	57	c	6/15/2004	0:15	-151.65	59.525	109	94	93.1	24.7958	31.4797	78.47568	7.98049	5.8048	0.1663	3.3999	4.29E-02
3	57	c	6/15/2004	0:15	-151.65	59.525	109	95	94.09	24.797	31.4801	78.38903	7.97298	5.7978	0.1659	3.3683	4.30E-02
3	57	c	6/15/2004	0:15	-151.65	59.525	109	96	95.08	24.7986	31.4808	78.3011	7.96567	5.7891	0.1658	3.3271	4.45E-02
3	57	c	6/15/2004	0:15	-151.65	59.525	109	97	96.07	24.8002	31.4816	78.23784	7.96072	5.7811	0.1653	3.2553	4.46E-02
3	57	c	6/15/2004	0:15	-151.65	59.525	109	98	97.061	24.8001	31.4814	78.15983	7.95284	5.7808	0.1653	3.2237	4.48E-02
3	57	c	6/15/2004	0:15	-151.65	59.525	109	99	98.051	24.8006	31.4818	78.12612	7.94988	5.7783	0.1698	3.2151	4.51E-02
3	57	c	6/15/2004	0:15	-151.65	59.525	109	100	99.041	24.8003	31.4815	78.09129	7.94625	5.7788	0.1723	3.2133	4.46E-02
3	57	c	6/15/2004	0:15	-151.65	59.525	109	101	100.031	24.8006	31.4816	78.1457	7.95196	5.7778	0.173	3.2151	4.34E-02
3	57	c	6/15/2004	0:15	-151.65	59.525	109	102	101.022	24.8006	31.4816	78.14045	7.95146	5.7777	0.173	3.2181	4.29E-02
3	57	c	6/15/2004	0:15	-151.65	59.525	109	103	102.012	24.8007	31.4815	78.0921	7.94683	5.7762	0.1735	3.2172	4.26E-02
3	57	c	6/15/2004	0:15	-151.65	59.525	109	104	103.002	24.801	31.4817	78.14469	7.95239	5.775	0.1743	3.2006	4.26E-02
3	57	c	6/15/2004	0:15	-151.65	59.525	109	105	103.992	24.8012	31.4818	78.11809	7.94983	5.7742	0.1735	3.1741	4.24E-02
3	57	c	6/15/2004	0:15	-151.65	59.525	109	106	104.982	24.8013	31.4818	78.11461	7.94965	5.7733	0.1744	3.1468	4.23E-02
3	57	c	6/15/2004	0:15	-151.65	59.525	109	107	105.972	24.8012	31.4818	78.13508	7.95157	5.7742	0.1743	3.1365	4.21E-02
3	57	c	6/15/2004	0:15	-151.65	59.525	109	108	106.962	24.8007	31.4814	78.06083	7.94362	5.7763	0.1735	3.1357	4.20E-02
3	57	c	6/15/2004	0:15	-151.65	59.525	109	109	107.952	24.8004	31.4813	78.03001	7.94018	5.778	0.168	3.1213	4.29E-02
3	58	c	6/15/2004	0:33	-151.65	59.54167	87	1	0.991	23.4533	30.4601	98.98531	9.25536	9.7257	1.3608	3.5931	5.65E-02
3	58	c	6/15/2004	0:33	-151.65	59.54167	87	2	1.981	23.745	30.7729	99.32479	9.33191	9.4227	1.504	3.5978	5.14E-02
3	58	c	6/15/2004	0:33	-151.65	59.54167	87	3	2.972	24.2502	31.3019	99.81097	9.47199	8.8263	1.3179	3.7173	4.91E-02
3	58	c	6/15/2004	0:33	-151.65	59.54167	87	4	3.963	24.3065	31.3246	99.89008	9.53409	8.5673	1.3781	3.8251	4.81E-02
3	58	c	6/15/2004	0:33	-151.65	59.54167	87	5	4.953	24.3636	31.3407	99.68857	9.57985	8.2639	1.3856	3.8502	4.71E-02
3	58	c	6/15/2004	0:33	-151.65	59.54167	87	6	5.944	24.3978	31.3544	99.54637	9.60121	8.1004	1.4543	3.8439	4.62E-02
3	58	c	6/15/2004	0:33	-151.65	59.54167	87	7	6.934	24.4129	31.3671	99.26495	9.58112	8.0648	1.42	3.8524	4.50E-02
3	58	c	6/15/2004	0:33	-151.65	59.54167	87	8	7.925	24.4175	31.3722	98.37364	9.49572	8.0604	1.3332	3.8878	4.41E-02
3	58	c	6/15/2004	0:33	-151.65	59.54167	87	9	8.916	24.4403	31.3768	96.75553	9.36831	7.9251	1.2373	3.9046	4.34E-02
3	58	c	6/15/2004	0:33	-151.65	59.54167	87	10	9.906	24.4757	31.3905	95.0458	9.23927	7.7495	1.1669	3.942	4.28E-02
3	58	c	6/15/2004	0:33	-151.65	59.54167	87	11	10.897	24.5001	31.4003	93.43682	9.10751	7.6292	1.1021	3.9788	4.23E-02
3	58	c	6/15/2004	0:33	-151.65	59.54167	87	12	11.888	24.5226	31.407	91.75271	8.9691	7.5031	0.9822	4.0153	4.19E-02
3	58	c	6/15/2004	0:33	-151.65	59.54167	87	13	12.878	24.5401	31.4119	90.371	8.85437	7.4028	0.8766	4.0612	4.15E-02
3	58	c	6/15/2004	0:33	-151.65	59.54167	87	14	13.868	24.5473	31.4128	89.42034	8.77111	7.3541	0.8211	4.0833	4.12E-02
3	58	c	6/15/2004	0:33	-151.65	59.54167	87	15	14.859	24.5524	31.4131	88.71971	8.70957	7.3185	0.7507	4.1037	4.11E-02
3	58	c	6/15/2004	0:33	-151.65	59.54167	87	16	15.85	24.5562	31.4123	87.93698	8.63938	7.2857	0.7116	4.1133	4.08E-02
3	58	c	6/15/2004	0:33	-151.65	59.54167	87	17	16.84	24.5661	31.4137	87.07028	8.56734	7.2195	0.6544	4.1379	4.07E-02
3	58	c	6/15/2004	0:33	-151.65	59.54167	87	18	17.831	24.5764	31.4147	86.34359	8.50988	7.1484	0.5941	4.1583	4.05E-02
3	58	c	6/15/2004	0:33	-151.65	59.54167	87	19	18.822	24.5779	31.4131	85.90813	8.47128	7.127	0.5855	4.1707	4.04E-02
3	58	c	6/15/2004	0:33	-151.65	59.54167	87	20	19.812	24.5806	31.4117	85.58683	8.44529	7.0986	0.5784	4.1704	4.03E-02
3	58	c	6/15/2004	0:33	-151.65	59.54167	87	21	20.803	24.5812	31.4109	85.34851	8.42356	7.0897	0.5935	4.1792	4.01E-02
3	58	c	6/15/2004	0:33	-151.65	59.54167	87	22	21.793	24.5857	31.4111	85.10128	8.40575	7.0561	0.5395	4.1791	4.00E-02
3	58	c	6/15/2004	0:33	-151.65	59.54167	87	23	22.784	24.5913	31.4133	84.77377	8.37908	7.0265	0.5162	4.1832	3.99E-02
3	58	c	6/15/2004	0:33	-151.65	59.54167	87	24	23.774	24.5955	31.4163	84.63048	8.36731	7.0133	0.4742	4.1827	3.99E-02
3	58	c	6/15/2004	0:33	-151.65	59.54167	87	25	24.765	24.598	31.4189	84.47971	8.35287	7.0103	0.4537	4.1985	3.98E-02
3	58	c	6/15/2004	0:33	-151.65	59.54167	87	26	25.755	24.5987	31.4199	84.46994	8.35185	7.0103	0.4604	4.2026	3.98E-02
3	58	c	6/15/2004	0:33	-151.65	59.54167	87	27	26.746	24.5996	31.4215	84.50222	8.35438	7.0132	0.4444	4.206	3.98E-02
3	58	c	6/15/2004	0:33	-151.65	59.54167	87	28	27.736	24.6088	31.426	84.27136	8.33977	6.9698	0.3886	4.2108	3.97E-02
3	58	c	6/15/2004	0:33	-151.65	59.54167	87	29	28.727	24.6189	31.4312	83.99053	8.32059	6.9242	0.3623	4.2234	3.97E-02
3	58	c	6/15/2004	0:33	-151.65	59.54167	87	30	29.717	24.6258	31.4317	83.71453	8.30308	6.8735	0.3414	4.2281	3.97E-02
3	58	c	6/15/2004	0:33	-151.65	59.54167	87	31	30.708	24.6284	31.4328	83.54161	8.28845	6.8602	0.3312	4.2309	3.99E-02
3	58	c	6/15/2004	0:33	-151.65	59.54167	87	32	31.698	24.6291	31.4322	83.53196	8.28927	6.8512	0.3215	4.2322	3.97E-02
3	58	c	6/15/2004	0:33	-151.65	59.54167	87	33	32.689	24.6301	31.4319	83.46857	8.28468	6.8426	0.3118	4.2373	3.97E-02
3	58	c	6/15/2004	0:33	-151.65	59.54167	87	34	33.679	24.6308	31.4304	83.27753	8.26881	6.8271	0.305	4.2392	3.97E-02
3	58	c	6/15/2004	0:33	-151.65	59.54167	87	35	34.67	24.6346	31.4257	82.93967	8.24684	6.7685	0.2673	4.2339	3.97E-02
3	58	c	6/15/2004	0:33	-151.65	59.54167	87	36	35.66	24.6478	31.4321	82.77501	8.24242	6.7051	0.2582	4.2053	3.97E-02
3	58	c	6/15/2004	0:33	-151.65	59.54167	87	37	36.651	24.6545	31.436	82.63065	8.23335	6.6766	0.2509	4.1953	3.97E-02
3	58	c	6/15/2004	0:33	-151.65	59.54167	87	38	37.641	24.6609	31.4379	82.47132	8.22485	6.6379	0.2415	4.1834	3.97E-02
3	58	c	6/15/2004	0:33	-151.65	59.54167	87	39	38.632	24.6685	31.4415	82.47956	8.23279	6.6002	0.2355	4.1679	3.98E-02
3	58	c	6/15/2004	0:33	-151.65	59.54167	87	40	39.622	24.6693	31.4413	82.39508	8.22578	6.5929	0.233	4.1532	3.97E-02
3	58	c	6/15/2004	0:33	-151.65	59.54167	87	41	40.613	24.6726	31.4378	82.01391	8.19717	6.545	0.2231	4.1383	3.97E-02
3	58	c	6/15/2004	0:33	-151.65	59.54167	87	42	41.603	24.6846	31.442	81.61614	8.17056	6.4757	0.2164	4.0798	3.97E-02
3	58	c	6/15/2004	0:33	-151.65	59.54167	87	43	42.594	24.6885	31.4433	81.46314	8.15974	6.452	0.2138	4.0621	3.97E-02
3	58	c	6/15/2004	0:33	-151.65	59.54167	87	44	43.584	24.6979	31.4458	81.24212	8.14886	6.3929	0.2108	4.0442	3.97E-02
3	58	c	6/15/2004	0:33	-151.65	59.54167	87	45	44.574	24.7079	31.4529	81.18297	8.14945	6.357	0.2123	4.028	3.98E-02
3	58	c	6/15/2004	0:33	-151.65	59.54167	87	46	45.565	24.7105	31.454	81.25323	8.15918	6.3429	0.2104	4.0398	3.98E-02
3	58	c	6/15/2004	0:33	-151.65	59.54167	87	47	46.555	24.713	31.4557	81.31569	8.16719	6.3334	0.2098	4.0456	3.98E-02
3	58	c	6/15/2004	0:33	-151.65	59.54167	87	48	47.546	24.713	31.4556	81.29814	8.16551	6.333	0.2122	4.0443	3.98E-02
3	58	c	6/15/2004	0:33	-151.65	59.54167	87	49	48.536	24.7131	31.4556	81.25443	8.16132	6.332	0.2113	4.0467	3.98E-02
3	58	c	6/15/2004	0:33	-151.65	59.54167	87	50	49.527	24.713	31.4551	81.2388	8.16009	6.3303	0.2117	4.0453	3.98E-02
3	58	c	6/15/2004	0:33	-151.65	59.54167	87	51	50.517	24.7145	31.4555	81.17395	8.15552	6.3202	0.2118	4.0397	3.98E-02
3	58	c	6/15/2004	0:33	-151.65	59.54167	87	52	51.507	24.7172	31.4565	81.11378	8.15238	6.3049	0.2116	4.0338	3.98E-02
3	58	c	6/15/2004	0:33	-151.65	59.54167	87	53	52.498	24.7185	31.4568	80.99027	8.14163	6.2962	0.2133	4.0262	3.99E-02
3	58	c	6/15/2004	0:33	-151.65	59.54167	87	54	53.488	24.7222	31.4575	80.86964	8.13437	6.2708	0.2138	4.0122	3.98E-02
3	58	c	6/15/2004	0:33	-151.65	59.54167	87	55	54.479	24.7246	31.4559	80.59094	8.11216	6.2409	0.214	4.0004	3.98E-02
3	58	c	6/15/2004	0:33	-151.65	59.54167	87	56	55.469	24.7433	31.4642	80.36739	8.10852	6.1405	0.2092	3.9661	4.01E-02
3	58	c	6/15/2004	0:33	-151.65	59.54167	87	57	56.459	24.7463	31.4651	80.31753	8.10702	6.122	0.2076	3.9292	3.98E-02
3	58	c	6/15/2004	0:33	-151.65	59.54167	87	58	57.45	24.7482	31.4659	80.24954	8.10204	6.112	0.2062	3.91	3.99E-02
3	58	c	6/15/2004	0:33	-151.65	59.54167	87	59	58.44	24.7486	31.4653	80.20927	8.09943	6.1046	0.2043	3.9062	3.99E-02
3	58	c	6/15/2004	0:33	-151.65	59.54167	87	60	59.43	24.7504	31.4661	80.14618	8.09496	6.0945	0.2043	3.8879	3.98E-02
3	58	c	6/15/2004	0:33	-151.65	59.54167	87	61	60.421	24.7524	31.466	80.11058	8.09448	6.0783	0.204	3.8666	3.99E-02
3	58	c	6/15/2004	0:33	-151.65	59.54167	87	62	61.411	24.7536	31.4665	80.05674	8.09052	6.0705	0.2042	3.8359	3.99E-02
3	58	c	6/15/2004	0:33	-151.65	59.54167	87	63	62.402	24.7542	31.4664	80.10951	8.09677	6.0658	0.2029	3.8157	3.99E-02
3	58	c	6/15/2004	0:33	-151.65	59.54167	87	64	63.392	24.7556	31.4652	80.14575	8.10425	6.0463	0.2014	3.802	3.99E-02
3	58	c	6/15/2004	0:33	-151.65	59.54167	87	65	64.382	24.7582	31.4663	80.08119	8.10054	6.0314	0.2001	3.7803	3.99E-02
3	58	c	6/15/2004	0:33	-151.65	59.54167	87	66	65.373	24.7586	31.4658	80.00815	8.0944	6.0251	0.1979	3.7791	4.00E-02
3	58	c	6/15/2004	0:33	-151.65	59.54167	87	67	66.363	24.7599	31.4656	79.96251	8.09211	6.0131	0.1974	3.7758	3.99E-02
3	58	c	6/15/2004	0:33	-151.65	59.54167	87	68	67.353	24.7603	31.4653	79.87275	8.08409	6.0076	0.1974	3.7659	3.99E-02
3	58	c	6/15/2004	0:33	-151.65	59.54167	87	69	68.344	24.7608	31.4657	79.8448	8.08149	6.0063	0.1971	3.76	3.99E-02
3	58	c	6/15/2004	0:33	-151.65	59.54167	87	70	69.334	24.7612	31.4651	79.74719	8.07307	5.9989	0.1951	3.7519	3.99E-02
3	58	c	6/15/2004	0:33	-151.65	59.54167	87	71	70.324	24.7624	31.4658	79.67495	8.06674	5.9936	0.1953	3.7352	4.02E-02
3	58	c	6/15/2004	0:33	-151.65	59.54167	87	72	71.315	24.7632	31.4657	79.7036	8.07103	5.9864	0.194	3.7169	3.99E-02
3	58	c	6/15/2004	0:33	-151.65	59.54167	87	73	72.305	24.764	31.4659	79.63517	8.06515	5.9809	0.1946	3.6934	4.00E-02
3	58	c	6/15/2004	0:33	-151.65	59.54167	87	74	73.295	24.7655	31.4663	79.65041	8.06856	5.9711	0.1943	3.6548	4.00E-02
3	58	c	6/15/2004	0:33	-151.65	59.54167	87	75	74.285	24.7664	31.4667	79.6034	8.06465	5.9665	0.1933	3.6331	4.01E-02
3	58	c	6/15/2004	0:33	-151.65	59.54167	87	76	75.276	24.7671	31.4663	79.558	8.06179	5.9576	0.193	3.6038	4.00E-02
3	58	c	6/15/2004	0:33	-151.65	59.54167	87	77	76.266	24.7686	31.4669	79.51685	8.05912	5.9496	0.1915	3.5683	4.00E-02
3	58	c	6/15/2004	0:33	-151.65	59.54167	87	78	77.256	24.7695	31.4673	79.48345	8.05681	5.9439	0.1911	3.5322	4.00E-02
3	58	c	6/15/2004	0:33	-151.65	59.54167	87	79	78.247	24.7698	31.4673	79.48098	8.05687	5.9423	0.1885	3.5207	4.00E-02
3	58	c	6/15/2004	0:33	-151.65	59.54167	87	80	79.237	24.7702	31.4673	79.43974	8.05333	5.939	0.1888	3.5085	4.00E-02
3	58	c	6/15/2004	0:33	-151.65	59.54167	87	81	80.227	24.7715	31.467	79.37987	8.0498	5.9258	0.1871	3.4854	4.00E-02
3	58	c	6/15/2004	0:33	-151.65	59.54167	87	82	81.217	24.7781	31.4693	79.14039	8.03316	5.8853	0.1857	3.3695	4.01E-02
3	58	c	6/15/2004	0:33	-151.65	59.54167	87	83	82.208	24.7815	31.4712	78.90345	8.01212	5.8691	0.183	3.2063	4.01E-02
3	58	c	6/15/2004	0:33	-151.65	59.54167	87	84	83.198	24.7821	31.4712	78.90883	8.01369	5.8637	0.1811	3.1122	4.01E-02
3	58	c	6/15/2004	0:33	-151.65	59.54167	87	85	84.188	24.7823	31.4713	78.82668	8.00548	5.863	0.1806	3.0463	4.01E-02
3	58	c	6/15/2004	0:33	-151.65	59.54167	87	86	85.178	24.7821	31.4711	78.71067	7.9936	5.8636	0.1814	3.0024	4.01E-02
3	58	c	6/15/2004	0:33	-151.65	59.54167	87	87	86.168	24.7823	31.4713	78.74131	7.99662	5.864	0.1797	2.9879	4.01E-02
3	59	c	6/15/2004	0:51	-151.65	59.55833	78	1	0.991	22.8158	29.7016	97.72124	9.12214	10.0154	0.8432	3.6304	4.41E-02
3	59	c	6/15/2004	0:51	-151.65	59.55833	78	2	1.981	23.6995	30.6981	100.08522	9.42545	9.3396	1.7025	3.5741	4.35E-02
3	59	c	6/15/2004	0:51	-151.65	59.55833	78	3	2.972	24.0934	31.115	100.95577	9.57732	8.8953	1.8073	3.548	4.26E-02
3	59	c	6/15/2004	0:51	-151.65	59.55833	78	4	3.962	24.2351	31.2428	101.72943	9.70374	8.6171	1.9114	3.563	4.22E-02
3	59	c	6/15/2004	0:51	-151.65	59.55833	78	5	4.953	24.3284	31.3278	101.78308	9.74357	8.436	1.706	3.6222	4.18E-02
3	59	c	6/15/2004	0:51	-151.65	59.55833	78	6	5.944	24.3531	31.362	101.49075	9.71037	8.4501	1.5434	3.738	4.16E-02
3	59	c	6/15/2004	0:51	-151.65	59.55833	78	7	6.934	24.3577	31.3656	101.1335	9.6786	8.438	1.4535	3.8202	4.14E-02
3	59	c	6/15/2004	0:51	-151.65	59.55833	78	8	7.925	24.3625	31.3671	100.3391	9.60787	8.4134	1.4013	3.8517	4.11E-02
3	59	c	6/15/2004	0:51	-151.65	59.55833	78	9	8.916	24.3808	31.371	99.38406	9.53881	8.3093	1.2398	3.9034	4.08E-02
3	59	c	6/15/2004	0:51	-151.65	59.55833	78	10	9.906	24.4096	31.3777	98.69711	9.50788	8.1462	1.2572	3.9297	4.05E-02
3	59	c	6/15/2004	0:51	-151.65	59.55833	78	11	10.897	24.4225	31.385	98.17237	9.46789	8.0955	1.2547	3.9403	4.03E-02
3	59	c	6/15/2004	0:51	-151.65	59.55833	78	12	11.888	24.4318	31.3859	97.44384	9.41037	8.0361	1.255	3.9369	4.01E-02
3	59	c	6/15/2004	0:51	-151.65	59.55833	78	13	12.878	24.4516	31.3872	95.91466	9.29088	7.9032	1.1471	3.9384	3.99E-02
3	59	c	6/15/2004	0:51	-151.65	59.55833	78	14	13.869	24.4979	31.4032	94.28742	9.18347	7.661	0.9907	3.9847	3.97E-02
3	59	c	6/15/2004	0:51	-151.65	59.55833	78	15	14.859	24.5169	31.41	92.85849	9.06474	7.5618	0.8682	4.0329	3.95E-02
3	59	c	6/15/2004	0:51	-151.65	59.55833	78	16	15.85	24.5246	31.4097	91.55856	8.9497	7.5047	0.7522	4.0762	3.93E-02
3	59	c	6/15/2004	0:51	-151.65	59.55833	78	17	16.84	24.5369	31.4101	90.2143	8.83646	7.4159	0.6506	4.12	3.93E-02
3	59	c	6/15/2004	0:51	-151.65	59.55833	78	18	17.831	24.5521	31.4112	88.71848	8.71144	7.3092	0.6389	4.1403	3.92E-02
3	59	c	6/15/2004	0:51	-151.65	59.55833	78	19	18.822	24.5783	31.4175	87.38871	8.61236	7.1501	0.5086	4.1737	3.91E-02
3	59	c	6/15/2004	0:51	-151.65	59.55833	78	20	19.812	24.5893	31.4225	86.52189	8.53716	7.0975	0.4814	4.1821	3.90E-02
3	59	c	6/15/2004	0:51	-151.65	59.55833	78	21	20.803	24.5937	31.4222	85.86033	8.47891	7.0621	0.4657	4.2015	3.90E-02
3	59	c	6/15/2004	0:51	-151.65	59.55833	78	22	21.793	24.6	31.423	85.36066	8.43806	7.0188	0.4606	4.1995	3.89E-02
3	59	c	6/15/2004	0:51	-151.65	59.55833	78	23	22.784	24.605	31.4239	84.92887	8.4017	6.9864	0.4424	4.2018	3.89E-02
3	59	c	6/15/2004	0:51	-151.65	59.55833	78	24	23.774	24.6121	31.4256	84.56683	8.37453	6.9418	0.4126	4.2061	3.89E-02
3	59	c	6/15/2004	0:51	-151.65	59.55833	78	25	24.765	24.6143	31.4269	84.36644	8.35647	6.9323	0.418	4.2079	3.88E-02
3	59	c	6/15/2004	0:51	-151.65	59.55833	78	26	25.755	24.6145	31.4267	84.19448	8.33984	6.9303	0.4208	4.2063	3.88E-02
3	59	c	6/15/2004	0:51	-151.65	59.55833	78	27	26.746	24.6142	31.4261	84.05067	8.32597	6.9286	0.4247	4.2031	3.88E-02
3	59	c	6/15/2004	0:51	-151.65	59.55833	78	28	27.737	24.6162	31.4268	83.94353	8.31745	6.9176	0.4067	4.2063	3.88E-02
3	59	c	6/15/2004	0:51	-151.65	59.55833	78	29	28.727	24.6226	31.431	83.88486	8.3159	6.8946	0.4062	4.2098	3.87E-02
3	59	c	6/15/2004	0:51	-151.65	59.55833	78	30	29.717	24.6297	31.4326	83.75508	8.31174	6.8494	0.3546	4.2191	3.87E-02
3	59	c	6/15/2004	0:51	-151.65	59.55833	78	31	30.708	24.6357	31.4361	83.60606	8.30181	6.8236	0.3359	4.2198	3.88E-02
3	59	c	6/15/2004	0:51	-151.65	59.55833	78	32	31.699	24.6364	31.4359	83.48897	8.29138	6.8174	0.333	4.219	3.88E-02
3	59	c	6/15/2004	0:51	-151.65	59.55833	78	33	32.689	24.6371	31.4363	83.37969	8.28123	6.8137	0.3451	4.2206	3.88E-02
3	59	c	6/15/2004	0:51	-151.65	59.55833	78	34	33.679	24.6378	31.4367	83.32407	8.27607	6.8117	0.3388	4.217	3.88E-02
3	59	c	6/15/2004	0:51	-151.65	59.55833	78	35	34.67	24.6378	31.4361	83.29	8.27341	6.8082	0.3394	4.2163	3.88E-02
3	59	c	6/15/2004	0:51	-151.65	59.55833	78	36	35.66	24.6391	31.4358	83.20996	8.26786	6.7959	0.3273	4.2156	3.87E-02
3	59	c	6/15/2004	0:51	-151.65	59.55833	78	37	36.651	24.6423	31.4368	83.07266	8.25779	6.7772	0.3186	4.216	3.88E-02
3	59	c	6/15/2004	0:51	-151.65	59.55833	78	38	37.641	24.6443	31.4377	83.03281	8.25578	6.7669	0.3166	4.216	3.88E-02
3	59	c	6/15/2004	0:51	-151.65	59.55833	78	39	38.632	24.6457	31.4382	83.00756	8.25465	6.7596	0.3156	4.2164	3.88E-02
3	59	c	6/15/2004	0:51	-151.65	59.55833	78	40	39.622	24.6471	31.4379	82.9477	8.25124	6.7466	0.3156	4.212	3.88E-02
3	59	c	6/15/2004	0:51	-151.65	59.55833	78	41	40.613	24.6481	31.4381	82.96249	8.25396	6.7401	0.3079	4.2056	3.89E-02
3	59	c	6/15/2004	0:51	-151.65	59.55833	78	42	41.603	24.65	31.4386	82.86243	8.24617	6.7288	0.3008	4.2048	3.88E-02
3	59	c	6/15/2004	0:51	-151.65	59.55833	78	43	42.594	24.6532	31.439	82.69164	8.23359	6.7059	0.2997	4.2014	3.88E-02
3	59	c	6/15/2004	0:51	-151.65	59.55833	78	44	43.584	24.6589	31.4415	82.61936	8.23182	6.6771	0.287	4.1937	3.88E-02
3	59	c	6/15/2004	0:51	-151.65	59.55833	78	45	44.574	24.6619	31.443	82.53555	8.22622	6.6625	0.2838	4.1826	3.89E-02
3	59	c	6/15/2004	0:51	-151.65	59.55833	78	46	45.565	24.6626	31.4436	82.56285	8.22931	6.6604	0.2817	4.1797	3.89E-02
3	59	c	6/15/2004	0:51	-151.65	59.55833	78	47	46.556	24.6625	31.4433	82.54107	8.22737	6.6593	0.2771	4.1745	3.89E-02
3	59	c	6/15/2004	0:51	-151.65	59.55833	78	48	47.546	24.6634	31.4436	82.51496	8.22554	6.6553	0.2814	4.1752	3.90E-02
3	59	c	6/15/2004	0:51	-151.65	59.55833	78	49	48.536	24.6648	31.4443	82.4673	8.22221	6.6477	0.2777	4.1701	3.89E-02
3	59	c	6/15/2004	0:51	-151.65	59.55833	78	50	49.527	24.6658	31.445	82.48725	8.22483	6.6443	0.2738	4.1717	3.89E-02
3	59	c	6/15/2004	0:51	-151.65	59.55833	78	51	50.517	24.6705	31.4464	82.37832	8.2194	6.6158	0.259	4.1698	3.90E-02
3	59	c	6/15/2004	0:51	-151.65	59.55833	78	52	51.507	24.6795	31.4505	82.38081	8.22818	6.5707	0.2511	4.1583	3.90E-02
3	59	c	6/15/2004	0:51	-151.65	59.55833	78	53	52.498	24.6842	31.4532	82.42077	8.2359	6.5507	0.2453	4.154	3.90E-02
3	59	c	6/15/2004	0:51	-151.65	59.55833	78	54	53.488	24.6866	31.4541	82.41486	8.23798	6.5367	0.2398	4.1519	3.90E-02
3	59	c	6/15/2004	0:51	-151.65	59.55833	78	55	54.479	24.6897	31.4548	82.38018	8.23853	6.5159	0.2335	4.1551	3.90E-02
3	59	c	6/15/2004	0:51	-151.65	59.55833	78	56	55.469	24.6942	31.4573	82.40875	8.24509	6.4962	0.2327	4.1525	3.90E-02
3	59	c	6/15/2004	0:51	-151.65	59.55833	78	57	56.459	24.6948	31.4575	82.3971	8.24458	6.4927	0.2295	4.1516	3.91E-02
3	59	c	6/15/2004	0:51	-151.65	59.55833	78	58	57.45	24.6971	31.4565	82.16864	8.22649	6.4685	0.2229	4.1477	3.91E-02
3	59	c	6/15/2004	0:51	-151.65	59.55833	78	59	58.44	24.7071	31.4553	81.96648	8.2235	6.38	0.2118	4.1208	3.91E-02
3	59	c	6/15/2004	0:51	-151.65	59.55833	78	60	59.431	24.7162	31.4582	81.80405	8.21773	6.325	0.2073	4.0854	3.91E-02
3	59	c	6/15/2004	0:51	-151.65	59.55833	78	61	60.421	24.7233	31.4566	81.43339	8.19388	6.2565	0.2036	4.0559	3.91E-02
3	59	c	6/15/2004	0:51	-151.65	59.55833	78	62	61.411	24.7337	31.4575	81.07584	8.17313	6.1777	0.1985	4.0104	3.91E-02
3	59	c	6/15/2004	0:51	-151.65	59.55833	78	63	62.401	24.7417	31.4604	80.88073	8.16253	6.1301	0.1943	3.9778	3.92E-02
3	59	c	6/15/2004	0:51	-151.65	59.55833	78	64	63.392	24.7427	31.4601	80.77149	8.1536	6.1195	0.1926	3.9688	3.93E-02
3	59	c	6/15/2004	0:51	-151.65	59.55833	78	65	64.382	24.7461	31.461	80.69631	8.15014	6.0979	0.1914	3.9636	3.92E-02
3	59	c	6/15/2004	0:51	-151.65	59.55833	78	66	65.372	24.7485	31.462	80.55859	8.13892	6.0837	0.1896	3.9615	3.92E-02
3	59	c	6/15/2004	0:51	-151.65	59.55833	78	67	66.363	24.7511	31.4621	80.45885	8.13276	6.0635	0.1866	3.9563	3.92E-02
3	59	c	6/15/2004	0:51	-151.65	59.55833	78	68	67.353	24.7564	31.4643	80.35625	8.12815	6.0331	0.1862	3.9482	3.93E-02
3	59	c	6/15/2004	0:51	-151.65	59.55833	78	69	68.344	24.7582	31.4644	80.27957	8.12301	6.0195	0.1855	3.9391	3.93E-02
3	59	c	6/15/2004	0:51	-151.65	59.55833	78	70	69.334	24.7617	31.4658	80.19926	8.11877	5.999	0.1827	3.9279	3.94E-02
3	59	c	6/15/2004	0:51	-151.65	59.55833	78	71	70.324	24.7648	31.4671	80.01878	8.10363	5.9825	0.1822	3.9194	3.93E-02
3	59	c	6/15/2004	0:51	-151.65	59.55833	78	72	71.314	24.768	31.4674	79.9147	8.09792	5.9574	0.1807	3.9119	3.93E-02
3	59	c	6/15/2004	0:51	-151.65	59.55833	78	73	72.305	24.7702	31.4689	79.88825	8.09684	5.9487	0.1795	3.9044	3.93E-02
3	59	c	6/15/2004	0:51	-151.65	59.55833	78	74	73.295	24.7713	31.4687	79.77441	8.08726	5.9385	0.1796	3.8916	3.93E-02
3	59	c	6/15/2004	0:51	-151.65	59.55833	78	75	74.285	24.776	31.4695	79.40855	8.05678	5.904	0.1782	3.8456	3.94E-02
3	59	c	6/15/2004	0:51	-151.65	59.55833	78	76	75.276	24.7919	31.4787	78.99042	8.02796	5.8304	0.178	3.5526	3.93E-02
3	59	c	6/15/2004	0:51	-151.65	59.55833	78	77	76.266	24.7924	31.4791	78.84866	8.01386	5.8287	0.1821	3.3426	3.93E-02
3	59	c	6/15/2004	0:51	-151.65	59.55833	78	78	77.256	24.7924	31.479	78.71185	8.00004	5.8283	0.1839	3.2863	3.94E-02
3	60	c	6/15/2004	1:09	-151.65	59.575	63	1	0.991	22.32	29.1128	97.51782	9.09077	10.2465	0.637	3.69	4.21E-02
3	60	c	6/15/2004	1:09	-151.65	59.575	63	2	1.981	22.4084	29.2203	97.30226	9.07037	10.2173	0.9885	3.6852	4.17E-02
3	60	c	6/15/2004	1:09	-151.65	59.575	63	3	2.972	23.9189	30.9814	98.37992	9.24584	9.3506	1.3496	3.5962	4.15E-02
3	60	c	6/15/2004	1:09	-151.65	59.575	63	4	3.962	24.231	31.2875	98.12009	9.30156	8.8781	1.0425	3.8347	4.14E-02
3	60	c	6/15/2004	1:09	-151.65	59.575	63	5	4.953	24.3508	31.3507	96.86782	9.27821	8.405	0.9092	3.9828	4.16E-02
3	60	c	6/15/2004	1:09	-151.65	59.575	63	6	5.944	24.4394	31.3854	95.3395	9.21918	7.9794	0.7221	4.0652	4.17E-02
3	60	c	6/15/2004	1:09	-151.65	59.575	63	7	6.935	24.4734	31.4013	94.05456	9.12609	7.8263	0.5633	4.134	4.18E-02
3	60	c	6/15/2004	1:09	-151.65	59.575	63	8	7.925	24.4805	31.4014	93.2566	9.0592	7.7758	0.526	4.1553	4.17E-02
3	60	c	6/15/2004	1:09	-151.65	59.575	63	9	8.916	24.4869	31.401	92.48905	8.99464	7.7277	0.5265	4.1619	4.15E-02
3	60	c	6/15/2004	1:09	-151.65	59.575	63	10	9.906	24.4959	31.4028	91.86532	8.94511	7.6733	0.498	4.1687	4.12E-02
3	60	c	6/15/2004	1:09	-151.65	59.575	63	11	10.897	24.5019	31.4049	91.57386	8.92307	7.642	0.5156	4.176	4.09E-02
3	60	c	6/15/2004	1:09	-151.65	59.575	63	12	11.887	24.503	31.4044	91.42347	8.91067	7.6312	0.5217	4.1736	4.06E-02
3	60	c	6/15/2004	1:09	-151.65	59.575	63	13	12.878	24.506	31.4042	91.4309	8.91626	7.6076	0.5753	4.1634	4.03E-02
3	60	c	6/15/2004	1:09	-151.65	59.575	63	14	13.869	24.5135	31.4047	91.11806	8.89621	7.5567	0.5453	4.1621	4.00E-02
3	60	c	6/15/2004	1:09	-151.65	59.575	63	15	14.859	24.5289	31.4097	90.51249	8.85404	7.4725	0.5654	4.1536	3.98E-02
3	60	c	6/15/2004	1:09	-151.65	59.575	63	16	15.85	24.5379	31.4115	89.7928	8.79486	7.417	0.5116	4.1647	3.96E-02
3	60	c	6/15/2004	1:09	-151.65	59.575	63	17	16.84	24.5494	31.4154	89.04281	8.734	7.3539	0.4923	4.1755	3.94E-02
3	60	c	6/15/2004	1:09	-151.65	59.575	63	18	17.831	24.5573	31.417	88.33731	8.67464	7.3045	0.4941	4.1787	3.93E-02
3	60	c	6/15/2004	1:09	-151.65	59.575	63	19	18.822	24.5775	31.4206	87.33736	8.60216	7.1749	0.462	4.1841	3.92E-02
3	60	c	6/15/2004	1:09	-151.65	59.575	63	20	19.812	24.5988	31.43	86.60157	8.5502	7.0694	0.4393	4.1914	3.91E-02
3	60	c	6/15/2004	1:09	-151.65	59.575	63	21	20.802	24.6046	31.4316	86.19813	8.51714	7.0351	0.4225	4.198	3.90E-02
3	60	c	6/15/2004	1:09	-151.65	59.575	63	22	21.793	24.6083	31.4325	85.93323	8.49539	7.0125	0.4133	4.2015	3.89E-02
3	60	c	6/15/2004	1:09	-151.65	59.575	63	23	22.784	24.6105	31.4329	85.74343	8.47945	6.9981	0.4042	4.1996	3.89E-02
3	60	c	6/15/2004	1:09	-151.65	59.575	63	24	23.774	24.6128	31.4332	85.53637	8.46223	6.9817	0.4121	4.2048	3.89E-02
3	60	c	6/15/2004	1:09	-151.65	59.575	63	25	24.765	24.6163	31.4329	85.18036	8.43252	6.9538	0.3854	4.203	3.88E-02
3	60	c	6/15/2004	1:09	-151.65	59.575	63	26	25.755	24.6298	31.4353	84.72946	8.40543	6.8639	0.3551	4.2095	3.89E-02
3	60	c	6/15/2004	1:09	-151.65	59.575	63	27	26.746	24.6406	31.4412	84.42232	8.38392	6.8167	0.3343	4.2073	3.88E-02
3	60	c	6/15/2004	1:09	-151.65	59.575	63	28	27.736	24.643	31.4412	84.14833	8.36026	6.7986	0.3268	4.2033	3.88E-02
3	60	c	6/15/2004	1:09	-151.65	59.575	63	29	28.727	24.6489	31.441	83.79521	8.33441	6.7515	0.307	4.1966	3.88E-02
3	60	c	6/15/2004	1:09	-151.65	59.575	63	30	29.717	24.656	31.4444	83.56191	8.31788	6.7165	0.2948	4.1807	3.88E-02
3	60	c	6/15/2004	1:09	-151.65	59.575	63	31	30.708	24.6576	31.4449	83.49565	8.31304	6.7073	0.2911	4.1723	3.88E-02
3	60	c	6/15/2004	1:09	-151.65	59.575	63	32	31.698	24.6584	31.4452	83.4997	8.31446	6.7021	0.2897	4.1708	3.89E-02
3	60	c	6/15/2004	1:09	-151.65	59.575	63	33	32.689	24.6594	31.4451	83.34889	8.30091	6.6945	0.2854	4.1681	3.89E-02
3	60	c	6/15/2004	1:09	-151.65	59.575	63	34	33.679	24.6625	31.4448	83.24671	8.29583	6.6685	0.2796	4.1638	3.88E-02
3	60	c	6/15/2004	1:09	-151.65	59.575	63	35	34.67	24.6668	31.4471	83.18321	8.29338	6.648	0.2794	4.1524	3.88E-02
3	60	c	6/15/2004	1:09	-151.65	59.575	63	36	35.66	24.6702	31.4481	83.23501	8.30236	6.6283	0.2846	4.1433	3.89E-02
3	60	c	6/15/2004	1:09	-151.65	59.575	63	37	36.651	24.6733	31.4489	83.23971	8.3066	6.6087	0.282	4.1504	3.90E-02
3	60	c	6/15/2004	1:09	-151.65	59.575	63	38	37.641	24.6754	31.4498	83.2414	8.3088	6.5981	0.2779	4.1573	3.89E-02
3	60	c	6/15/2004	1:09	-151.65	59.575	63	39	38.632	24.6774	31.4494	83.08673	8.29712	6.579	0.2663	4.1635	3.90E-02
3	60	c	6/15/2004	1:09	-151.65	59.575	63	40	39.622	24.6822	31.4495	82.89849	8.28568	6.5413	0.2489	4.162	3.90E-02
3	60	c	6/15/2004	1:09	-151.65	59.575	63	41	40.613	24.689	31.4523	82.77093	8.27991	6.5048	0.2412	4.1508	3.90E-02
3	60	c	6/15/2004	1:09	-151.65	59.575	63	42	41.603	24.6903	31.4525	82.68866	8.2734	6.4959	0.2394	4.1462	3.90E-02
3	60	c	6/15/2004	1:09	-151.65	59.575	63	43	42.594	24.6912	31.4532	82.70237	8.27527	6.4932	0.2393	4.1439	3.90E-02
3	60	c	6/15/2004	1:09	-151.65	59.575	63	44	43.584	24.6937	31.45	82.3681	8.24978	6.4532	0.2277	4.1282	3.90E-02
3	60	c	6/15/2004	1:09	-151.65	59.575	63	45	44.574	24.6979	31.4442	81.73301	8.20007	6.383	0.215	4.0286	3.90E-02
3	60	c	6/15/2004	1:09	-151.65	59.575	63	46	45.565	24.7039	31.4415	81.24095	8.16363	6.3169	0.2068	3.7731	3.91E-02
3	60	c	6/15/2004	1:09	-151.65	59.575	63	47	46.555	24.7049	31.4418	81.04605	8.14523	6.3107	0.2037	3.6558	3.92E-02
3	60	c	6/15/2004	1:09	-151.65	59.575	63	48	47.546	24.7047	31.4416	80.94945	8.13541	6.3113	0.2048	3.6357	3.92E-02
3	60	c	6/15/2004	1:09	-151.65	59.575	63	49	48.536	24.705	31.4413	80.89204	8.13058	6.3066	0.2044	3.6294	3.91E-02
3	60	c	6/15/2004	1:09	-151.65	59.575	63	50	49.527	24.7067	31.4413	80.85384	8.12932	6.2931	0.2021	3.6199	3.92E-02
3	60	c	6/15/2004	1:09	-151.65	59.575	63	51	50.517	24.7075	31.4413	80.84799	8.12998	6.2866	0.1998	3.6157	3.92E-02
3	60	c	6/15/2004	1:09	-151.65	59.575	63	52	51.507	24.7083	31.4405	80.77616	8.12511	6.2747	0.1989	3.6215	3.93E-02
3	60	c	6/15/2004	1:09	-151.65	59.575	63	53	52.498	24.7096	31.4407	80.75775	8.12502	6.2655	0.1983	3.6202	3.93E-02
3	60	c	6/15/2004	1:09	-151.65	59.575	63	54	53.488	24.711	31.4406	80.7065	8.12216	6.2535	0.197	3.6181	3.92E-02
3	60	c	6/15/2004	1:09	-151.65	59.575	63	55	54.479	24.712	31.441	80.67573	8.12022	6.2474	0.198	3.6114	3.93E-02
3	60	c	6/15/2004	1:09	-151.65	59.575	63	56	55.469	24.7137	31.4419	80.65249	8.11932	6.2397	0.1962	3.6269	3.93E-02
3	60	c	6/15/2004	1:09	-151.65	59.575	63	57	56.459	24.7158	31.4432	80.68605	8.12428	6.2312	0.1967	3.6434	3.93E-02
3	60	c	6/15/2004	1:09	-151.65	59.575	63	58	57.45	24.7199	31.4459	80.69297	8.128	6.2148	0.1977	3.6704	3.94E-02
3	60	c	6/15/2004	1:09	-151.65	59.575	63	59	58.44	24.7231	31.448	80.57324	8.1182	6.2024	0.1977	3.7042	3.94E-02
3	60	c	6/15/2004	1:09	-151.65	59.575	63	60	59.43	24.73	31.4442	80.22416	8.09889	6.121	0.1938	3.6707	3.94E-02
3	60	c	6/15/2004	1:09	-151.65	59.575	63	61	60.421	24.7397	31.4469	79.86867	8.07489	6.0583	0.1955	3.552	3.95E-02
3	60	c	6/15/2004	1:09	-151.65	59.575	63	62	61.411	24.7402	31.4466	79.78492	8.06771	6.0517	0.1937	3.5119	3.95E-02
3	60	c	6/15/2004	1:09	-151.65	59.575	63	63	62.402	24.7404	31.4465	79.7266	8.06226	6.0494	0.199	3.4771	3.95E-02
3	61	c	6/15/2004	1:24	-151.65	59.59167	36	1	0.991	22.5446	29.3736	99.37926	9.27646	10.1127	0.598	3.6835	4.11E-02
3	61	c	6/15/2004	1:24	-151.65	59.59167	36	2	1.982	22.5515	29.3805	99.29586	9.27021	10.1033	0.7892	3.6882	4.11E-02
3	61	c	6/15/2004	1:24	-151.65	59.59167	36	3	2.972	23.6616	30.6508	101.81385	9.59057	9.3447	1.6667	3.6275	4.13E-02
3	61	c	6/15/2004	1:24	-151.65	59.59167	36	4	3.963	24.1485	31.1578	103.96093	9.89219	8.751	2.0238	3.5379	4.15E-02
3	61	c	6/15/2004	1:24	-151.65	59.59167	36	5	4.953	24.2463	31.2727	103.5141	9.85357	8.6997	1.6809	3.6536	4.13E-02
3	61	c	6/15/2004	1:24	-151.65	59.59167	36	6	5.944	24.3076	31.3202	101.27189	9.67275	8.5372	1.2846	3.7778	4.10E-02
3	61	c	6/15/2004	1:24	-151.65	59.59167	36	7	6.935	24.3739	31.3543	99.61728	9.57159	8.2663	1.2322	3.8997	4.08E-02
3	61	c	6/15/2004	1:24	-151.65	59.59167	36	8	7.925	24.4054	31.3742	98.9321	9.52853	8.1563	1.1763	3.9486	4.07E-02
3	61	c	6/15/2004	1:24	-151.65	59.59167	36	9	8.915	24.4108	31.3754	98.22475	9.46717	8.1248	1.1565	3.9677	4.04E-02
3	61	c	6/15/2004	1:24	-151.65	59.59167	36	10	9.906	24.4268	31.3797	96.79614	9.348	8.0371	1.0235	3.9893	4.02E-02
3	61	c	6/15/2004	1:24	-151.65	59.59167	36	11	10.897	24.4741	31.3887	94.74416	9.20975	7.7506	0.9584	4.0267	3.99E-02
3	61	c	6/15/2004	1:24	-151.65	59.59167	36	12	11.887	24.5141	31.4041	92.86268	9.06823	7.5486	0.8394	4.0567	3.98E-02
3	61	c	6/15/2004	1:24	-151.65	59.59167	36	13	12.878	24.5229	31.4082	91.64995	8.9581	7.5077	0.8186	4.0762	3.96E-02
3	61	c	6/15/2004	1:24	-151.65	59.59167	36	14	13.869	24.5259	31.4065	90.49563	8.85178	7.4763	0.7386	4.0888	3.94E-02
3	61	c	6/15/2004	1:24	-151.65	59.59167	36	15	14.859	24.5433	31.408	88.92154	8.72187	7.3567	0.5993	4.1348	3.93E-02
3	61	c	6/15/2004	1:24	-151.65	59.59167	36	16	15.85	24.5592	31.4119	87.60679	8.61195	7.2607	0.5298	4.1785	3.92E-02
3	61	c	6/15/2004	1:24	-151.65	59.59167	36	17	16.84	24.5678	31.4141	86.65057	8.52801	7.2095	0.5034	4.202	3.91E-02
3	61	c	6/15/2004	1:24	-151.65	59.59167	36	18	17.831	24.575	31.4164	86.09138	8.48102	7.1682	0.4716	4.2099	3.90E-02
3	61	c	6/15/2004	1:24	-151.65	59.59167	36	19	18.821	24.5809	31.4177	85.5448	8.43423	7.1319	0.444	4.2186	3.89E-02
3	61	c	6/15/2004	1:24	-151.65	59.59167	36	20	19.812	24.6072	31.4295	85.24384	8.42936	7.0025	0.4013	4.2145	3.89E-02
3	61	c	6/15/2004	1:24	-151.65	59.59167	36	21	20.802	24.621	31.4332	84.70667	8.39247	6.9189	0.3585	4.2057	3.88E-02
3	61	c	6/15/2004	1:24	-151.65	59.59167	36	22	21.793	24.6442	31.4348	84.09779	8.36543	6.7485	0.3086	4.1739	3.88E-02
3	61	c	6/15/2004	1:24	-151.65	59.59167	36	23	22.784	24.6544	31.4397	83.52229	8.31745	6.6998	0.2911	4.1177	3.88E-02
3	61	c	6/15/2004	1:24	-151.65	59.59167	36	24	23.774	24.6565	31.4396	83.28773	8.29762	6.6818	0.2861	4.0828	3.87E-02
3	61	c	6/15/2004	1:24	-151.65	59.59167	36	25	24.765	24.6569	31.4395	83.16597	8.28625	6.6779	0.2846	4.072	3.87E-02
3	61	c	6/15/2004	1:24	-151.65	59.59167	36	26	25.755	24.6574	31.4389	82.99217	8.27027	6.6711	0.2872	4.0642	3.87E-02
3	61	c	6/15/2004	1:24	-151.65	59.59167	36	27	26.746	24.6587	31.4384	82.85672	8.25945	6.6575	0.2837	4.0509	3.87E-02
3	61	c	6/15/2004	1:24	-151.65	59.59167	36	28	27.736	24.6614	31.4388	82.70766	8.2483	6.6383	0.2781	4.0086	3.87E-02
3	61	c	6/15/2004	1:24	-151.65	59.59167	36	29	28.727	24.6623	31.4379	82.59461	8.2394	6.6263	0.2717	3.9585	3.87E-02
3	61	c	6/15/2004	1:24	-151.65	59.59167	36	30	29.717	24.6634	31.438	82.53798	8.2352	6.6188	0.2702	3.929	3.87E-02
3	61	c	6/15/2004	1:24	-151.65	59.59167	36	31	30.708	24.6634	31.438	82.434	8.22499	6.618	0.264	3.9189	3.87E-02
3	61	c	6/15/2004	1:24	-151.65	59.59167	36	32	31.698	24.6636	31.4378	82.39819	8.22178	6.6162	0.2652	3.9151	3.87E-02
3	61	c	6/15/2004	1:24	-151.65	59.59167	36	33	32.689	24.6631	31.4374	82.36041	8.21778	6.6175	0.2642	3.9012	3.87E-02
3	61	c	6/15/2004	1:24	-151.65	59.59167	36	34	33.679	24.6629	31.4373	82.33548	8.21508	6.6186	0.2644	3.8962	3.87E-02
3	61	c	6/15/2004	1:24	-151.65	59.59167	36	35	34.67	24.6631	31.4375	82.29064	8.21077	6.6177	0.263	3.8961	3.88E-02
3	61	c	6/15/2004	1:24	-151.65	59.59167	36	36	35.66	24.6632	31.4376	82.38724	8.22032	6.6181	0.2618	3.9008	3.88E-02
3	62	c	6/15/2004	1:36	-151.65	59.60833	30	1	0.991	23.1361	29.993	106.64082	10.06904	9.4225	0.8048	3.6832	4.01E-02
3	62	c	6/15/2004	1:36	-151.65	59.60833	30	2	1.981	23.1871	30.0473	108.05657	10.21201	9.3667	0.916	3.6736	4.05E-02
3	62	c	6/15/2004	1:36	-151.65	59.60833	30	3	2.972	23.5964	30.5308	108.59418	10.2787	9.1606	1.5712	3.6204	4.07E-02
3	62	c	6/15/2004	1:36	-151.65	59.60833	30	4	3.963	24.0331	31.0279	107.77125	10.24147	8.8435	2.2088	3.4929	4.08E-02
3	62	c	6/15/2004	1:36	-151.65	59.60833	30	5	4.953	24.1783	31.1584	106.53462	10.18197	8.5548	2.1987	3.4692	4.07E-02
3	62	c	6/15/2004	1:36	-151.65	59.60833	30	6	5.944	24.2576	31.2386	104.90571	10.04672	8.4427	2.148	3.4928	4.06E-02
3	62	c	6/15/2004	1:36	-151.65	59.60833	30	7	6.935	24.3532	31.3362	103.22309	9.90903	8.3112	1.9463	3.5942	4.04E-02
3	62	c	6/15/2004	1:36	-151.65	59.60833	30	8	7.925	24.4021	31.3791	101.83482	9.79669	8.2057	1.8707	3.7148	4.02E-02
3	62	c	6/15/2004	1:36	-151.65	59.60833	30	9	8.916	24.4185	31.3851	100.14772	9.652	8.1242	1.5949	3.7899	4.00E-02
3	62	c	6/15/2004	1:36	-151.65	59.60833	30	10	9.906	24.4375	31.389	98.25152	9.4933	8.0125	1.3337	3.8586	3.98E-02
3	62	c	6/15/2004	1:36	-151.65	59.60833	30	11	10.897	24.4584	31.3911	96.3159	9.33528	7.8765	1.269	3.9042	3.97E-02
3	62	c	6/15/2004	1:36	-151.65	59.60833	30	12	11.887	24.4797	31.3979	94.79136	9.21131	7.7626	0.9952	3.9501	3.96E-02
3	62	c	6/15/2004	1:36	-151.65	59.60833	30	13	12.878	24.4906	31.402	93.85945	9.13224	7.7069	0.8687	4.0146	3.94E-02
3	62	c	6/15/2004	1:36	-151.65	59.60833	30	14	13.869	24.4976	31.4036	92.94587	9.05188	7.6656	0.821	4.0474	3.93E-02
3	62	c	6/15/2004	1:36	-151.65	59.60833	30	15	14.859	24.5183	31.3973	91.36916	8.93734	7.4782	0.6991	4.0683	3.92E-02
3	62	c	6/15/2004	1:36	-151.65	59.60833	30	16	15.85	24.5343	31.4026	89.88106	8.80913	7.3919	0.6197	4.1261	3.91E-02
3	62	c	6/15/2004	1:36	-151.65	59.60833	30	17	16.84	24.5459	31.4034	88.4809	8.68833	7.3103	0.5684	4.1619	3.91E-02
3	62	c	6/15/2004	1:36	-151.65	59.60833	30	18	17.831	24.557	31.4107	87.48399	8.59808	7.2701	0.5045	4.1938	3.90E-02
3	62	c	6/15/2004	1:36	-151.65	59.60833	30	19	18.821	24.5633	31.417	87.0451	8.5566	7.2601	0.4639	4.2059	3.90E-02
3	62	c	6/15/2004	1:36	-151.65	59.60833	30	20	19.812	24.5703	31.4146	86.4005	8.50659	7.1933	0.4433	4.2155	3.89E-02
3	62	c	6/15/2004	1:36	-151.65	59.60833	30	21	20.803	24.5814	31.4173	85.94078	8.47444	7.1261	0.4074	4.2259	3.89E-02
3	62	c	6/15/2004	1:36	-151.65	59.60833	30	22	21.793	24.5852	31.4187	85.78869	8.46343	7.1056	0.3937	4.2275	3.89E-02
3	62	c	6/15/2004	1:36	-151.65	59.60833	30	23	22.784	24.5901	31.4157	85.18531	8.41485	7.0506	0.3632	4.2197	3.89E-02
3	62	c	6/15/2004	1:36	-151.65	59.60833	30	24	23.774	24.602	31.4141	84.28099	8.34531	6.9496	0.3261	4.1408	3.89E-02
3	62	c	6/15/2004	1:36	-151.65	59.60833	30	25	24.765	24.6083	31.4163	83.78417	8.30283	6.9146	0.3155	4.0332	3.89E-02
3	62	c	6/15/2004	1:36	-151.65	59.60833	30	26	25.755	24.6103	31.4137	82.29126	8.16091	6.8836	0.3991	3.9726	3.89E-02
3	62	c	6/15/2004	1:36	-151.65	59.60833	30	27	26.746	24.6125	31.4142	76.26101	7.56542	6.8694	0.4279	3.9016	3.89E-02
3	62	c	6/15/2004	1:36	-151.65	59.60833	30	28	27.736	24.5852	31.3828	70.56945	6.99886	6.8899	0.4285	3.8821	3.90E-02
3	62	c	6/15/2004	1:36	-151.65	59.60833	30	29	28.727	24.5731	31.3716	64.16088	6.35986	6.915	0.3823	3.8507	3.90E-02
3	63	c	6/15/2004	1:49	-151.65	59.625	28	1	0.991	23.3474	30.2401	106.87942	10.10267	9.3034	1.013	3.6043	4.03E-02
3	63	c	6/15/2004	1:49	-151.65	59.625	28	2	1.981	23.3674	30.2569	106.7375	10.09839	9.2584	1.1213	3.6166	4.06E-02
3	63	c	6/15/2004	1:49	-151.65	59.625	28	3	2.972	23.6414	30.5098	107.18373	10.24143	8.7503	1.3909	3.595	4.06E-02
3	63	c	6/15/2004	1:49	-151.65	59.625	28	4	3.962	23.9012	30.7606	108.81139	10.48259	8.3175	1.519	3.6099	4.07E-02
3	63	c	6/15/2004	1:49	-151.65	59.625	28	5	4.953	24.0172	30.9512	110.62195	10.58886	8.5464	2.3954	3.4506	4.09E-02
3	63	c	6/15/2004	1:49	-151.65	59.625	28	6	5.944	24.261	31.2395	106.34401	10.1886	8.4242	3.4582	3.2022	4.08E-02
3	63	c	6/15/2004	1:49	-151.65	59.625	28	7	6.934	24.3131	31.2765	102.42941	9.84704	8.2649	2.115	3.4186	4.01E-02
3	63	c	6/15/2004	1:49	-151.65	59.625	28	8	7.925	24.37	31.3054	99.36136	9.60261	8.0267	2.0326	3.6296	4.00E-02
3	63	c	6/15/2004	1:49	-151.65	59.625	28	9	8.916	24.3909	31.2853	96.76575	9.4095	7.7648	1.8312	3.6288	3.98E-02
3	63	c	6/15/2004	1:49	-151.65	59.625	28	10	9.906	24.4223	31.2961	94.26678	9.20107	7.599	1.5581	3.7461	3.96E-02
3	63	c	6/15/2004	1:49	-151.65	59.625	28	11	10.897	24.4381	31.3047	92.1199	9.00482	7.5328	1.2451	3.8578	3.94E-02
3	63	c	6/15/2004	1:49	-151.65	59.625	28	12	11.887	24.4405	31.3049	91.05099	8.90356	7.5171	1.159	3.9106	3.93E-02
3	63	c	6/15/2004	1:49	-151.65	59.625	28	13	12.878	24.451	31.3099	89.69006	8.78009	7.4683	0.9456	3.9221	3.92E-02
3	63	c	6/15/2004	1:49	-151.65	59.625	28	14	13.869	24.4811	31.3279	87.95831	8.63315	7.3506	0.6724	4.0225	3.90E-02
3	63	c	6/15/2004	1:49	-151.65	59.625	28	15	14.859	24.4919	31.333	86.15872	8.46623	7.2999	0.5776	4.0045	3.90E-02
3	63	c	6/15/2004	1:49	-151.65	59.625	28	16	15.85	24.5135	31.3496	85.25211	8.38865	7.2363	0.4882	3.9851	3.90E-02
3	63	c	6/15/2004	1:49	-151.65	59.625	28	17	16.84	24.5244	31.3571	84.55344	8.32681	7.1986	0.4247	4.0015	3.89E-02
3	63	c	6/15/2004	1:49	-151.65	59.625	28	18	17.831	24.534	31.3633	83.93582	8.27257	7.1627	0.3888	3.9701	3.89E-02
3	63	c	6/15/2004	1:49	-151.65	59.625	28	19	18.821	24.542	31.3686	83.36806	8.22182	7.1341	0.3694	3.9218	3.88E-02
3	63	c	6/15/2004	1:49	-151.65	59.625	28	20	19.812	24.5455	31.371	83.01812	8.18955	7.1217	0.3929	3.8759	3.88E-02
3	63	c	6/15/2004	1:49	-151.65	59.625	28	21	20.803	24.551	31.3744	82.90131	8.18181	7.101	0.4	3.8605	3.88E-02
3	63	c	6/15/2004	1:49	-151.65	59.625	28	22	21.793	24.5567	31.3786	82.75787	8.17093	7.0826	0.3788	3.8284	3.88E-02
3	63	c	6/15/2004	1:49	-151.65	59.625	28	23	22.784	24.5598	31.3808	82.64241	8.16141	7.0722	0.3693	3.7642	3.88E-02
3	63	c	6/15/2004	1:49	-151.65	59.625	28	24	23.774	24.561	31.3813	82.54389	8.15273	7.0665	0.3524	3.7344	3.88E-02
3	63	c	6/15/2004	1:49	-151.65	59.625	28	25	24.765	24.5623	31.3822	82.52086	8.15135	7.0616	0.3248	3.7119	3.88E-02
3	63	c	6/15/2004	1:49	-151.65	59.625	28	26	25.755	24.5623	31.3821	82.44045	8.14351	7.0611	0.3229	3.7003	3.88E-02
3	64	c	6/15/2004	2:01	-151.65	59.64167	10	1	0.99	23.7564	30.6569	110.41959	10.53986	8.7523	1.4293	3.5874	4.03E-02
3	64	c	6/15/2004	2:01	-151.65	59.64167	10	2	1.981	23.7662	30.6646	111.26197	10.62578	8.7274	1.5297	3.5703	4.04E-02
3	64	c	6/15/2004	2:01	-151.65	59.64167	10	3	2.972	23.8434	30.7333	112.01369	10.73161	8.5684	1.6882	3.5292	4.05E-02
3	64	c	6/15/2004	2:01	-151.65	59.64167	10	4	3.963	23.922	30.8087	111.44014	10.70397	8.4347	1.7487	3.502	4.07E-02
3	64	c	6/15/2004	2:01	-151.65	59.64167	10	5	4.953	24.0018	30.8803	108.63216	10.46858	8.2707	1.8041	3.5522	4.08E-02
3	64	c	6/15/2004	2:01	-151.65	59.64167	10	6	5.944	24.0718	30.9444	106.868	10.32703	8.1324	1.9264	3.5574	4.07E-02
3	64	c	6/15/2004	2:01	-151.65	59.64167	10	7	6.934	24.1256	30.9951	106.79835	10.34047	8.0333	2.3578	3.4948	4.05E-02
3	64	c	6/15/2004	2:01	-151.65	59.64167	10	8	7.925	24.2007	31.0681	106.82153	10.368	7.9064	3.2793	3.2374	4.03E-02
3	64	c	6/15/2004	2:01	-151.65	59.64167	10	9	8.916	24.2722	31.133	103.354	10.06134	7.759	3.345	3.1861	3.99E-02
