Cruise	Station	Type	mon/day/yr	hh:mm	Lon (E)	Lat (N)	Bot. Depth [m]	Press	Temperature [C]	fluor [v]	Depth [m]	Sigma	Salinity [psu]
4	55	c	7/18/2004	23:46	-151.65	59.49167	20	1	11.1146	0.8946	0.991	23.2433	30.486
4	55	c	7/18/2004	23:46	-151.65	59.49167	20	2	10.6148	0.9664	1.981	23.4979	30.7038
4	55	c	7/18/2004	23:46	-151.65	59.49167	20	3	10.3951	1.0134	2.972	23.6246	30.8193
4	55	c	7/18/2004	23:46	-151.65	59.49167	20	4	10.2771	1.0145	3.963	23.6997	30.8906
4	55	c	7/18/2004	23:46	-151.65	59.49167	20	5	10.1863	1.0167	4.953	23.7539	30.9409
4	55	c	7/18/2004	23:46	-151.65	59.49167	20	6	9.9794	0.9881	5.944	23.8809	31.0605
4	55	c	7/18/2004	23:46	-151.65	59.49167	20	7	9.661	0.9023	6.934	24.0563	31.2195
4	55	c	7/18/2004	23:46	-151.65	59.49167	20	8	9.531	0.8227	7.925	24.1179	31.272
4	55	c	7/18/2004	23:46	-151.65	59.49167	20	9	9.4997	0.7932	8.916	24.1305	31.2817
4	55	c	7/18/2004	23:46	-151.65	59.49167	20	10	9.3928	0.7712	9.906	24.1767	31.3193
4	55	c	7/18/2004	23:46	-151.65	59.49167	20	11	9.3661	0.7609	10.897	24.1859	31.3258
4	55	c	7/18/2004	23:46	-151.65	59.49167	20	12	9.35	0.7508	11.887	24.1916	31.3297
4	55	c	7/18/2004	23:46	-151.65	59.49167	20	13	9.345	0.7416	12.878	24.193	31.3306
4	55	c	7/18/2004	23:46	-151.65	59.49167	20	14	9.3276	0.7377	13.869	24.1995	31.3353
4	55	c	7/18/2004	23:46	-151.65	59.49167	20	15	9.3171	0.726	14.859	24.203	31.3376
4	55	c	7/18/2004	23:46	-151.65	59.49167	20	16	9.3011	0.7162	15.85	24.2089	31.3421
4	55	c	7/18/2004	23:46	-151.65	59.49167	20	17	9.2972	0.7172	16.84	24.2102	31.3429
4	57	c	7/18/2004	23:46	-151.65	59.525	109	1	11.9653	0.6773	0.991	22.7481	30.0425
4	57	c	7/18/2004	23:46	-151.65	59.525	109	2	12.0918	0.7081	1.981	22.7492	30.0733
4	57	c	7/18/2004	23:46	-151.65	59.525	109	3	11.2227	0.7825	2.972	23.2886	30.5692
4	57	c	7/18/2004	23:46	-151.65	59.525	109	4	10.634	0.8501	3.962	23.6858	30.9492
4	57	c	7/18/2004	23:46	-151.65	59.525	109	5	10.5211	0.8257	4.953	23.7622	31.023
4	57	c	7/18/2004	23:46	-151.65	59.525	109	6	10.3942	0.7723	5.944	23.8089	31.0557
4	57	c	7/18/2004	23:46	-151.65	59.525	109	7	10.2504	0.7962	6.934	23.8618	31.0928
4	57	c	7/18/2004	23:46	-151.65	59.525	109	8	9.9696	0.7992	7.925	23.9498	31.1467
4	57	c	7/18/2004	23:46	-151.65	59.525	109	9	9.7071	0.7804	8.916	24.0248	31.1886
4	57	c	7/18/2004	23:46	-151.65	59.525	109	10	9.4774	0.7932	9.906	24.0862	31.2206
4	57	c	7/18/2004	23:46	-151.65	59.525	109	11	9.1295	0.7697	10.897	24.1885	31.2821
4	57	c	7/18/2004	23:46	-151.65	59.525	109	12	8.9272	0.8275	11.887	24.2492	31.32
4	57	c	7/18/2004	23:46	-151.65	59.525	109	13	8.8024	0.7715	12.878	24.2954	31.355
4	57	c	7/18/2004	23:46	-151.65	59.525	109	14	8.7838	0.7387	13.869	24.3098	31.3698
4	57	c	7/18/2004	23:46	-151.65	59.525	109	15	8.7945	0.7297	14.859	24.3158	31.3795
4	57	c	7/18/2004	23:46	-151.65	59.525	109	16	8.7619	0.708	15.85	24.326	31.3862
4	57	c	7/18/2004	23:46	-151.65	59.525	109	17	8.8006	0.7137	16.84	24.3359	31.4063
4	57	c	7/18/2004	23:46	-151.65	59.525	109	18	8.7085	0.7103	17.831	24.3471	31.403
4	57	c	7/18/2004	23:46	-151.65	59.525	109	19	8.6157	0.6823	18.821	24.3614	31.4035
4	57	c	7/18/2004	23:46	-151.65	59.525	109	20	8.5732	0.6628	19.812	24.3741	31.4117
4	57	c	7/18/2004	23:46	-151.65	59.525	109	21	8.5714	0.6651	20.803	24.3754	31.4129
4	57	c	7/18/2004	23:46	-151.65	59.525	109	22	8.5696	0.6662	21.793	24.3748	31.4118
4	57	c	7/18/2004	23:46	-151.65	59.525	109	23	8.5709	0.6617	22.784	24.3755	31.413
4	57	c	7/18/2004	23:46	-151.65	59.525	109	24	8.5813	0.651	23.774	24.3769	31.4167
4	57	c	7/18/2004	23:46	-151.65	59.525	109	25	8.6326	0.6544	24.765	24.3822	31.4331
4	57	c	7/18/2004	23:46	-151.65	59.525	109	26	8.6872	0.6595	25.755	24.3879	31.4509
4	57	c	7/18/2004	23:46	-151.65	59.525	109	27	8.6947	0.6385	26.746	24.3958	31.4624
4	57	c	7/18/2004	23:46	-151.65	59.525	109	28	8.6372	0.6384	27.736	24.4049	31.463
4	57	c	7/18/2004	23:46	-151.65	59.525	109	29	8.5963	0.6351	28.727	24.4107	31.4626
4	57	c	7/18/2004	23:46	-151.65	59.525	109	30	8.5679	0.6328	29.717	24.4148	31.4624
4	57	c	7/18/2004	23:46	-151.65	59.525	109	31	8.5506	0.6211	30.708	24.4172	31.4622
4	57	c	7/18/2004	23:46	-151.65	59.525	109	32	8.5456	0.5973	31.698	24.4216	31.4669
4	57	c	7/18/2004	23:46	-151.65	59.525	109	33	8.5427	0.58	32.689	24.4226	31.4676
4	57	c	7/18/2004	23:46	-151.65	59.525	109	34	8.5257	0.5812	33.679	24.4252	31.4677
4	57	c	7/18/2004	23:46	-151.65	59.525	109	35	8.4865	0.5648	34.67	24.4322	31.4692
4	57	c	7/18/2004	23:46	-151.65	59.525	109	36	8.4646	0.5531	35.66	24.4366	31.4707
4	57	c	7/18/2004	23:46	-151.65	59.525	109	37	8.4197	0.5398	36.651	24.4441	31.4718
4	57	c	7/18/2004	23:46	-151.65	59.525	109	38	8.3868	0.527	37.641	24.4482	31.4709
4	57	c	7/18/2004	23:46	-151.65	59.525	109	39	8.3509	0.5243	38.632	24.4493	31.4656
4	57	c	7/18/2004	23:46	-151.65	59.525	109	40	8.2497	0.5145	39.622	24.451	31.4489
4	57	c	7/18/2004	23:46	-151.65	59.525	109	41	8.1932	0.5065	40.613	24.4534	31.4416
4	57	c	7/18/2004	23:46	-151.65	59.525	109	42	8.1863	0.5065	41.603	24.4528	31.4396
4	57	c	7/18/2004	23:46	-151.65	59.525	109	43	8.1733	0.5063	42.594	24.4531	31.4375
4	57	c	7/18/2004	23:46	-151.65	59.525	109	44	8.1509	0.5048	43.584	24.4541	31.4347
4	57	c	7/18/2004	23:46	-151.65	59.525	109	45	8.2616	0.5062	44.574	24.4559	31.4574
4	57	c	7/18/2004	23:46	-151.65	59.525	109	46	8.2857	0.5078	45.565	24.4558	31.4616
4	57	c	7/18/2004	23:46	-151.65	59.525	109	47	8.2832	0.5063	46.555	24.4556	31.4609
4	57	c	7/18/2004	23:46	-151.65	59.525	109	48	8.3012	0.5089	47.546	24.4563	31.4651
4	57	c	7/18/2004	23:46	-151.65	59.525	109	49	8.3073	0.5132	48.536	24.4577	31.4681
4	57	c	7/18/2004	23:46	-151.65	59.525	109	50	8.3047	0.5201	49.527	24.4585	31.4685
4	57	c	7/18/2004	23:46	-151.65	59.525	109	51	8.2995	0.5206	50.517	24.4592	31.4684
4	57	c	7/18/2004	23:46	-151.65	59.525	109	52	8.294	0.5244	51.507	24.4612	31.47
4	57	c	7/18/2004	23:46	-151.65	59.525	109	53	8.2953	0.5419	52.498	24.4626	31.472
4	57	c	7/18/2004	23:46	-151.65	59.525	109	54	8.2681	0.5352	53.488	24.4669	31.4724
4	57	c	7/18/2004	23:46	-151.65	59.525	109	55	8.2183	0.5276	54.479	24.4739	31.4721
4	57	c	7/18/2004	23:46	-151.65	59.525	109	56	8.2033	0.5226	55.469	24.4762	31.4724
4	57	c	7/18/2004	23:46	-151.65	59.525	109	57	8.1939	0.5167	56.459	24.476	31.4703
4	57	c	7/18/2004	23:46	-151.65	59.525	109	58	8.1895	0.5229	57.45	24.4769	31.4706
4	57	c	7/18/2004	23:46	-151.65	59.525	109	59	8.1659	0.5171	58.44	24.48	31.4702
4	57	c	7/18/2004	23:46	-151.65	59.525	109	60	8.1238	0.5098	59.43	24.485	31.4688
4	57	c	7/18/2004	23:46	-151.65	59.525	109	61	8.0932	0.5067	60.421	24.4873	31.4662
4	57	c	7/18/2004	23:46	-151.65	59.525	109	62	8.0607	0.5025	61.411	24.4893	31.4628
4	57	c	7/18/2004	23:46	-151.65	59.525	109	63	8.0222	0.4962	62.402	24.4928	31.4603
4	57	c	7/18/2004	23:46	-151.65	59.525	109	64	7.9806	0.4955	63.392	24.4969	31.458
4	57	c	7/18/2004	23:46	-151.65	59.525	109	65	7.9644	0.4928	64.382	24.498	31.4564
4	57	c	7/18/2004	23:46	-151.65	59.525	109	66	7.9535	0.4928	65.373	24.4981	31.4545
4	57	c	7/18/2004	23:46	-151.65	59.525	109	67	7.9465	0.491	66.363	24.4983	31.4536
4	57	c	7/18/2004	23:46	-151.65	59.525	109	68	7.9133	0.4903	67.353	24.502	31.4523
4	57	c	7/18/2004	23:46	-151.65	59.525	109	69	7.8301	0.4891	68.343	24.5085	31.4457
4	57	c	7/18/2004	23:46	-151.65	59.525	109	70	7.745	0.487	69.334	24.515	31.4388
4	57	c	7/18/2004	23:46	-151.65	59.525	109	71	7.7183	0.4864	70.324	24.5182	31.4382
4	57	c	7/18/2004	23:46	-151.65	59.525	109	72	7.7003	0.486	71.314	24.5199	31.4372
4	57	c	7/18/2004	23:46	-151.65	59.525	109	73	7.6904	0.4857	72.305	24.5207	31.4363
4	57	c	7/18/2004	23:46	-151.65	59.525	109	74	7.6918	0.4864	73.295	24.5207	31.4366
4	57	c	7/18/2004	23:46	-151.65	59.525	109	75	7.6934	0.4856	74.285	24.5207	31.4369
4	57	c	7/18/2004	23:46	-151.65	59.525	109	76	7.6959	0.4856	75.276	24.521	31.4377
4	57	c	7/18/2004	23:46	-151.65	59.525	109	77	7.6977	0.4853	76.266	24.5209	31.4378
4	57	c	7/18/2004	23:46	-151.65	59.525	109	78	7.7073	0.4863	77.256	24.5235	31.4428
4	57	c	7/18/2004	23:46	-151.65	59.525	109	79	7.7096	0.4854	78.246	24.5281	31.4491
4	57	c	7/18/2004	23:46	-151.65	59.525	109	80	7.7011	0.4858	79.237	24.5305	31.4506
4	57	c	7/18/2004	23:46	-151.65	59.525	109	81	7.6904	0.4857	80.227	24.5323	31.451
4	57	c	7/18/2004	23:46	-151.65	59.525	109	82	7.6736	0.4858	81.217	24.5354	31.452
4	57	c	7/18/2004	23:46	-151.65	59.525	109	83	7.642	0.4857	82.208	24.5395	31.4516
4	57	c	7/18/2004	23:46	-151.65	59.525	109	84	7.6037	0.4853	83.198	24.5445	31.4512
4	57	c	7/18/2004	23:46	-151.65	59.525	109	85	7.588	0.486	84.188	24.5468	31.4514
4	57	c	7/18/2004	23:46	-151.65	59.525	109	86	7.5871	0.4846	85.178	24.547	31.4515
4	57	c	7/18/2004	23:46	-151.65	59.525	109	87	7.5878	0.4851	86.169	24.5476	31.4524
4	57	c	7/18/2004	23:46	-151.65	59.525	109	88	7.585	0.4852	87.159	24.5501	31.455
4	57	c	7/18/2004	23:46	-151.65	59.525	109	89	7.5863	0.486	88.149	24.5515	31.4571
4	57	c	7/18/2004	23:46	-151.65	59.525	109	90	7.5889	0.4858	89.139	24.5518	31.4579
4	57	c	7/18/2004	23:46	-151.65	59.525	109	91	7.5958	0.4856	90.129	24.5518	31.4591
4	57	c	7/18/2004	23:46	-151.65	59.525	109	92	7.6117	0.4849	91.12	24.5527	31.463
4	57	c	7/18/2004	23:46	-151.65	59.525	109	93	7.6449	0.4869	92.11	24.5523	31.4683
4	57	c	7/18/2004	23:46	-151.65	59.525	109	94	7.6473	0.4865	93.1	24.5525	31.4689
4	57	c	7/18/2004	23:46	-151.65	59.525	109	95	7.6568	0.4861	94.09	24.5527	31.4708
4	57	c	7/18/2004	23:46	-151.65	59.525	109	96	7.6586	0.4863	95.08	24.5527	31.4711
4	57	c	7/18/2004	23:46	-151.65	59.525	109	97	7.6665	0.4864	96.071	24.5527	31.4725
4	57	c	7/18/2004	23:46	-151.65	59.525	109	98	7.671	0.487	97.061	24.5527	31.4733
4	57	c	7/18/2004	23:46	-151.65	59.525	109	99	7.6747	0.4867	98.051	24.553	31.4744
4	57	c	7/18/2004	23:46	-151.65	59.525	109	100	7.671	0.4863	99.041	24.5536	31.4744
4	57	c	7/18/2004	23:46	-151.65	59.525	109	101	7.671	0.4873	100.031	24.5536	31.4744
4	57	c	7/18/2004	23:46	-151.65	59.525	109	102	7.666	0.4867	101.021	24.554	31.474
4	57	c	7/18/2004	23:46	-151.65	59.525	109	103	7.6651	0.4872	102.012	24.554	31.4738
4	57	c	7/18/2004	23:46	-151.65	59.525	109	104	7.6655	0.4868	103.002	24.554	31.4739
4	57	c	7/18/2004	23:46	-151.65	59.525	109	105	7.6657	0.4867	103.992	24.5542	31.4741
4	59	c	7/18/2004	23:46	-151.65	59.55833	78	1	12.4236	0.926	0.991	20.7502	27.569
4	59	c	7/18/2004	23:46	-151.65	59.55833	78	2	11.844	0.766	1.981	22.2517	29.3744
4	59	c	7/18/2004	23:46	-151.65	59.55833	78	3	10.7783	0.7345	2.972	23.1329	30.2704
4	59	c	7/18/2004	23:46	-151.65	59.55833	78	4	10.6332	0.6873	3.963	23.5983	30.8368
4	59	c	7/18/2004	23:46	-151.65	59.55833	78	5	10.4407	0.6711	4.953	23.756	30.9978
4	59	c	7/18/2004	23:46	-151.65	59.55833	78	6	9.9525	0.6618	5.944	23.9763	31.1773
4	59	c	7/18/2004	23:46	-151.65	59.55833	78	7	9.6053	0.6685	6.934	24.0821	31.2411
4	59	c	7/18/2004	23:46	-151.65	59.55833	78	8	9.3574	0.6871	7.925	24.1418	31.2676
4	59	c	7/18/2004	23:46	-151.65	59.55833	78	9	9.0575	0.6945	8.916	24.2316	31.3231
4	59	c	7/18/2004	23:46	-151.65	59.55833	78	10	8.9434	0.7108	9.906	24.259	31.3358
4	59	c	7/18/2004	23:46	-151.65	59.55833	78	11	8.9058	0.7142	10.897	24.2664	31.338
4	59	c	7/18/2004	23:46	-151.65	59.55833	78	12	8.7908	0.7334	11.887	24.3106	31.3723
4	59	c	7/18/2004	23:46	-151.65	59.55833	78	13	8.7272	0.7273	12.878	24.3386	31.3957
4	59	c	7/18/2004	23:46	-151.65	59.55833	78	14	8.7291	0.7244	13.869	24.3388	31.3963
4	59	c	7/18/2004	23:46	-151.65	59.55833	78	15	8.7344	0.734	14.859	24.3411	31.4003
4	59	c	7/18/2004	23:46	-151.65	59.55833	78	16	8.7494	0.714	15.85	24.3435	31.4063
4	59	c	7/18/2004	23:46	-151.65	59.55833	78	17	8.7609	0.7133	16.84	24.3471	31.413
4	59	c	7/18/2004	23:46	-151.65	59.55833	78	18	8.7754	0.7101	17.831	24.3549	31.4257
4	59	c	7/18/2004	23:46	-151.65	59.55833	78	19	8.769	0.6932	18.821	24.3681	31.4413
4	59	c	7/18/2004	23:46	-151.65	59.55833	78	20	8.7507	0.6774	19.812	24.3843	31.4585
4	59	c	7/18/2004	23:46	-151.65	59.55833	78	21	8.7497	0.6588	20.803	24.3852	31.4595
4	59	c	7/18/2004	23:46	-151.65	59.55833	78	22	8.7515	0.6599	21.793	24.3851	31.4596
4	59	c	7/18/2004	23:46	-151.65	59.55833	78	23	8.7548	0.6598	22.784	24.3852	31.4604
4	59	c	7/18/2004	23:46	-151.65	59.55833	78	24	8.7561	0.6408	23.774	24.3851	31.4605
4	59	c	7/18/2004	23:46	-151.65	59.55833	78	25	8.7572	0.6461	24.765	24.3854	31.4611
4	59	c	7/18/2004	23:46	-151.65	59.55833	78	26	8.7562	0.6519	25.756	24.3853	31.4607
4	59	c	7/18/2004	23:46	-151.65	59.55833	78	27	8.699	0.6365	26.746	24.3961	31.4636
4	59	c	7/18/2004	23:46	-151.65	59.55833	78	28	8.5919	0.6267	27.736	24.4131	31.4649
4	59	c	7/18/2004	23:46	-151.65	59.55833	78	29	8.5638	0.6121	28.727	24.4175	31.4652
4	59	c	7/18/2004	23:46	-151.65	59.55833	78	30	8.5555	0.6084	29.717	24.4189	31.4654
4	59	c	7/18/2004	23:46	-151.65	59.55833	78	31	8.5449	0.6003	30.708	24.4207	31.4655
4	59	c	7/18/2004	23:46	-151.65	59.55833	78	32	8.5278	0.6075	31.698	24.4252	31.4681
4	59	c	7/18/2004	23:46	-151.65	59.55833	78	33	8.528	0.5859	32.689	24.4337	31.479
4	59	c	7/18/2004	23:46	-151.65	59.55833	78	34	8.52	0.5757	33.679	24.4398	31.4852
4	59	c	7/18/2004	23:46	-151.65	59.55833	78	35	8.5243	0.5698	34.67	24.4424	31.4893
4	59	c	7/18/2004	23:46	-151.65	59.55833	78	36	8.5412	0.564	35.66	24.4463	31.4975
4	59	c	7/18/2004	23:46	-151.65	59.55833	78	37	8.5281	0.5634	36.651	24.4485	31.4978
4	59	c	7/18/2004	23:46	-151.65	59.55833	78	38	8.4891	0.5642	37.641	24.4532	31.4965
4	59	c	7/18/2004	23:46	-151.65	59.55833	78	39	8.4613	0.5702	38.632	24.4559	31.4946
4	59	c	7/18/2004	23:46	-151.65	59.55833	78	40	8.4411	0.5576	39.622	24.4576	31.493
4	59	c	7/18/2004	23:46	-151.65	59.55833	78	41	8.4234	0.5576	40.613	24.4599	31.4926
4	59	c	7/18/2004	23:46	-151.65	59.55833	78	42	8.3777	0.55	41.603	24.4641	31.4894
4	59	c	7/18/2004	23:46	-151.65	59.55833	78	43	8.3814	0.5535	42.594	24.4669	31.4937
4	59	c	7/18/2004	23:46	-151.65	59.55833	78	44	8.3777	0.5481	43.584	24.4682	31.4947
4	59	c	7/18/2004	23:46	-151.65	59.55833	78	45	8.3674	0.5516	44.574	24.4698	31.4947
4	59	c	7/18/2004	23:46	-151.65	59.55833	78	46	8.3625	0.5443	45.565	24.471	31.4954
4	59	c	7/18/2004	23:46	-151.65	59.55833	78	47	8.3812	0.5397	46.555	24.4726	31.5009
4	59	c	7/18/2004	23:46	-151.65	59.55833	78	48	8.3788	0.5397	47.546	24.4738	31.5019
4	59	c	7/18/2004	23:46	-151.65	59.55833	78	49	8.366	0.534	48.536	24.4754	31.5015
4	59	c	7/18/2004	23:46	-151.65	59.55833	78	50	8.3594	0.5356	49.527	24.4766	31.5019
4	59	c	7/18/2004	23:46	-151.65	59.55833	78	51	8.3371	0.5329	50.517	24.4779	31.4993
4	59	c	7/18/2004	23:46	-151.65	59.55833	78	52	8.2855	0.5276	51.507	24.4801	31.4926
4	59	c	7/18/2004	23:46	-151.65	59.55833	78	53	8.2073	0.5247	52.498	24.486	31.4856
4	59	c	7/18/2004	23:46	-151.65	59.55833	78	54	8.1337	0.5219	53.488	24.4901	31.4774
4	59	c	7/18/2004	23:46	-151.65	59.55833	78	55	8.0512	0.5197	54.479	24.4954	31.469
4	59	c	7/18/2004	23:46	-151.65	59.55833	78	56	8.0109	0.5159	55.469	24.4979	31.4649
4	59	c	7/18/2004	23:46	-151.65	59.55833	78	57	7.9663	0.5172	56.459	24.5007	31.4604
4	59	c	7/18/2004	23:46	-151.65	59.55833	78	58	7.9288	0.5145	57.45	24.5035	31.4571
4	59	c	7/18/2004	23:46	-151.65	59.55833	78	59	7.9322	0.5105	58.44	24.5065	31.4616
4	59	c	7/18/2004	23:46	-151.65	59.55833	78	60	7.939	0.5125	59.43	24.5096	31.4668
4	59	c	7/18/2004	23:46	-151.65	59.55833	78	61	7.9455	0.5129	60.421	24.5109	31.4695
4	59	c	7/18/2004	23:46	-151.65	59.55833	78	62	7.9454	0.5155	61.411	24.511	31.4696
4	59	c	7/18/2004	23:46	-151.65	59.55833	78	63	7.9481	0.5148	62.402	24.513	31.4727
4	59	c	7/18/2004	23:46	-151.65	59.55833	78	64	7.9445	0.5129	63.392	24.5196	31.4804
4	59	c	7/18/2004	23:46	-151.65	59.55833	78	65	7.9367	0.512	64.382	24.5254	31.4863
4	59	c	7/18/2004	23:46	-151.65	59.55833	78	66	7.9565	0.5101	65.373	24.5313	31.4974
4	59	c	7/18/2004	23:46	-151.65	59.55833	78	67	7.991	0.509	66.363	24.5356	31.5091
4	59	c	7/18/2004	23:46	-151.65	59.55833	78	68	8.0357	0.5102	67.353	24.538	31.5203
4	59	c	7/18/2004	23:46	-151.65	59.55833	78	69	8.0395	0.5075	68.344	24.5379	31.5208
4	59	c	7/18/2004	23:46	-151.65	59.55833	78	70	8.0481	0.5091	69.334	24.5382	31.5228
4	59	c	7/18/2004	23:46	-151.65	59.55833	78	71	8.0535	0.5079	70.324	24.5385	31.5241
4	59	c	7/18/2004	23:46	-151.65	59.55833	78	72	8.0559	0.5078	71.314	24.5385	31.5246
4	61	c	7/18/2004	23:46	-151.65	59.59167	36	1	11.394	1.0785	0.991	21.5852	28.4131
4	61	c	7/18/2004	23:46	-151.65	59.59167	36	2	11.1193	1.1136	1.981	22.3507	29.3392
4	61	c	7/18/2004	23:46	-151.65	59.59167	36	3	11.4793	0.8415	2.972	22.6716	29.8321
4	61	c	7/18/2004	23:46	-151.65	59.59167	36	4	11.4578	0.8698	3.962	22.7792	29.9657
4	61	c	7/18/2004	23:46	-151.65	59.59167	36	5	10.6647	0.8408	4.953	23.392	30.5793
4	61	c	7/18/2004	23:46	-151.65	59.59167	36	6	9.7733	0.7773	5.944	23.9369	31.0901
4	61	c	7/18/2004	23:46	-151.65	59.59167	36	7	9.3303	0.7629	6.934	24.1293	31.2466
4	61	c	7/18/2004	23:46	-151.65	59.59167	36	8	8.6756	0.798	7.925	24.2782	31.3084
4	61	c	7/18/2004	23:46	-151.65	59.59167	36	9	8.6402	0.7867	8.916	24.2727	31.2951
4	61	c	7/18/2004	23:46	-151.65	59.59167	36	10	8.549	0.7767	9.906	24.2848	31.2932
4	61	c	7/18/2004	23:46	-151.65	59.59167	36	11	8.4779	0.7662	10.897	24.2933	31.2907
4	61	c	7/18/2004	23:46	-151.65	59.59167	36	12	8.421	0.7536	11.888	24.3018	31.2909
4	61	c	7/18/2004	23:46	-151.65	59.59167	36	13	8.3168	0.7154	12.878	24.3212	31.2963
4	61	c	7/18/2004	23:46	-151.65	59.59167	36	14	8.2793	0.6804	13.869	24.345	31.3198
4	61	c	7/18/2004	23:46	-151.65	59.59167	36	15	8.2019	0.665	14.859	24.3646	31.3304
4	61	c	7/18/2004	23:46	-151.65	59.59167	36	16	8.1754	0.6422	15.85	24.3649	31.3259
4	61	c	7/18/2004	23:46	-151.65	59.59167	36	17	8.1638	0.6424	16.84	24.3661	31.3253
4	61	c	7/18/2004	23:46	-151.65	59.59167	36	18	8.1574	0.6376	17.831	24.3661	31.3242
4	61	c	7/18/2004	23:46	-151.65	59.59167	36	19	8.1463	0.6303	18.822	24.3669	31.3231
4	61	c	7/18/2004	23:46	-151.65	59.59167	36	20	8.1339	0.6267	19.812	24.3715	31.3266
4	61	c	7/18/2004	23:46	-151.65	59.59167	36	21	8.1267	0.6273	20.803	24.3729	31.3271
4	61	c	7/18/2004	23:46	-151.65	59.59167	36	22	8.1069	0.6298	21.793	24.3775	31.3295
4	61	c	7/18/2004	23:46	-151.65	59.59167	36	23	8.0612	0.6228	22.784	24.3931	31.341
4	61	c	7/18/2004	23:46	-151.65	59.59167	36	24	8.0628	0.6105	23.774	24.4048	31.3561
4	61	c	7/18/2004	23:46	-151.65	59.59167	36	25	8.0691	0.6147	24.765	24.4153	31.3707
4	61	c	7/18/2004	23:46	-151.65	59.59167	36	26	8.0735	0.6248	25.755	24.4175	31.3742
4	61	c	7/18/2004	23:46	-151.65	59.59167	36	27	8.0821	0.6159	26.746	24.422	31.3815
4	61	c	7/18/2004	23:46	-151.65	59.59167	36	28	8.084	0.6014	27.736	24.4254	31.3862
4	61	c	7/18/2004	23:46	-151.65	59.59167	36	29	8.0816	0.599	28.727	24.4282	31.3892
4	61	c	7/18/2004	23:46	-151.65	59.59167	36	30	8.0762	0.6034	29.717	24.4338	31.3955
4	61	c	7/18/2004	23:46	-151.65	59.59167	36	31	8.0716	0.6114	30.708	24.4368	31.3984
4	61	c	7/18/2004	23:46	-151.65	59.59167	36	32	8.0661	0.608	31.698	24.4399	31.4014
4	61	c	7/18/2004	23:46	-151.65	59.59167	36	33	8.0667	0.6083	32.689	24.4395	31.401
4	61	c	7/18/2004	23:46	-151.65	59.59167	36	34	8.066	0.6205	33.679	24.4397	31.401
4	63	c	7/18/2004	23:46	-151.65	59.625	28	1	11.8847	0.947	0.991	21.8843	28.9091
4	63	c	7/18/2004	23:46	-151.65	59.625	28	2	11.7772	0.7954	1.981	22.4585	29.6252
4	63	c	7/18/2004	23:46	-151.65	59.625	28	3	11.792	0.8274	2.972	22.4898	29.669
4	63	c	7/18/2004	23:46	-151.65	59.625	28	4	11.2915	0.8499	3.962	22.8022	29.9579
4	63	c	7/18/2004	23:46	-151.65	59.625	28	5	10.6384	0.8503	4.953	23.4341	30.627
4	63	c	7/18/2004	23:46	-151.65	59.625	28	6	9.9453	0.8412	5.944	23.6608	30.7712
4	63	c	7/18/2004	23:46	-151.65	59.625	28	7	9.475	0.9164	6.935	23.7236	30.7559
4	63	c	7/18/2004	23:46	-151.65	59.625	28	8	9.0336	1.0662	7.925	23.7987	30.7648
4	63	c	7/18/2004	23:46	-151.65	59.625	28	9	8.9513	1.136	8.916	23.8873	30.8622
4	63	c	7/18/2004	23:46	-151.65	59.625	28	10	9.0211	1.0502	9.906	23.9497	30.9554
4	63	c	7/18/2004	23:46	-151.65	59.625	28	11	8.9682	0.8001	10.897	24.1599	31.2139
4	63	c	7/18/2004	23:46	-151.65	59.625	28	12	8.9817	0.746	11.887	24.2516	31.3337
4	63	c	7/18/2004	23:46	-151.65	59.625	28	13	9.0716	0.7703	12.878	24.2506	31.35
4	63	c	7/18/2004	23:46	-151.65	59.625	28	14	9.1124	0.7873	13.869	24.2536	31.3619
4	63	c	7/18/2004	23:46	-151.65	59.625	28	15	9.1061	0.7973	14.859	24.2579	31.3661
4	63	c	7/18/2004	23:46	-151.65	59.625	28	16	8.9892	0.8172	15.85	24.2763	31.3667
4	63	c	7/18/2004	23:46	-151.65	59.625	28	17	8.8023	0.8258	16.84	24.3015	31.3627
4	63	c	7/18/2004	23:46	-151.65	59.625	28	18	8.7183	0.8108	17.831	24.3124	31.3606
4	63	c	7/18/2004	23:46	-151.65	59.625	28	19	8.6304	0.7928	18.821	24.3238	31.3583
4	63	c	7/18/2004	23:46	-151.65	59.625	28	20	8.4806	0.7928	19.812	24.3427	31.3542
4	63	c	7/18/2004	23:46	-151.65	59.625	28	21	8.3806	0.8086	20.803	24.3545	31.3505
4	63	c	7/18/2004	23:46	-151.65	59.625	28	22	8.321	0.8439	21.793	24.3614	31.3482
4	63	c	7/18/2004	23:46	-151.65	59.625	28	23	8.3105	0.8393	22.784	24.3618	31.3468
4	63	c	7/18/2004	23:46	-151.65	59.625	28	24	8.3066	0.8765	23.774	24.3612	31.3453
4	63	c	7/18/2004	23:46	-151.65	59.625	28	25	8.3078	0.9075	24.765	24.3602	31.3442
4	63	c	7/18/2004	23:46	-151.65	59.625	28	26	8.3108	0.956	25.755	24.3592	31.3435
4	63	c	7/18/2004	23:46	-151.65	59.625	28	27	8.3143	1.7279	26.746	24.3571	31.3414
