Cruise	Station	Type	mon/day/yr	hh:mm	Lon (E)	Lat (N)	Bot. Depth [m]	Press	Depth [m]	Sigma	Salinity [psu]	oxper [%]	oxconc	Temperature [C]	fluor [v]	tran [v]	PAR
1	55	c	5/27/2004	5:46	-151.65	59.49167	20	1	0.991	24.3579	31.1124	96.98333	9.61078	6.999	0.7573	3.9353	1.43E+01
1	55	c	5/27/2004	5:46	-151.65	59.49167	20	2	1.981	24.451	31.2262	95.78975	9.4915	6.972	0.5857	3.9765	1.04E+01
1	55	c	5/27/2004	5:46	-151.65	59.49167	20	3	2.972	24.4646	31.239	95.30344	9.44865	6.9443	0.6294	4.015	8.68E+00
1	55	c	5/27/2004	5:46	-151.65	59.49167	20	4	3.963	24.484	31.254	95.01875	9.43223	6.8868	0.6347	4.0032	7.62E+00
1	55	c	5/27/2004	5:46	-151.65	59.49167	20	5	4.953	24.5213	31.3028	94.88856	9.41453	6.8949	0.5984	4.0211	6.36E+00
1	55	c	5/27/2004	5:46	-151.65	59.49167	20	6	5.944	24.5359	31.3152	94.40406	9.3738	6.8579	0.5776	4.0475	5.37E+00
1	55	c	5/27/2004	5:46	-151.65	59.49167	20	7	6.934	24.5836	31.3478	93.38294	9.30823	6.6849	0.6161	4.0447	4.50E+00
1	55	c	5/27/2004	5:46	-151.65	59.49167	20	8	7.925	24.6042	31.3613	93.18116	9.30438	6.6069	0.6518	4.0331	3.82E+00
1	55	c	5/27/2004	5:46	-151.65	59.49167	20	9	8.916	24.6077	31.3638	92.92073	9.28089	6.5947	0.6588	4.0212	3.20E+00
1	55	c	5/27/2004	5:46	-151.65	59.49167	20	10	9.906	24.6157	31.3714	92.70166	9.26211	6.5784	0.6159	4.0246	2.68E+00
1	55	c	5/27/2004	5:46	-151.65	59.49167	20	11	10.897	24.639	31.3935	92.20728	9.22155	6.5317	0.6355	4.0397	2.25E+00
1	55	c	5/27/2004	5:46	-151.65	59.49167	20	12	11.887	24.6661	31.4184	91.48388	9.16053	6.4724	0.6547	4.0482	1.89E+00
1	55	c	5/27/2004	5:46	-151.65	59.49167	20	13	12.878	24.6956	31.4461	90.9719	9.12103	6.4102	0.5918	4.0848	1.60E+00
1	55	c	5/27/2004	5:46	-151.65	59.49167	20	14	13.869	24.7056	31.4547	90.66796	9.09555	6.3846	0.5144	4.1015	1.37E+00
1	55	c	5/27/2004	5:46	-151.65	59.49167	20	15	14.859	24.7111	31.4592	90.35946	9.06767	6.3691	0.4838	4.1141	1.18E+00
1	55	c	5/27/2004	5:46	-151.65	59.49167	20	16	15.85	24.713	31.4606	90.08494	9.04146	6.3624	0.4448	4.1307	1.02E+00
1	55	c	5/27/2004	5:46	-151.65	59.49167	20	17	16.84	24.7144	31.4618	89.89962	9.02357	6.3588	0.4614	4.1377	8.86E-01
1	55	c	5/27/2004	5:46	-151.65	59.49167	20	18	17.831	24.7155	31.4628	89.80325	9.01431	6.3565	0.4576	4.1291	7.71E-01
1	55	c	5/27/2004	5:46	-151.65	59.49167	20	19	18.822	24.7159	31.4633	89.61912	8.99586	6.3563	0.4541	4.1349	6.72E-01
1	56	c	5/27/2004	5:59	-151.65	59.50833	101	1	0.991	23.8934	30.6582	100.59458	9.81287	7.803	0.6063	3.916	2.72E+01
1	56	c	5/27/2004	5:59	-151.65	59.50833	101	2	1.981	24.0141	30.8015	100.81202	9.83864	7.7429	0.6482	3.9263	2.04E+01
1	56	c	5/27/2004	5:59	-151.65	59.50833	101	3	2.972	24.0328	30.8431	101.6287	9.89249	7.8443	0.6044	3.9199	1.75E+01
1	56	c	5/27/2004	5:59	-151.65	59.50833	101	4	3.962	24.1004	30.9407	101.55033	9.86416	7.9081	0.5826	3.943	1.47E+01
1	56	c	5/27/2004	5:59	-151.65	59.50833	101	5	4.953	24.2248	31.0556	102.35179	9.99118	7.662	0.4732	3.995	1.22E+01
1	56	c	5/27/2004	5:59	-151.65	59.50833	101	6	5.944	24.3068	31.1501	102.83717	10.04559	7.6054	0.4086	4.0604	1.03E+01
1	56	c	5/27/2004	5:59	-151.65	59.50833	101	7	6.934	24.3309	31.1808	102.62016	10.02246	7.6052	0.4095	4.0784	8.72E+00
1	56	c	5/27/2004	5:59	-151.65	59.50833	101	8	7.925	24.3367	31.1856	102.21183	9.98578	7.59	0.4029	4.0771	7.38E+00
1	56	c	5/27/2004	5:59	-151.65	59.50833	101	9	8.916	24.3663	31.1931	101.61407	9.96708	7.4157	0.477	4.0561	6.22E+00
1	56	c	5/27/2004	5:59	-151.65	59.50833	101	10	9.906	24.4143	31.2067	99.94918	9.86695	7.1355	0.5793	4.0311	5.24E+00
1	56	c	5/27/2004	5:59	-151.65	59.50833	101	11	10.897	24.4879	31.2636	98.04013	9.72499	6.9154	0.5884	4.0194	4.37E+00
1	56	c	5/27/2004	5:59	-151.65	59.50833	101	12	11.887	24.5534	31.3289	97.08595	9.65104	6.8059	0.608	4.0522	3.66E+00
1	56	c	5/27/2004	5:59	-151.65	59.50833	101	13	12.878	24.5829	31.3563	96.89799	9.64456	6.7444	0.6017	4.0586	3.08E+00
1	56	c	5/27/2004	5:59	-151.65	59.50833	101	14	13.869	24.6448	31.4122	95.66839	9.55034	6.6033	0.6225	4.0743	2.58E+00
1	56	c	5/27/2004	5:59	-151.65	59.50833	101	15	14.859	24.689	31.4515	94.27042	9.43187	6.4977	0.5374	4.1019	2.18E+00
1	56	c	5/27/2004	5:59	-151.65	59.50833	101	16	15.85	24.7223	31.4787	93.0012	9.32405	6.4031	0.5539	4.1132	1.85E+00
1	56	c	5/27/2004	5:59	-151.65	59.50833	101	17	16.84	24.7444	31.4983	91.89936	9.22428	6.3488	0.4687	4.1325	1.57E+00
1	56	c	5/27/2004	5:59	-151.65	59.50833	101	18	17.831	24.7546	31.5057	91.29912	9.17113	6.314	0.4763	4.1468	1.36E+00
1	56	c	5/27/2004	5:59	-151.65	59.50833	101	19	18.822	24.7608	31.5107	90.6522	9.10996	6.295	0.4933	4.1532	1.17E+00
1	56	c	5/27/2004	5:59	-151.65	59.50833	101	20	19.812	24.7616	31.5112	90.40717	9.08594	6.292	0.4813	4.1587	1.02E+00
1	56	c	5/27/2004	5:59	-151.65	59.50833	101	21	20.803	24.7647	31.5133	90.22151	9.0697	6.2802	0.481	4.1716	8.79E-01
1	56	c	5/27/2004	5:59	-151.65	59.50833	101	22	21.793	24.769	31.5164	90.11973	9.06239	6.2657	0.4538	4.1718	7.65E-01
1	56	c	5/27/2004	5:59	-151.65	59.50833	101	23	22.784	24.7717	31.5183	89.99848	9.05214	6.2562	0.4422	4.1714	6.68E-01
1	56	c	5/27/2004	5:59	-151.65	59.50833	101	24	23.774	24.7782	31.5228	89.85607	9.04277	6.2318	0.4368	4.1788	5.83E-01
1	56	c	5/27/2004	5:59	-151.65	59.50833	101	25	24.765	24.7789	31.5232	89.84231	9.04202	6.2287	0.4185	4.1741	5.10E-01
1	56	c	5/27/2004	5:59	-151.65	59.50833	101	26	25.755	24.7805	31.5246	89.78358	9.03686	6.2249	0.4336	4.1756	4.47E-01
1	56	c	5/27/2004	5:59	-151.65	59.50833	101	27	26.746	24.7837	31.5274	89.77839	9.03806	6.2161	0.4356	4.1777	3.92E-01
1	56	c	5/27/2004	5:59	-151.65	59.50833	101	28	27.736	24.7879	31.5302	89.63211	9.02661	6.2	0.4016	4.1869	3.43E-01
1	56	c	5/27/2004	5:59	-151.65	59.50833	101	29	28.727	24.788	31.5302	89.54618	9.01806	6.1995	0.4028	4.1798	3.02E-01
1	56	c	5/27/2004	5:59	-151.65	59.50833	101	30	29.717	24.7894	31.5312	89.61089	9.02544	6.1952	0.3988	4.1838	2.66E-01
1	56	c	5/27/2004	5:59	-151.65	59.50833	101	31	30.708	24.7914	31.5324	89.60423	9.02674	6.1857	0.4357	4.1925	2.35E-01
1	56	c	5/27/2004	5:59	-151.65	59.50833	101	32	31.698	24.7956	31.5329	89.42179	9.01499	6.1546	0.3588	4.1881	2.08E-01
1	56	c	5/27/2004	5:59	-151.65	59.50833	101	33	32.689	24.7966	31.5329	89.2305	8.99747	6.1464	0.3632	4.1836	1.84E-01
1	56	c	5/27/2004	5:59	-151.65	59.50833	101	34	33.679	24.7972	31.532	89.08268	8.98481	6.1361	0.3718	4.1824	1.64E-01
1	56	c	5/27/2004	5:59	-151.65	59.50833	101	35	34.67	24.8034	31.5325	89.09015	8.9959	6.0876	0.3322	4.1764	1.47E-01
1	56	c	5/27/2004	5:59	-151.65	59.50833	101	36	35.66	24.8165	31.5426	89.08602	9.00392	6.0454	0.309	4.1761	1.31E-01
1	56	c	5/27/2004	5:59	-151.65	59.50833	101	37	36.651	24.8209	31.5444	89.05414	9.00607	6.0199	0.2869	4.1799	1.18E-01
1	56	c	5/27/2004	5:59	-151.65	59.50833	101	38	37.641	24.8237	31.5449	89.02224	9.00701	6.0003	0.283	4.1753	1.06E-01
1	56	c	5/27/2004	5:59	-151.65	59.50833	101	39	38.632	24.8244	31.5452	89.10012	9.01556	5.9971	0.2825	4.1736	9.62E-02
1	56	c	5/27/2004	5:59	-151.65	59.50833	101	40	39.622	24.8252	31.5451	89.0438	9.01142	5.9899	0.3203	4.1706	8.77E-02
1	56	c	5/27/2004	5:59	-151.65	59.50833	101	41	40.613	24.8274	31.5455	88.98355	9.00863	5.9743	0.2912	4.1692	8.05E-02
1	56	c	5/27/2004	5:59	-151.65	59.50833	101	42	41.603	24.827	31.5452	88.97273	9.00746	5.9748	0.2861	4.1653	7.41E-02
1	56	c	5/27/2004	5:59	-151.65	59.50833	101	43	42.594	24.8276	31.5447	88.94157	9.006	5.967	0.2796	4.164	6.88E-02
1	56	c	5/27/2004	5:59	-151.65	59.50833	101	44	43.584	24.8299	31.5431	88.79607	8.99777	5.9371	0.2983	4.1572	6.43E-02
1	56	c	5/27/2004	5:59	-151.65	59.50833	101	45	44.574	24.8351	31.5417	88.69366	8.99882	5.8843	0.2889	4.1451	6.03E-02
1	56	c	5/27/2004	5:59	-151.65	59.50833	101	46	45.565	24.8393	31.5429	88.63187	8.99841	5.8567	0.279	4.1394	5.69E-02
1	56	c	5/27/2004	5:59	-151.65	59.50833	101	47	46.555	24.8417	31.5416	88.31417	8.97256	5.8271	0.2486	4.1351	5.41E-02
1	56	c	5/27/2004	5:59	-151.65	59.50833	101	48	47.546	24.8446	31.542	88.16544	8.96218	5.805	0.2435	4.135	5.17E-02
1	56	c	5/27/2004	5:59	-151.65	59.50833	101	49	48.536	24.8455	31.5416	88.10664	8.95829	5.7953	0.251	4.1321	4.97E-02
1	56	c	5/27/2004	5:59	-151.65	59.50833	101	50	49.527	24.8466	31.5406	88.00343	8.95145	5.7786	0.2495	4.1296	4.79E-02
1	56	c	5/27/2004	5:59	-151.65	59.50833	101	51	50.517	24.8483	31.5404	87.91259	8.94551	5.7632	0.2459	4.1288	4.65E-02
1	56	c	5/27/2004	5:59	-151.65	59.50833	101	52	51.507	24.8503	31.5405	87.75048	8.93262	5.7463	0.2505	4.1219	4.52E-02
1	56	c	5/27/2004	5:59	-151.65	59.50833	101	53	52.498	24.854	31.5414	87.55574	8.91813	5.7211	0.2314	4.116	4.41E-02
1	56	c	5/27/2004	5:59	-151.65	59.50833	101	54	53.488	24.859	31.5422	87.19972	8.88985	5.6834	0.2164	4.1043	4.32E-02
1	56	c	5/27/2004	5:59	-151.65	59.50833	101	55	54.479	24.8611	31.5398	86.85752	8.86255	5.6483	0.227	4.0912	4.24E-02
1	56	c	5/27/2004	5:59	-151.65	59.50833	101	56	55.469	24.8632	31.5384	86.60155	8.8422	5.6215	0.2136	4.0836	4.17E-02
1	56	c	5/27/2004	5:59	-151.65	59.50833	101	57	56.459	24.8634	31.5346	86.36518	8.82426	5.5933	0.2149	4.0778	4.11E-02
1	56	c	5/27/2004	5:59	-151.65	59.50833	101	58	57.45	24.8662	31.5308	86.02477	8.80043	5.5425	0.2178	4.0728	4.06E-02
1	56	c	5/27/2004	5:59	-151.65	59.50833	101	59	58.44	24.8692	31.5306	85.78932	8.7822	5.5148	0.2143	4.0564	4.02E-02
1	56	c	5/27/2004	5:59	-151.65	59.50833	101	60	59.43	24.8705	31.5296	85.60983	8.76779	5.4963	0.2119	4.0497	3.98E-02
1	56	c	5/27/2004	5:59	-151.65	59.50833	101	61	60.421	24.8716	31.5292	85.40216	8.74904	5.4844	0.2139	4.0375	3.95E-02
1	56	c	5/27/2004	5:59	-151.65	59.50833	101	62	61.411	24.8721	31.5286	85.33855	8.74431	5.4761	0.2055	4.041	3.92E-02
1	56	c	5/27/2004	5:59	-151.65	59.50833	101	63	62.402	24.8729	31.5267	85.20552	8.73513	5.4554	0.208	4.0301	3.90E-02
1	56	c	5/27/2004	5:59	-151.65	59.50833	101	64	63.392	24.8739	31.5273	85.10455	8.72575	5.4506	0.2192	4.0173	3.88E-02
1	56	c	5/27/2004	5:59	-151.65	59.50833	101	65	64.382	24.8735	31.5268	85.05375	8.72046	5.4511	0.2081	4.0124	3.86E-02
1	56	c	5/27/2004	5:59	-151.65	59.50833	101	66	65.373	24.8764	31.5248	84.82038	8.70518	5.4104	0.199	4.0003	3.84E-02
1	56	c	5/27/2004	5:59	-151.65	59.50833	101	67	66.363	24.8808	31.5253	84.57512	8.68729	5.3755	0.1874	3.9613	3.83E-02
1	56	c	5/27/2004	5:59	-151.65	59.50833	101	68	67.353	24.8843	31.5269	84.31906	8.66506	5.3556	0.2019	3.9329	3.82E-02
1	56	c	5/27/2004	5:59	-151.65	59.50833	101	69	68.344	24.8863	31.5297	84.25991	8.65854	5.3569	0.1867	3.9347	3.81E-02
1	56	c	5/27/2004	5:59	-151.65	59.50833	101	70	69.334	24.887	31.5289	84.19225	8.6539	5.3461	0.1835	3.9396	3.80E-02
1	56	c	5/27/2004	5:59	-151.65	59.50833	101	71	70.324	24.8889	31.5281	84.02173	8.64112	5.3235	0.1797	3.9182	3.80E-02
1	56	c	5/27/2004	5:59	-151.65	59.50833	101	72	71.314	24.8949	31.5313	83.67686	8.61208	5.2917	0.1794	3.8684	4.47E-02
1	56	c	5/27/2004	5:59	-151.65	59.50833	101	73	72.305	24.9015	31.5334	83.28605	8.58095	5.2473	0.1704	3.8141	4.57E-02
1	56	c	5/27/2004	5:59	-151.65	59.50833	101	74	73.295	24.9079	31.5363	82.96206	8.55501	5.2105	0.1711	3.7519	4.58E-02
1	56	c	5/27/2004	5:59	-151.65	59.50833	101	75	74.285	24.9133	31.5398	82.7557	8.53843	5.1868	0.1726	3.7196	4.58E-02
1	56	c	5/27/2004	5:59	-151.65	59.50833	101	76	75.276	24.9163	31.5407	82.54517	8.52095	5.1659	0.173	3.694	4.55E-02
1	56	c	5/27/2004	5:59	-151.65	59.50833	101	77	76.266	24.9183	31.542	82.39036	8.50691	5.1562	0.1692	3.661	4.53E-02
1	56	c	5/27/2004	5:59	-151.65	59.50833	101	78	77.256	24.9203	31.5428	82.24558	8.49447	5.1438	0.1661	3.6344	4.58E-02
1	56	c	5/27/2004	5:59	-151.65	59.50833	101	79	78.247	24.9222	31.543	82.07996	8.48049	5.1285	0.167	3.6042	4.48E-02
1	56	c	5/27/2004	5:59	-151.65	59.50833	101	80	79.237	24.9237	31.5434	82.00023	8.47443	5.1177	0.1692	3.5706	4.46E-02
1	56	c	5/27/2004	5:59	-151.65	59.50833	101	81	80.227	24.9254	31.5437	81.89019	8.46586	5.104	0.1661	3.5507	4.43E-02
1	56	c	5/27/2004	5:59	-151.65	59.50833	101	82	81.217	24.9275	31.5446	81.87334	8.46652	5.092	0.1644	3.5406	4.41E-02
1	56	c	5/27/2004	5:59	-151.65	59.50833	101	83	82.208	24.9285	31.5447	81.87122	8.46808	5.0833	0.1669	3.5418	4.38E-02
1	56	c	5/27/2004	5:59	-151.65	59.50833	101	84	83.198	24.929	31.5449	81.83087	8.46458	5.08	0.1641	3.5542	4.33E-02
1	56	c	5/27/2004	5:59	-151.65	59.50833	101	85	84.188	24.9291	31.545	81.9047	8.47225	5.0798	0.1643	3.5625	4.38E-02
1	56	c	5/27/2004	5:59	-151.65	59.50833	101	86	85.178	24.9291	31.5449	81.8515	8.46692	5.079	0.1656	3.5693	4.35E-02
1	56	c	5/27/2004	5:59	-151.65	59.50833	101	87	86.169	24.9306	31.5444	81.78052	8.46322	5.0614	0.1646	3.569	4.30E-02
1	56	c	5/27/2004	5:59	-151.65	59.50833	101	88	87.159	24.934	31.5448	81.71262	8.46191	5.0335	0.1678	3.5549	4.29E-02
1	56	c	5/27/2004	5:59	-151.65	59.50833	101	89	88.149	24.9359	31.5451	81.65961	8.4596	5.0179	0.1632	3.5298	4.32E-02
1	56	c	5/27/2004	5:59	-151.65	59.50833	101	90	89.139	24.9373	31.5444	81.53458	8.45028	5.0003	0.1627	3.5167	4.30E-02
1	56	c	5/27/2004	5:59	-151.65	59.50833	101	91	90.129	24.9406	31.5451	81.41966	8.44366	4.9743	0.1662	3.4941	4.27E-02
1	56	c	5/27/2004	5:59	-151.65	59.50833	101	92	91.12	24.942	31.5439	81.28841	8.43444	4.9532	0.1637	3.4393	4.26E-02
1	56	c	5/27/2004	5:59	-151.65	59.50833	101	93	92.11	24.9439	31.5452	81.08666	8.41514	4.9449	0.1617	3.3568	4.25E-02
1	56	c	5/27/2004	5:59	-151.65	59.50833	101	94	93.1	24.9437	31.5448	80.96404	8.40267	4.9437	0.1608	3.3474	4.25E-02
1	56	c	5/27/2004	5:59	-151.65	59.50833	101	95	94.09	24.9438	31.5451	80.92585	8.39838	4.9453	0.1598	3.3201	4.24E-02
1	56	c	5/27/2004	5:59	-151.65	59.50833	101	96	95.081	24.9437	31.545	80.92519	8.39826	4.9456	0.1611	3.3043	4.23E-02
1	56	c	5/27/2004	5:59	-151.65	59.50833	101	97	96.071	24.9438	31.5454	80.89684	8.39506	4.9467	0.1606	3.2725	4.26E-02
1	56	c	5/27/2004	5:59	-151.65	59.50833	101	98	97.061	24.9437	31.5455	80.86308	8.39099	4.9495	0.1615	3.2215	4.27E-02
1	56	c	5/27/2004	5:59	-151.65	59.50833	101	99	98.051	24.9436	31.5454	80.85909	8.39055	4.9496	0.1637	3.1982	4.24E-02
1	56	c	5/27/2004	5:59	-151.65	59.50833	101	100	99.041	24.9436	31.5453	80.83596	8.38821	4.9493	0.1622	3.1955	4.23E-02
1	56	c	5/27/2004	5:59	-151.65	59.50833	101	101	100.031	24.9436	31.5454	80.74798	8.37903	4.9495	0.1619	3.2108	4.21E-02
1	56	c	5/27/2004	6:25	-151.65	59.525	108	1	0.991	23.8643	30.6519	101.20437	9.83329	7.9766	0.5001	3.9327	4.01E+01
1	56	c	5/27/2004	6:25	-151.65	59.525	108	2	1.981	24.1483	31.0078	103.34111	10.02585	7.9423	0.3565	4.0188	3.23E+01
1	56	c	5/27/2004	6:25	-151.65	59.525	108	3	2.972	24.197	31.0657	103.19046	10.01286	7.919	0.3099	4.0661	3.30E+01
1	56	c	5/27/2004	6:25	-151.65	59.525	108	4	3.963	24.2624	31.1255	102.43715	9.96637	7.7863	0.3567	4.0763	3.04E+01
1	56	c	5/27/2004	6:25	-151.65	59.525	108	5	4.953	24.3629	31.2041	102.16325	9.99964	7.5044	0.439	4.0567	2.70E+01
1	56	c	5/27/2004	6:25	-151.65	59.525	108	6	5.944	24.3882	31.2391	101.39938	9.91897	7.5204	0.4526	4.0469	2.37E+01
1	56	c	5/27/2004	6:25	-151.65	59.525	108	7	6.935	24.412	31.2539	101.20342	9.91936	7.4313	0.4639	4.0563	1.99E+01
1	56	c	5/27/2004	6:25	-151.65	59.525	108	8	7.925	24.4532	31.3026	101.42599	9.94304	7.4095	0.5416	4.03	1.67E+01
1	56	c	5/27/2004	6:25	-151.65	59.525	108	9	8.916	24.4666	31.3179	101.68583	9.96976	7.3998	0.7536	4.0192	1.39E+01
1	56	c	5/27/2004	6:25	-151.65	59.525	108	10	9.906	24.4846	31.3326	101.72687	9.984	7.3516	0.7602	3.9627	1.13E+01
1	56	c	5/27/2004	6:25	-151.65	59.525	108	11	10.897	24.4914	31.3389	101.61187	9.97553	7.3378	0.7689	3.9907	9.17E+00
1	56	c	5/27/2004	6:25	-151.65	59.525	108	12	11.887	24.4936	31.3316	101.89786	10.01784	7.2788	0.8193	3.958	7.45E+00
1	56	c	5/27/2004	6:25	-151.65	59.525	108	13	12.878	24.5131	31.3572	101.86269	10.01169	7.2831	0.7208	3.9793	6.04E+00
1	56	c	5/27/2004	6:25	-151.65	59.525	108	14	13.869	24.517	31.3616	101.63411	9.98959	7.2803	0.7817	3.9648	4.93E+00
1	56	c	5/27/2004	6:25	-151.65	59.525	108	15	14.859	24.5365	31.3312	101.81327	10.08641	6.9512	0.8533	3.9582	3.97E+00
1	56	c	5/27/2004	6:25	-151.65	59.525	108	16	15.85	24.5934	31.3614	101.97859	10.16198	6.6937	0.8651	3.9575	3.17E+00
1	56	c	5/27/2004	6:25	-151.65	59.525	108	17	16.84	24.6147	31.3765	101.94292	10.17544	6.6186	0.856	3.9718	2.56E+00
1	56	c	5/27/2004	6:25	-151.65	59.525	108	18	17.831	24.6488	31.4024	100.55753	10.06107	6.5103	0.8066	3.9687	2.04E+00
1	56	c	5/27/2004	6:25	-151.65	59.525	108	19	18.822	24.7129	31.4508	98.10282	9.86108	6.3007	0.6269	4.0049	1.64E+00
1	56	c	5/27/2004	6:25	-151.65	59.525	108	20	19.812	24.7587	31.4851	96.06251	9.68924	6.147	0.5671	4.0645	1.35E+00
1	56	c	5/27/2004	6:25	-151.65	59.525	108	21	20.803	24.7729	31.4959	95.01906	9.59399	6.1002	0.5238	4.0798	1.13E+00
1	56	c	5/27/2004	6:25	-151.65	59.525	108	22	21.793	24.7834	31.5034	94.52574	9.55228	6.0625	0.4892	4.089	9.49E-01
1	56	c	5/27/2004	6:25	-151.65	59.525	108	23	22.784	24.7891	31.5074	93.94097	9.49765	6.0416	0.4827	4.0997	8.01E-01
1	56	c	5/27/2004	6:25	-151.65	59.525	108	24	23.774	24.8005	31.5156	93.40475	9.45234	5.9998	0.427	4.0928	6.77E-01
1	56	c	5/27/2004	6:25	-151.65	59.525	108	25	24.765	24.8021	31.5162	93.14173	9.42764	5.9911	0.4274	4.1145	5.73E-01
1	56	c	5/27/2004	6:25	-151.65	59.525	108	26	25.755	24.8039	31.5166	92.89098	9.40502	5.9787	0.416	4.1069	4.89E-01
1	56	c	5/27/2004	6:25	-151.65	59.525	108	27	26.746	24.8078	31.5181	92.55419	9.37597	5.9557	0.4297	4.1121	4.15E-01
1	56	c	5/27/2004	6:25	-151.65	59.525	108	28	27.736	24.8117	31.52	92.11446	9.33578	5.9356	0.5091	4.1038	3.53E-01
1	56	c	5/27/2004	6:25	-151.65	59.525	108	29	28.727	24.8199	31.5262	91.70375	9.29996	5.9078	0.4688	4.1097	3.00E-01
1	56	c	5/27/2004	6:25	-151.65	59.525	108	30	29.717	24.822	31.5288	91.43916	9.27309	5.9072	0.4628	4.109	2.54E-01
1	56	c	5/27/2004	6:25	-151.65	59.525	108	31	30.708	24.8248	31.5341	91.23592	9.24949	5.9193	0.4287	4.1292	2.19E-01
1	56	c	5/27/2004	6:25	-151.65	59.525	108	32	31.699	24.826	31.5333	90.84553	9.21337	5.9038	0.4048	4.1521	1.90E-01
1	56	c	5/27/2004	6:25	-151.65	59.525	108	33	32.689	24.8292	31.5307	90.39271	9.1774	5.859	0.4111	4.1418	1.65E-01
1	56	c	5/27/2004	6:25	-151.65	59.525	108	34	33.679	24.831	31.5288	89.8159	9.12507	5.831	0.4157	4.1252	1.45E-01
1	56	c	5/27/2004	6:25	-151.65	59.525	108	35	34.67	24.8394	31.5292	89.01806	9.05871	5.7629	0.4036	4.1094	1.27E-01
1	56	c	5/27/2004	6:25	-151.65	59.525	108	36	35.66	24.8447	31.5308	88.45673	9.00902	5.728	0.3752	4.088	1.11E-01
1	56	c	5/27/2004	6:25	-151.65	59.525	108	37	36.651	24.8473	31.5314	88.07593	8.97417	5.7096	0.3579	4.0897	9.81E-02
1	56	c	5/27/2004	6:25	-151.65	59.525	108	38	37.641	24.8479	31.5301	87.78438	8.94757	5.6955	0.3436	4.0927	8.81E-02
1	56	c	5/27/2004	6:25	-151.65	59.525	108	39	38.632	24.8507	31.5283	87.4345	8.91992	5.6585	0.3255	4.0881	7.93E-02
1	56	c	5/27/2004	6:25	-151.65	59.525	108	40	39.622	24.8572	31.5317	87.10522	8.89318	5.6254	0.2882	4.0753	7.23E-02
1	56	c	5/27/2004	6:25	-151.65	59.525	108	41	40.613	24.8568	31.5301	86.90399	8.87432	5.618	0.3087	4.0764	6.65E-02
1	56	c	5/27/2004	6:25	-151.65	59.525	108	42	41.603	24.8574	31.5286	86.81534	8.86863	5.6026	0.2947	4.0752	6.19E-02
1	56	c	5/27/2004	6:25	-151.65	59.525	108	43	42.593	24.8591	31.5266	86.68406	8.86135	5.5742	0.2871	4.0567	5.76E-02
1	56	c	5/27/2004	6:25	-151.65	59.525	108	44	43.584	24.862	31.5268	86.41383	8.83873	5.5506	0.2589	4.0567	5.45E-02
1	56	c	5/27/2004	6:25	-151.65	59.525	108	45	44.575	24.8639	31.5276	86.21855	8.82106	5.5396	0.2513	4.0446	5.16E-02
1	56	c	5/27/2004	6:25	-151.65	59.525	108	46	45.565	24.8657	31.5289	86.03045	8.80315	5.5329	0.2348	4.0457	4.93E-02
1	56	c	5/27/2004	6:25	-151.65	59.525	108	47	46.555	24.8675	31.5287	85.89448	8.79284	5.5159	0.232	4.0413	4.76E-02
1	56	c	5/27/2004	6:25	-151.65	59.525	108	48	47.546	24.8694	31.5284	85.68839	8.77576	5.497	0.2064	4.0308	4.58E-02
1	56	c	5/27/2004	6:25	-151.65	59.525	108	49	48.536	24.8701	31.5276	85.53445	8.76252	5.4852	0.2248	4.0268	4.46E-02
1	56	c	5/27/2004	6:25	-151.65	59.525	108	50	49.527	24.8719	31.5259	85.35515	8.75005	5.4576	0.2236	4.019	4.36E-02
1	56	c	5/27/2004	6:25	-151.65	59.525	108	51	50.517	24.874	31.5262	85.194	8.73693	5.4414	0.2388	4.0129	4.25E-02
1	56	c	5/27/2004	6:25	-151.65	59.525	108	52	51.508	24.8744	31.5264	85.15225	8.73309	5.4392	0.22	4.0083	4.17E-02
1	56	c	5/27/2004	6:25	-151.65	59.525	108	53	52.498	24.8744	31.5266	85.21154	8.73889	5.4405	0.2084	4.0075	4.12E-02
1	56	c	5/27/2004	6:25	-151.65	59.525	108	54	53.488	24.8745	31.5268	85.26667	8.74448	5.4408	0.2298	4.003	4.04E-02
1	56	c	5/27/2004	6:25	-151.65	59.525	108	55	54.478	24.8746	31.5266	85.15673	8.73367	5.4386	0.2181	3.9986	4.00E-02
1	56	c	5/27/2004	6:25	-151.65	59.525	108	56	55.469	24.8755	31.5272	85.04363	8.72272	5.4354	0.2038	3.9973	3.98E-02
1	56	c	5/27/2004	6:25	-151.65	59.525	108	57	56.459	24.8757	31.5261	84.9414	8.7144	5.4253	0.2055	3.9998	3.93E-02
1	56	c	5/27/2004	6:25	-151.65	59.525	108	58	57.45	24.8788	31.5268	84.84982	8.70954	5.4035	0.1925	3.9855	3.90E-02
1	56	c	5/27/2004	6:25	-151.65	59.525	108	59	58.44	24.8804	31.5266	84.66856	8.6942	5.388	0.2027	3.9753	3.88E-02
1	56	c	5/27/2004	6:25	-151.65	59.525	108	60	59.43	24.8838	31.5277	84.45005	8.67664	5.3644	0.1904	3.9588	3.86E-02
1	56	c	5/27/2004	6:25	-151.65	59.525	108	61	60.421	24.8853	31.528	84.31986	8.6654	5.354	0.1953	3.9377	3.83E-02
1	56	c	5/27/2004	6:25	-151.65	59.525	108	62	61.411	24.8872	31.5285	84.10561	8.64613	5.3407	0.1859	3.9202	3.82E-02
1	56	c	5/27/2004	6:25	-151.65	59.525	108	63	62.401	24.8886	31.5293	84.01132	8.63801	5.333	0.1878	3.9119	3.85E-02
1	56	c	5/27/2004	6:25	-151.65	59.525	108	64	63.392	24.8889	31.5293	84.05498	8.64287	5.3312	0.1911	3.9082	3.80E-02
1	56	c	5/27/2004	6:25	-151.65	59.525	108	65	64.382	24.8893	31.5294	83.94809	8.63247	5.3283	0.1879	3.8996	3.79E-02
1	56	c	5/27/2004	6:25	-151.65	59.525	108	66	65.373	24.8901	31.5295	83.87319	8.62607	5.322	0.1896	3.9008	3.79E-02
1	56	c	5/27/2004	6:25	-151.65	59.525	108	67	66.363	24.8906	31.53	83.89001	8.62799	5.321	0.1916	3.8987	3.79E-02
1	56	c	5/27/2004	6:25	-151.65	59.525	108	68	67.353	24.8906	31.53	83.87742	8.6268	5.3205	0.1853	3.9011	3.83E-02
1	56	c	5/27/2004	6:25	-151.65	59.525	108	69	68.343	24.8901	31.5298	83.90626	8.62907	5.3239	0.1897	3.9008	3.91E-02
1	56	c	5/27/2004	6:25	-151.65	59.525	108	70	69.334	24.8902	31.5296	83.84508	8.62318	5.322	0.1891	3.8971	3.95E-02
1	56	c	5/27/2004	6:25	-151.65	59.525	108	71	70.324	24.8906	31.5299	83.83143	8.62205	5.3206	0.1938	3.8974	4.01E-02
1	56	c	5/27/2004	6:25	-151.65	59.525	108	72	71.315	24.8912	31.5301	83.80022	8.61956	5.3171	0.1867	3.8988	3.97E-02
1	56	c	5/27/2004	6:25	-151.65	59.525	108	73	72.305	24.8934	31.5308	83.63767	8.60607	5.3014	0.1853	3.8956	3.97E-02
1	56	c	5/27/2004	6:25	-151.65	59.525	108	74	73.295	24.8977	31.5329	83.4426	8.5908	5.2776	0.1829	3.8668	3.98E-02
1	56	c	5/27/2004	6:25	-151.65	59.525	108	75	74.285	24.9036	31.5374	83.30438	8.58047	5.2576	0.1799	3.8373	4.08E-02
1	56	c	5/27/2004	6:25	-151.65	59.525	108	76	75.276	24.9082	31.5404	83.19004	8.57285	5.2367	0.1768	3.8348	3.98E-02
1	56	c	5/27/2004	6:25	-151.65	59.525	108	77	76.266	24.9094	31.5414	83.18185	8.5726	5.2336	0.1749	3.8478	3.95E-02
1	56	c	5/27/2004	6:25	-151.65	59.525	108	78	77.256	24.909	31.5412	83.20776	8.57486	5.2356	0.1759	3.8492	3.94E-02
1	56	c	5/27/2004	6:25	-151.65	59.525	108	79	78.247	24.9093	31.5411	83.16319	8.5709	5.2326	0.1739	3.8477	3.94E-02
1	56	c	5/27/2004	6:25	-151.65	59.525	108	80	79.237	24.9093	31.5413	83.18713	8.57303	5.2341	0.1769	3.8514	3.92E-02
1	56	c	5/27/2004	6:25	-151.65	59.525	108	81	80.227	24.909	31.5405	83.22841	8.57803	5.2307	0.1762	3.849	3.98E-02
1	56	c	5/27/2004	6:25	-151.65	59.525	108	82	81.217	24.9096	31.5408	83.15538	8.57107	5.2279	0.1737	3.8518	3.95E-02
1	56	c	5/27/2004	6:25	-151.65	59.525	108	83	82.208	24.9107	31.5403	83.13536	8.5718	5.2146	0.1725	3.861	3.93E-02
1	56	c	5/27/2004	6:25	-151.65	59.525	108	84	83.198	24.914	31.5412	83.04371	8.56716	5.1911	0.1824	3.884	3.94E-02
1	56	c	5/27/2004	6:25	-151.65	59.525	108	85	84.188	24.9164	31.5412	82.88936	8.55591	5.1686	0.1765	3.8778	3.94E-02
1	56	c	5/27/2004	6:25	-151.65	59.525	108	86	85.178	24.9162	31.5419	82.74525	8.53947	5.1759	0.1792	3.8722	3.92E-02
1	56	c	5/27/2004	6:25	-151.65	59.525	108	87	86.169	24.9163	31.5416	82.72201	8.53769	5.1731	0.1725	3.8763	3.96E-02
1	56	c	5/27/2004	6:25	-151.65	59.525	108	88	87.159	24.9158	31.5415	82.71952	8.5366	5.1771	0.1699	3.8787	3.94E-02
1	56	c	5/27/2004	6:25	-151.65	59.525	108	89	88.149	24.9182	31.5405	82.60695	8.53107	5.1479	0.1709	3.8731	3.94E-02
1	56	c	5/27/2004	6:25	-151.65	59.525	108	90	89.139	24.9188	31.5402	82.44403	8.51577	5.1406	0.1715	3.8529	3.92E-02
1	56	c	5/27/2004	6:25	-151.65	59.525	108	91	90.129	24.9247	31.5411	82.26677	8.50733	5.0924	0.1703	3.8211	3.92E-02
1	56	c	5/27/2004	6:25	-151.65	59.525	108	92	91.12	24.9262	31.5419	82.1137	8.49297	5.085	0.1723	3.7901	3.92E-02
1	56	c	5/27/2004	6:25	-151.65	59.525	108	93	92.11	24.9262	31.5416	82.04944	8.48678	5.0829	0.1695	3.7856	3.92E-02
1	56	c	5/27/2004	6:25	-151.65	59.525	108	94	93.1	24.9274	31.5416	82.01779	8.48568	5.0723	0.1701	3.7717	3.91E-02
1	56	c	5/27/2004	6:25	-151.65	59.525	108	95	94.09	24.9282	31.5418	81.94445	8.47941	5.0658	0.1689	3.749	3.91E-02
1	56	c	5/27/2004	6:25	-151.65	59.525	108	96	95.08	24.9286	31.5418	81.90917	8.47653	5.0621	0.1702	3.7499	3.99E-02
1	56	c	5/27/2004	6:25	-151.65	59.525	108	97	96.071	24.9292	31.5418	81.89167	8.47585	5.0566	0.1672	3.7426	3.95E-02
1	56	c	5/27/2004	6:25	-151.65	59.525	108	98	97.061	24.9299	31.5418	81.76357	8.46397	5.0499	0.1666	3.7219	3.97E-02
1	56	c	5/27/2004	6:25	-151.65	59.525	108	99	98.051	24.9323	31.5416	81.61631	8.45364	5.026	0.1654	3.6559	3.93E-02
1	56	c	5/27/2004	6:25	-151.65	59.525	108	100	99.041	24.9344	31.5426	81.44648	8.43835	5.0145	0.1631	3.534	3.93E-02
1	56	c	5/27/2004	6:25	-151.65	59.525	108	101	100.031	24.9346	31.5426	81.33989	8.42771	5.0125	0.1629	3.5054	3.92E-02
1	56	c	5/27/2004	6:25	-151.65	59.525	108	102	101.021	24.935	31.5425	81.29822	8.42421	5.0086	0.1575	3.4865	3.93E-02
1	56	c	5/27/2004	6:25	-151.65	59.525	108	103	102.012	24.9354	31.5428	81.27231	8.4219	5.0066	0.1592	3.4628	3.92E-02
1	56	c	5/27/2004	6:25	-151.65	59.525	108	104	103.002	24.9357	31.5427	81.30823	8.42624	5.0037	0.1608	3.4447	3.92E-02
1	56	c	5/27/2004	6:25	-151.65	59.525	108	105	103.992	24.9357	31.5426	81.28864	8.42433	5.0031	0.1587	3.439	3.92E-02
1	56	c	5/27/2004	6:25	-151.65	59.525	108	106	104.982	24.9357	31.5426	81.31825	8.42753	5.0025	0.1611	3.4371	3.92E-02
1	56	c	5/27/2004	6:25	-151.65	59.525	108	107	105.972	24.9359	31.5425	81.28537	8.42463	5	0.1631	3.4234	3.91E-02
1	56	c	5/27/2004	6:25	-151.65	59.525	108	108	106.962	24.936	31.5425	81.11703	8.40731	4.9994	0.16	3.3497	3.90E-02
1	58	c	5/27/2004	6:45	-151.65	59.54167	87	1	0.991	23.6776	30.4359	98.42998	9.54985	8.1002	0.3821	3.9904	5.28E+01
1	58	c	5/27/2004	6:45	-151.65	59.54167	87	2	1.981	23.8295	30.6475	100.78578	9.74308	8.1989	0.3506	3.9883	4.24E+01
1	58	c	5/27/2004	6:45	-151.65	59.54167	87	3	2.972	23.9228	30.81	101.3824	9.7376	8.4358	0.3177	4.0124	3.68E+01
1	58	c	5/27/2004	6:45	-151.65	59.54167	87	4	3.963	24.0105	30.9166	101.5107	9.74978	8.4067	0.3157	4.0326	3.17E+01
1	58	c	5/27/2004	6:45	-151.65	59.54167	87	5	4.953	24.1602	31.052	102.11128	9.86703	8.1036	0.3106	4.06	2.75E+01
1	58	c	5/27/2004	6:45	-151.65	59.54167	87	6	5.944	24.2185	31.1209	101.80688	9.84009	8.0736	0.3561	4.0651	2.41E+01
1	58	c	5/27/2004	6:45	-151.65	59.54167	87	7	6.934	24.3335	31.2115	102.19342	9.94289	7.7611	0.3395	4.0728	2.04E+01
1	58	c	5/27/2004	6:45	-151.65	59.54167	87	8	7.925	24.3812	31.2433	102.66124	10.02458	7.596	0.4173	4.0697	1.73E+01
1	58	c	5/27/2004	6:45	-151.65	59.54167	87	9	8.916	24.4295	31.2739	103.16796	10.11364	7.4181	0.4529	4.0629	1.47E+01
1	58	c	5/27/2004	6:45	-151.65	59.54167	87	10	9.906	24.4424	31.2822	102.81329	10.08951	7.3705	0.6193	4.0428	1.25E+01
1	58	c	5/27/2004	6:45	-151.65	59.54167	87	11	10.897	24.4744	31.2879	102.59267	10.11593	7.1643	0.7472	4.0086	1.04E+01
1	58	c	5/27/2004	6:45	-151.65	59.54167	87	12	11.887	24.4956	31.3058	102.68786	10.13675	7.1111	0.7682	3.9915	8.46E+00
1	58	c	5/27/2004	6:45	-151.65	59.54167	87	13	12.878	24.5168	31.3145	102.70653	10.16412	7.001	1.071	3.9517	6.88E+00
1	58	c	5/27/2004	6:45	-151.65	59.54167	87	14	13.869	24.5664	31.3406	103.09128	10.25448	6.776	0.8613	3.925	5.42E+00
1	58	c	5/27/2004	6:45	-151.65	59.54167	87	15	14.859	24.6264	31.3803	102.97474	10.2948	6.55	0.7086	4.0072	4.29E+00
1	58	c	5/27/2004	6:45	-151.65	59.54167	87	16	15.85	24.7251	31.4485	101.10126	10.19047	6.1857	0.8274	4.063	3.52E+00
1	58	c	5/27/2004	6:45	-151.65	59.54167	87	17	16.84	24.7753	31.4919	97.31685	9.83717	6.0532	1.0889	3.9706	2.84E+00
1	58	c	5/27/2004	6:45	-151.65	59.54167	87	18	17.831	24.8076	31.5101	93.82071	9.51669	5.9033	0.6931	3.9635	2.20E+00
1	58	c	5/27/2004	6:45	-151.65	59.54167	87	19	18.821	24.8189	31.5141	91.92092	9.33909	5.8343	0.7254	4.0391	1.79E+00
1	58	c	5/27/2004	6:45	-151.65	59.54167	87	20	19.812	24.8227	31.5101	90.79914	9.23841	5.7752	0.6417	4.0289	1.46E+00
1	58	c	5/27/2004	6:45	-151.65	59.54167	87	21	20.803	24.8277	31.507	89.7308	9.14394	5.7109	0.6336	4.021	1.20E+00
1	58	c	5/27/2004	6:45	-151.65	59.54167	87	22	21.793	24.8392	31.5114	88.80431	9.06435	5.6415	0.5396	4.0173	9.85E-01
1	58	c	5/27/2004	6:45	-151.65	59.54167	87	23	22.784	24.8411	31.5111	88.18759	9.00545	5.6229	0.5064	4.0252	8.16E-01
1	58	c	5/27/2004	6:45	-151.65	59.54167	87	24	23.774	24.8445	31.5108	87.61904	8.95402	5.5921	0.4084	4.022	6.80E-01
1	58	c	5/27/2004	6:45	-151.65	59.54167	87	25	24.765	24.8497	31.5134	87.24045	8.92122	5.5639	0.3356	4.052	5.71E-01
1	58	c	5/27/2004	6:45	-151.65	59.54167	87	26	25.755	24.8512	31.5144	87.0086	8.89882	5.5576	0.3698	4.066	4.84E-01
1	58	c	5/27/2004	6:45	-151.65	59.54167	87	27	26.746	24.853	31.5152	86.78331	8.8777	5.5483	0.3146	4.0528	4.13E-01
1	58	c	5/27/2004	6:45	-151.65	59.54167	87	28	27.736	24.8556	31.517	86.49256	8.8502	5.5373	0.3288	4.0462	3.55E-01
1	58	c	5/27/2004	6:45	-151.65	59.54167	87	29	28.727	24.8557	31.5169	86.40765	8.84185	5.5357	0.2984	4.0479	3.03E-01
1	58	c	5/27/2004	6:45	-151.65	59.54167	87	30	29.717	24.8578	31.5177	86.2215	8.82548	5.5229	0.2954	4.0385	2.60E-01
1	58	c	5/27/2004	6:45	-151.65	59.54167	87	31	30.708	24.8609	31.5214	86.08137	8.81113	5.5219	0.2873	4.0378	2.25E-01
1	58	c	5/27/2004	6:45	-151.65	59.54167	87	32	31.698	24.862	31.5229	85.99817	8.80225	5.5232	0.2708	4.0439	1.94E-01
1	58	c	5/27/2004	6:45	-151.65	59.54167	87	33	32.689	24.8624	31.5237	85.93569	8.7955	5.5246	0.266	4.0442	1.69E-01
1	58	c	5/27/2004	6:45	-151.65	59.54167	87	34	33.679	24.864	31.5269	86.02599	8.80284	5.5328	0.2811	4.0467	1.47E-01
1	58	c	5/27/2004	6:45	-151.65	59.54167	87	35	34.67	24.8699	31.5435	86.26364	8.81269	5.5965	0.2181	4.0387	1.29E-01
1	58	c	5/27/2004	6:45	-151.65	59.54167	87	36	35.66	24.8697	31.5488	86.27639	8.8057	5.6343	0.2057	4.016	1.14E-01
1	58	c	5/27/2004	6:45	-151.65	59.54167	87	37	36.651	24.8703	31.5474	86.10864	8.79178	5.6195	0.2106	3.9781	1.02E-01
1	58	c	5/27/2004	6:45	-151.65	59.54167	87	38	37.641	24.8741	31.5468	85.84355	8.77261	5.5822	0.1999	3.8988	9.00E-02
1	58	c	5/27/2004	6:45	-151.65	59.54167	87	39	38.632	24.8778	31.5452	85.61934	8.75882	5.5392	0.1906	3.8784	8.08E-02
1	58	c	5/27/2004	6:45	-151.65	59.54167	87	40	39.622	24.8821	31.5461	85.52676	8.75602	5.5072	0.1907	3.9247	7.30E-02
1	58	c	5/27/2004	6:45	-151.65	59.54167	87	41	40.613	24.8827	31.5465	85.58658	8.76261	5.505	0.1945	3.9628	6.70E-02
1	58	c	5/27/2004	6:45	-151.65	59.54167	87	42	41.603	24.8833	31.5469	85.69873	8.7745	5.5029	0.1837	3.9839	6.20E-02
1	58	c	5/27/2004	6:45	-151.65	59.54167	87	43	42.594	24.8837	31.5471	85.72543	8.77769	5.5007	0.1813	3.9815	5.82E-02
1	58	c	5/27/2004	6:45	-151.65	59.54167	87	44	43.584	24.8845	31.547	85.67424	8.77409	5.4929	0.1835	4.0093	5.48E-02
1	58	c	5/27/2004	6:45	-151.65	59.54167	87	45	44.574	24.8854	31.5454	85.4549	8.75562	5.4744	0.1808	4.0162	5.22E-02
1	58	c	5/27/2004	6:45	-151.65	59.54167	87	46	45.565	24.8875	31.5439	85.18665	8.7344	5.445	0.1826	4.0172	5.01E-02
1	58	c	5/27/2004	6:45	-151.65	59.54167	87	47	46.555	24.891	31.5431	84.86601	8.70924	5.4084	0.1857	4.0028	4.82E-02
1	58	c	5/27/2004	6:45	-151.65	59.54167	87	48	47.546	24.8929	31.5434	84.73552	8.69895	5.3935	0.1809	3.9959	4.68E-02
1	58	c	5/27/2004	6:45	-151.65	59.54167	87	49	48.536	24.8954	31.5439	84.52631	8.68135	5.3749	0.1816	3.99	4.53E-02
1	58	c	5/27/2004	6:45	-151.65	59.54167	87	50	49.526	24.8965	31.544	84.35506	8.66559	5.3661	0.1785	3.9795	4.42E-02
1	58	c	5/27/2004	6:45	-151.65	59.54167	87	51	50.517	24.8965	31.5436	84.36823	8.66757	5.3632	0.1786	3.9756	4.34E-02
1	58	c	5/27/2004	6:45	-151.65	59.54167	87	52	51.507	24.8975	31.5438	84.33968	8.66605	5.3564	0.1909	3.972	4.25E-02
1	58	c	5/27/2004	6:45	-151.65	59.54167	87	53	52.498	24.8986	31.5436	84.2653	8.66091	5.3444	0.1802	3.9679	4.19E-02
1	58	c	5/27/2004	6:45	-151.65	59.54167	87	54	53.488	24.8994	31.5433	84.17721	8.6537	5.3357	0.1846	3.9616	4.14E-02
1	58	c	5/27/2004	6:45	-151.65	59.54167	87	55	54.479	24.8997	31.5433	84.11746	8.64823	5.3325	0.1813	3.9595	4.09E-02
1	58	c	5/27/2004	6:45	-151.65	59.54167	87	56	55.469	24.8998	31.543	84.03612	8.64039	5.3301	0.1827	3.9583	4.05E-02
1	58	c	5/27/2004	6:45	-151.65	59.54167	87	57	56.459	24.9001	31.5431	84.0171	8.63891	5.3278	0.1781	3.9568	4.03E-02
1	58	c	5/27/2004	6:45	-151.65	59.54167	87	58	57.45	24.9003	31.5427	83.98941	8.63698	5.3234	0.1801	3.9537	3.99E-02
1	58	c	5/27/2004	6:45	-151.65	59.54167	87	59	58.44	24.9007	31.5431	83.95094	8.6333	5.322	0.1787	3.9542	3.96E-02
1	58	c	5/27/2004	6:45	-151.65	59.54167	87	60	59.43	24.902	31.5425	83.8849	8.62981	5.3063	0.1779	3.9494	3.98E-02
1	58	c	5/27/2004	6:45	-151.65	59.54167	87	61	60.421	24.9041	31.5433	83.77685	8.62131	5.2935	0.1761	3.9398	3.94E-02
1	58	c	5/27/2004	6:45	-151.65	59.54167	87	62	61.411	24.9042	31.5431	83.7082	8.61475	5.2912	0.1773	3.9332	3.92E-02
1	58	c	5/27/2004	6:45	-151.65	59.54167	87	63	62.401	24.9048	31.5431	83.67577	8.61242	5.2863	0.1777	3.9348	3.90E-02
1	58	c	5/27/2004	6:45	-151.65	59.54167	87	64	63.392	24.9048	31.543	83.63862	8.60881	5.2853	0.1751	3.9354	3.91E-02
1	58	c	5/27/2004	6:45	-151.65	59.54167	87	65	64.382	24.9048	31.543	83.61437	8.60622	5.2858	0.1743	3.9347	3.89E-02
1	58	c	5/27/2004	6:45	-151.65	59.54167	87	66	65.373	24.9049	31.5428	83.56482	8.60149	5.284	0.1799	3.9327	3.88E-02
1	58	c	5/27/2004	6:45	-151.65	59.54167	87	67	66.363	24.905	31.5429	83.58616	8.60375	5.2837	0.1787	3.9325	3.88E-02
1	58	c	5/27/2004	6:45	-151.65	59.54167	87	68	67.353	24.9049	31.543	83.61942	8.60699	5.2846	0.1791	3.9323	3.87E-02
1	58	c	5/27/2004	6:45	-151.65	59.54167	87	69	68.344	24.9042	31.5412	83.5508	8.60129	5.2785	0.1749	3.9333	3.89E-02
1	58	c	5/27/2004	6:45	-151.65	59.54167	87	70	69.334	24.9094	31.5413	83.22385	8.57713	5.2326	0.1756	3.9147	3.87E-02
1	58	c	5/27/2004	6:45	-151.65	59.54167	87	71	70.324	24.9109	31.541	83.05331	8.56289	5.2166	0.1752	3.8901	3.87E-02
1	58	c	5/27/2004	6:45	-151.65	59.54167	87	72	71.314	24.9115	31.5411	82.93772	8.55193	5.2119	0.1748	3.8821	3.86E-02
1	58	c	5/27/2004	6:45	-151.65	59.54167	87	73	72.305	24.9127	31.5405	82.72954	8.53366	5.1966	0.1743	3.8626	3.86E-02
1	58	c	5/27/2004	6:45	-151.65	59.54167	87	74	73.295	24.9142	31.5401	82.59119	8.52268	5.1807	0.1732	3.8297	3.86E-02
1	58	c	5/27/2004	6:45	-151.65	59.54167	87	75	74.285	24.9172	31.5397	82.33955	8.50311	5.1498	0.1702	3.7975	3.88E-02
1	58	c	5/27/2004	6:45	-151.65	59.54167	87	76	75.275	24.9216	31.5403	82.0609	8.48157	5.1144	0.1701	3.7713	3.85E-02
1	58	c	5/27/2004	6:45	-151.65	59.54167	87	77	76.266	24.9248	31.54	81.87374	8.46885	5.0822	0.1656	3.772	3.86E-02
1	58	c	5/27/2004	6:45	-151.65	59.54167	87	78	77.256	24.9277	31.5407	81.75196	8.46055	5.061	0.1666	3.7593	3.85E-02
1	58	c	5/27/2004	6:45	-151.65	59.54167	87	79	78.247	24.9319	31.5417	81.5239	8.44327	5.0299	0.164	3.7342	4.03E-02
1	58	c	5/27/2004	6:45	-151.65	59.54167	87	80	79.237	24.9367	31.544	81.35936	8.43168	5.0026	0.1609	3.5991	4.18E-02
1	58	c	5/27/2004	6:45	-151.65	59.54167	87	81	80.227	24.9374	31.5443	81.30573	8.42708	4.9978	0.1612	3.5581	4.16E-02
1	58	c	5/27/2004	6:45	-151.65	59.54167	87	82	81.217	24.9385	31.5444	81.23518	8.42169	4.9884	0.1597	3.5027	4.14E-02
1	58	c	5/27/2004	6:45	-151.65	59.54167	87	83	82.207	24.9389	31.5446	81.09641	8.40779	4.986	0.1608	3.4349	4.15E-02
1	58	c	5/27/2004	6:45	-151.65	59.54167	87	84	83.198	24.9389	31.5445	81.07886	8.40605	4.9856	0.1588	3.4198	4.10E-02
1	58	c	5/27/2004	6:45	-151.65	59.54167	87	85	84.188	24.9391	31.5446	81.01642	8.3998	4.9845	0.1598	3.3962	4.08E-02
1	58	c	5/27/2004	6:45	-151.65	59.54167	87	86	85.178	24.9389	31.5443	81.00627	8.39877	4.9844	0.1611	3.4023	4.06E-02
1	58	c	5/27/2004	6:45	-151.65	59.54167	87	87	86.169	24.939	31.5444	81.00406	8.39864	4.984	0.1623	3.3562	4.09E-02
1	59	c	5/27/2004	7:03	-151.65	59.55833	77	1	0.991	22.6603	29.3783	99.78406	9.46542	9.3941	0.2991	3.8327	5.48E+01
1	59	c	5/27/2004	7:03	-151.65	59.55833	77	2	1.981	23.0236	29.762	101.92866	9.73681	8.9729	0.3672	3.8259	3.95E+01
1	59	c	5/27/2004	7:03	-151.65	59.55833	77	3	2.972	23.8575	30.7	103.32781	9.96498	8.2901	0.4063	3.969	3.42E+01
1	59	c	5/27/2004	7:03	-151.65	59.55833	77	4	3.963	24.1121	30.9885	104.57978	10.11257	8.0913	0.4221	4.0514	3.05E+01
1	59	c	5/27/2004	7:03	-151.65	59.55833	77	5	4.953	24.157	31.0348	104.51484	10.11739	8.0306	0.4459	4.0727	2.60E+01
1	59	c	5/27/2004	7:03	-151.65	59.55833	77	6	5.944	24.3179	31.1674	105.70703	10.32063	7.623	0.4356	4.0849	2.23E+01
1	59	c	5/27/2004	7:03	-151.65	59.55833	77	7	6.934	24.3598	31.2007	106.65562	10.43872	7.5081	0.491	4.1083	1.90E+01
1	59	c	5/27/2004	7:03	-151.65	59.55833	77	8	7.925	24.367	31.2026	106.6947	10.4526	7.4659	0.4788	4.1015	1.61E+01
1	59	c	5/27/2004	7:03	-151.65	59.55833	77	9	8.916	24.3816	31.2102	106.32429	10.43129	7.402	0.4603	4.095	1.36E+01
1	59	c	5/27/2004	7:03	-151.65	59.55833	77	10	9.906	24.4731	31.2744	106.52925	10.52262	7.0931	0.3564	4.1288	1.14E+01
1	59	c	5/27/2004	7:03	-151.65	59.55833	77	11	10.897	24.5961	31.3613	106.58474	10.62692	6.6704	0.3599	4.1703	9.73E+00
1	59	c	5/27/2004	7:03	-151.65	59.55833	77	12	11.887	24.6787	31.4167	105.57677	10.60013	6.3591	0.5228	4.1472	8.32E+00
1	59	c	5/27/2004	7:03	-151.65	59.55833	77	13	12.878	24.7099	31.4405	104.81994	10.54761	6.2587	0.4804	4.0973	6.99E+00
1	59	c	5/27/2004	7:03	-151.65	59.55833	77	14	13.869	24.7129	31.4429	104.28366	10.49575	6.2496	0.4349	4.1198	5.80E+00
1	59	c	5/27/2004	7:03	-151.65	59.55833	77	15	14.859	24.7359	31.4604	102.91002	10.37486	6.1742	0.4676	4.1446	4.88E+00
1	59	c	5/27/2004	7:03	-151.65	59.55833	77	16	15.85	24.7463	31.4657	101.74351	10.26949	6.1227	0.61	4.1138	4.10E+00
1	59	c	5/27/2004	7:03	-151.65	59.55833	77	17	16.84	24.7486	31.4655	101.10609	10.21018	6.102	0.7344	4.0707	3.36E+00
1	59	c	5/27/2004	7:03	-151.65	59.55833	77	18	17.831	24.7478	31.4638	100.85699	10.18615	6.0978	0.8246	4.0545	2.73E+00
1	59	c	5/27/2004	7:03	-151.65	59.55833	77	19	18.822	24.7488	31.4639	100.64369	10.16632	6.0907	0.7332	4.0526	2.21E+00
1	59	c	5/27/2004	7:03	-151.65	59.55833	77	20	19.812	24.7514	31.4647	100.00874	10.1061	6.0741	0.6832	4.0512	1.79E+00
1	59	c	5/27/2004	7:03	-151.65	59.55833	77	21	20.803	24.7721	31.4779	97.59644	9.88162	5.988	0.6747	4.0672	1.44E+00
1	59	c	5/27/2004	7:03	-151.65	59.55833	77	22	21.793	24.8009	31.4917	94.75302	9.62751	5.8371	0.6262	4.0795	1.19E+00
1	59	c	5/27/2004	7:03	-151.65	59.55833	77	23	22.784	24.8115	31.4979	92.99529	9.45959	5.7885	0.6825	4.1045	9.78E-01
1	59	c	5/27/2004	7:03	-151.65	59.55833	77	24	23.774	24.8151	31.5006	91.92312	9.35327	5.7756	0.6197	4.0966	8.08E-01
1	59	c	5/27/2004	7:03	-151.65	59.55833	77	25	24.765	24.8232	31.5044	90.97244	9.26592	5.7322	0.6331	4.0902	6.68E-01
1	59	c	5/27/2004	7:03	-151.65	59.55833	77	26	25.755	24.8287	31.508	90.282	9.20037	5.7096	0.5682	4.0946	5.56E-01
1	59	c	5/27/2004	7:03	-151.65	59.55833	77	27	26.746	24.8317	31.5112	89.84872	9.1568	5.706	0.6025	4.0901	4.68E-01
1	59	c	5/27/2004	7:03	-151.65	59.55833	77	28	27.736	24.833	31.512	89.51227	9.12368	5.7004	0.6016	4.083	3.90E-01
1	59	c	5/27/2004	7:03	-151.65	59.55833	77	29	28.727	24.8344	31.512	89.23019	9.09766	5.6879	0.5504	4.0811	3.25E-01
1	59	c	5/27/2004	7:03	-151.65	59.55833	77	30	29.717	24.8364	31.5115	88.94928	9.07348	5.6676	0.5172	4.0975	2.75E-01
1	59	c	5/27/2004	7:03	-151.65	59.55833	77	31	30.708	24.8377	31.5128	88.83462	9.06214	5.6656	0.5421	4.1023	2.33E-01
1	59	c	5/27/2004	7:03	-151.65	59.55833	77	32	31.698	24.8386	31.515	88.78576	9.05558	5.6722	0.5442	4.0853	1.98E-01
1	59	c	5/27/2004	7:03	-151.65	59.55833	77	33	32.689	24.8401	31.5168	88.57356	9.03398	5.6715	0.5416	4.0739	1.69E-01
1	59	c	5/27/2004	7:03	-151.65	59.55833	77	34	33.679	24.8453	31.5185	88.17783	9.00071	5.6382	0.4788	4.0867	1.44E-01
1	59	c	5/27/2004	7:03	-151.65	59.55833	77	35	34.67	24.8477	31.5186	87.86553	8.97308	5.6184	0.5151	4.089	1.25E-01
1	59	c	5/27/2004	7:03	-151.65	59.55833	77	36	35.66	24.8507	31.5177	87.47638	8.94029	5.5863	0.476	4.0719	1.09E-01
1	59	c	5/27/2004	7:03	-151.65	59.55833	77	37	36.651	24.856	31.5197	87.10233	8.90895	5.5535	0.4468	4.0896	9.64E-02
1	59	c	5/27/2004	7:03	-151.65	59.55833	77	38	37.641	24.8584	31.5205	86.90419	8.89189	5.5383	0.3868	4.0966	8.63E-02
1	59	c	5/27/2004	7:03	-151.65	59.55833	77	39	38.632	24.86	31.5214	86.71587	8.87419	5.5307	0.4161	4.0947	7.77E-02
1	59	c	5/27/2004	7:03	-151.65	59.55833	77	40	39.622	24.8609	31.5213	86.62146	8.86629	5.5225	0.3734	4.0969	7.10E-02
1	59	c	5/27/2004	7:03	-151.65	59.55833	77	41	40.613	24.8622	31.5216	86.45559	8.85133	5.5129	0.3543	4.0961	6.56E-02
1	59	c	5/27/2004	7:03	-151.65	59.55833	77	42	41.603	24.8641	31.5228	86.27661	8.83484	5.5039	0.3308	4.0962	6.10E-02
1	59	c	5/27/2004	7:03	-151.65	59.55833	77	43	42.594	24.8655	31.5237	86.16094	8.82422	5.498	0.3512	4.089	5.72E-02
1	59	c	5/27/2004	7:03	-151.65	59.55833	77	44	43.584	24.8661	31.5238	86.10174	8.81918	5.4931	0.3324	4.0875	5.42E-02
1	59	c	5/27/2004	7:03	-151.65	59.55833	77	45	44.574	24.8672	31.5234	86.03056	8.81441	5.4813	0.3617	4.0779	5.18E-02
1	59	c	5/27/2004	7:03	-151.65	59.55833	77	46	45.565	24.8695	31.5242	85.78952	8.79274	5.4668	0.35	4.074	4.96E-02
1	59	c	5/27/2004	7:03	-151.65	59.55833	77	47	46.555	24.8722	31.5253	85.52504	8.76897	5.4507	0.356	4.0694	4.79E-02
1	59	c	5/27/2004	7:03	-151.65	59.55833	77	48	47.546	24.8748	31.5265	85.48871	8.76838	5.4355	0.356	4.0623	4.65E-02
1	59	c	5/27/2004	7:03	-151.65	59.55833	77	49	48.536	24.8755	31.526	85.36327	8.75743	5.4265	0.3195	4.0624	4.52E-02
1	59	c	5/27/2004	7:03	-151.65	59.55833	77	50	49.527	24.8785	31.5268	85.16273	8.7413	5.4052	0.3262	4.062	4.42E-02
1	59	c	5/27/2004	7:03	-151.65	59.55833	77	51	50.517	24.8812	31.5305	84.98966	8.72287	5.4074	0.3201	4.0536	4.34E-02
1	59	c	5/27/2004	7:03	-151.65	59.55833	77	52	51.507	24.8835	31.5307	84.7895	8.7064	5.3879	0.2807	4.0456	4.27E-02
1	59	c	5/27/2004	7:03	-151.65	59.55833	77	53	52.498	24.8893	31.5369	84.62653	8.69077	5.3809	0.2617	4.0336	4.21E-02
1	59	c	5/27/2004	7:03	-151.65	59.55833	77	54	53.488	24.8905	31.5386	84.54386	8.68199	5.3819	0.2444	4.005	4.16E-02
1	59	c	5/27/2004	7:03	-151.65	59.55833	77	55	54.479	24.8925	31.5398	84.50677	8.67992	5.3732	0.2325	3.9877	4.12E-02
1	59	c	5/27/2004	7:03	-151.65	59.55833	77	56	55.469	24.8942	31.5393	84.38586	8.6714	5.3547	0.2129	3.9893	4.08E-02
1	59	c	5/27/2004	7:03	-151.65	59.55833	77	57	56.46	24.8979	31.5372	84.10263	8.65258	5.306	0.1955	3.9916	4.06E-02
1	59	c	5/27/2004	7:03	-151.65	59.55833	77	58	57.45	24.9021	31.5374	83.80317	8.62944	5.2691	0.2044	3.9977	4.03E-02
1	59	c	5/27/2004	7:03	-151.65	59.55833	77	59	58.44	24.9043	31.5344	83.49995	8.60697	5.2278	0.1847	3.9959	4.01E-02
1	59	c	5/27/2004	7:03	-151.65	59.55833	77	60	59.43	24.9073	31.5356	83.35639	8.59596	5.2093	0.1776	3.947	4.00E-02
1	59	c	5/27/2004	7:03	-151.65	59.55833	77	61	60.421	24.9074	31.5357	83.17927	8.57758	5.2098	0.1804	3.9264	3.98E-02
1	59	c	5/27/2004	7:03	-151.65	59.55833	77	62	61.411	24.9082	31.536	83.07755	8.56812	5.2048	0.1802	3.8682	3.97E-02
1	59	c	5/27/2004	7:03	-151.65	59.55833	77	63	62.401	24.9106	31.5369	82.93361	8.55652	5.1888	0.1749	3.74	3.95E-02
1	59	c	5/27/2004	7:03	-151.65	59.55833	77	64	63.392	24.9124	31.538	82.77833	8.54205	5.181	0.1647	3.6228	3.94E-02
1	59	c	5/27/2004	7:03	-151.65	59.55833	77	65	64.382	24.9128	31.5383	82.63612	8.52777	5.179	0.1648	3.5351	3.94E-02
1	59	c	5/27/2004	7:03	-151.65	59.55833	77	66	65.373	24.913	31.5385	82.69488	8.53398	5.1783	0.1666	3.5225	3.93E-02
1	59	c	5/27/2004	7:03	-151.65	59.55833	77	67	66.363	24.9136	31.5385	82.74381	8.53992	5.1739	0.167	3.5225	3.92E-02
1	59	c	5/27/2004	7:03	-151.65	59.55833	77	68	67.353	24.914	31.5388	82.70938	8.53664	5.1725	0.1663	3.5555	3.92E-02
1	59	c	5/27/2004	7:03	-151.65	59.55833	77	69	68.343	24.9141	31.5388	82.68019	8.53387	5.1714	0.1674	3.5664	3.92E-02
1	59	c	5/27/2004	7:03	-151.65	59.55833	77	70	69.334	24.9142	31.5388	82.66656	8.5326	5.1707	0.1642	3.5696	3.91E-02
1	59	c	5/27/2004	7:03	-151.65	59.55833	77	71	70.324	24.9167	31.5394	82.65925	8.53563	5.1522	0.1644	3.5831	3.91E-02
1	59	c	5/27/2004	7:03	-151.65	59.55833	77	72	71.314	24.9187	31.5408	82.59535	8.53073	5.1436	0.1645	3.6414	3.91E-02
1	59	c	5/27/2004	7:03	-151.65	59.55833	77	73	72.305	24.9196	31.5408	82.5198	8.52436	5.1367	0.162	3.6087	3.91E-02
1	59	c	5/27/2004	7:03	-151.65	59.55833	77	74	73.295	24.9204	31.541	82.39901	8.51316	5.1304	0.1702	3.5307	3.91E-02
1	59	c	5/27/2004	7:03	-151.65	59.55833	77	75	74.285	24.9217	31.5414	82.3163	8.50647	5.1213	0.1651	3.4279	3.95E-02
1	59	c	5/27/2004	7:03	-151.65	59.55833	77	76	75.276	24.9223	31.5417	82.15435	8.49029	5.1185	0.1655	3.3389	4.29E-02
1	59	c	5/27/2004	7:03	-151.65	59.55833	77	77	76.266	24.9226	31.5418	82.13584	8.4889	5.116	0.1635	3.3212	4.28E-02
1	60	c	5/27/2004	7:23	-151.65	59.575	62	1	0.991	22.2071	28.8575	99.38955	9.39475	9.6998	0.4105	3.6949	5.65E+01
1	60	c	5/27/2004	7:23	-151.65	59.575	62	2	1.981	22.8988	29.6297	101.97307	9.71774	9.1163	0.4516	3.7216	3.82E+01
1	60	c	5/27/2004	7:23	-151.65	59.575	62	3	2.972	23.6343	30.4426	103.5498	9.96882	8.4401	0.4746	3.8147	3.24E+01
1	60	c	5/27/2004	7:23	-151.65	59.575	62	4	3.963	23.9666	30.7127	108.87054	10.67704	7.5715	0.5301	3.9209	2.90E+01
1	60	c	5/27/2004	7:23	-151.65	59.575	62	5	4.953	24.2174	30.9511	112.88849	11.17211	7.1028	0.4777	3.9469	2.53E+01
1	60	c	5/27/2004	7:23	-151.65	59.575	62	6	5.944	24.3139	31.0267	114.34674	11.38672	6.8166	0.6022	3.971	2.14E+01
1	60	c	5/27/2004	7:23	-151.65	59.575	62	7	6.934	24.4436	31.1765	111.95022	11.16122	6.7249	2.0586	3.9181	1.74E+01
1	60	c	5/27/2004	7:23	-151.65	59.575	62	8	7.925	24.5024	31.2425	108.71113	10.84713	6.6709	2.3532	3.5338	1.31E+01
1	60	c	5/27/2004	7:23	-151.65	59.575	62	9	8.916	24.5619	31.2681	106.00016	10.6537	6.3568	2.5899	3.4783	8.59E+00
1	60	c	5/27/2004	7:23	-151.65	59.575	62	10	9.906	24.6735	31.4084	101.19177	10.16294	6.3486	2.0573	3.4583	5.87E+00
1	60	c	5/27/2004	7:23	-151.65	59.575	62	11	10.897	24.682	31.4319	99.54046	9.97626	6.4303	1.6466	3.6108	3.85E+00
1	60	c	5/27/2004	7:23	-151.65	59.575	62	12	11.887	24.6902	31.4393	98.51838	9.87808	6.4102	1.5192	3.7861	2.85E+00
1	60	c	5/27/2004	7:23	-151.65	59.575	62	13	12.878	24.6965	31.442	97.32647	9.76602	6.3772	1.6104	3.8162	2.16E+00
1	60	c	5/27/2004	7:23	-151.65	59.575	62	14	13.869	24.7214	31.4568	95.74249	9.63059	6.2697	1.1127	3.8098	1.61E+00
1	60	c	5/27/2004	7:23	-151.65	59.575	62	15	14.859	24.7406	31.467	94.35609	9.51107	6.1785	0.8577	3.909	1.27E+00
1	60	c	5/27/2004	7:23	-151.65	59.575	62	16	15.85	24.7553	31.4746	93.47085	9.4377	6.1059	0.7911	3.992	1.02E+00
1	60	c	5/27/2004	7:23	-151.65	59.575	62	17	16.84	24.7671	31.4848	92.81634	9.37777	6.0755	0.6121	4.0617	8.33E-01
1	60	c	5/27/2004	7:23	-151.65	59.575	62	18	17.831	24.7715	31.4905	92.44571	9.33971	6.0767	0.6015	4.0812	6.95E-01
1	60	c	5/27/2004	7:23	-151.65	59.575	62	19	18.821	24.7716	31.491	92.2203	9.31643	6.0789	0.6233	4.08	5.82E-01
1	60	c	5/27/2004	7:23	-151.65	59.575	62	20	19.812	24.7723	31.4914	92.02855	9.29768	6.0759	0.5646	4.0874	4.86E-01
1	60	c	5/27/2004	7:23	-151.65	59.575	62	21	20.802	24.7742	31.4931	91.78263	9.27386	6.0708	0.518	4.0975	4.05E-01
1	60	c	5/27/2004	7:23	-151.65	59.575	62	22	21.793	24.7779	31.4944	91.45505	9.2454	6.0494	0.5135	4.1167	3.44E-01
1	60	c	5/27/2004	7:23	-151.65	59.575	62	23	22.784	24.7801	31.4968	91.17598	9.21781	6.0459	0.5259	4.1062	2.92E-01
1	60	c	5/27/2004	7:23	-151.65	59.575	62	24	23.774	24.7863	31.5048	90.75175	9.17413	6.0473	0.5395	4.0907	2.47E-01
1	60	c	5/27/2004	7:23	-151.65	59.575	62	25	24.765	24.7897	31.5083	90.40163	9.13951	6.0428	0.4906	4.115	2.09E-01
1	60	c	5/27/2004	7:23	-151.65	59.575	62	26	25.755	24.7905	31.5064	90.36962	9.1407	6.023	0.5009	4.1208	1.80E-01
1	60	c	5/27/2004	7:23	-151.65	59.575	62	27	26.746	24.7933	31.5062	90.25134	9.13411	5.9983	0.5496	4.1201	1.55E-01
1	60	c	5/27/2004	7:23	-151.65	59.575	62	28	27.736	24.7952	31.5062	90.0742	9.11955	5.9828	0.5695	4.1124	1.34E-01
1	60	c	5/27/2004	7:23	-151.65	59.575	62	29	28.727	24.7987	31.5064	89.85114	9.10302	5.9548	0.5201	4.1196	1.17E-01
1	60	c	5/27/2004	7:23	-151.65	59.575	62	30	29.718	24.8004	31.5056	89.75741	9.09779	5.9354	0.4638	4.1301	1.03E-01
1	60	c	5/27/2004	7:23	-151.65	59.575	62	31	30.708	24.8022	31.503	89.87627	9.11726	5.902	0.467	4.1324	9.14E-02
1	60	c	5/27/2004	7:23	-151.65	59.575	62	32	31.698	24.8051	31.5036	89.90737	9.12483	5.8816	0.4088	4.1355	8.18E-02
1	60	c	5/27/2004	7:23	-151.65	59.575	62	33	32.689	24.808	31.5057	89.90052	9.12616	5.8717	0.3622	4.1586	7.48E-02
1	60	c	5/27/2004	7:23	-151.65	59.575	62	34	33.679	24.8094	31.5075	89.75277	9.11099	5.872	0.3636	4.1793	6.89E-02
1	60	c	5/27/2004	7:23	-151.65	59.575	62	35	34.67	24.8116	31.5096	89.75083	9.11178	5.8669	0.2957	4.1657	6.40E-02
1	60	c	5/27/2004	7:23	-151.65	59.575	62	36	35.66	24.8135	31.5116	89.51689	9.08834	5.8649	0.2636	4.1616	6.02E-02
1	60	c	5/27/2004	7:23	-151.65	59.575	62	37	36.651	24.8174	31.513	89.20322	9.06151	5.8414	0.2927	4.1427	5.71E-02
1	60	c	5/27/2004	7:23	-151.65	59.575	62	38	37.641	24.8191	31.5123	88.90977	9.03582	5.8225	0.2572	4.1069	5.42E-02
1	60	c	5/27/2004	7:23	-151.65	59.575	62	39	38.632	24.8231	31.5123	88.59446	9.01109	5.7885	0.2344	4.0661	5.17E-02
1	60	c	5/27/2004	7:23	-151.65	59.575	62	40	39.622	24.8259	31.5116	88.29567	8.9871	5.7589	0.2218	4.0076	4.97E-02
1	60	c	5/27/2004	7:23	-151.65	59.575	62	41	40.613	24.8289	31.5108	87.8802	8.95139	5.7284	0.2207	3.9556	4.79E-02
1	60	c	5/27/2004	7:23	-151.65	59.575	62	42	41.603	24.8303	31.5089	87.71805	8.94057	5.7024	0.2156	3.9445	4.63E-02
1	60	c	5/27/2004	7:23	-151.65	59.575	62	43	42.593	24.8316	31.5061	87.73259	8.94844	5.6733	0.2318	3.9675	4.50E-02
1	60	c	5/27/2004	7:23	-151.65	59.575	62	44	43.584	24.8352	31.5063	87.62759	8.94425	5.6429	0.2417	4.0465	4.41E-02
1	60	c	5/27/2004	7:23	-151.65	59.575	62	45	44.575	24.8376	31.507	87.3879	8.92323	5.6266	0.2374	4.029	4.33E-02
1	60	c	5/27/2004	7:23	-151.65	59.575	62	46	45.565	24.8394	31.5055	87.10319	8.8997	5.6011	0.218	3.9887	4.26E-02
1	60	c	5/27/2004	7:23	-151.65	59.575	62	47	46.555	24.8411	31.5049	86.70101	8.86268	5.5821	0.2089	3.9555	4.19E-02
1	60	c	5/27/2004	7:23	-151.65	59.575	62	48	47.546	24.8458	31.5027	86.15424	8.81885	5.5257	0.2106	3.8735	4.14E-02
1	60	c	5/27/2004	7:23	-151.65	59.575	62	49	48.536	24.85	31.5024	85.53468	8.76365	5.4868	0.1991	3.7557	4.09E-02
1	60	c	5/27/2004	7:23	-151.65	59.575	62	50	49.527	24.8539	31.5012	85.2079	8.73929	5.4438	0.1912	3.666	4.05E-02
1	60	c	5/27/2004	7:23	-151.65	59.575	62	51	50.517	24.8572	31.5026	85.18861	8.74134	5.4242	0.19	3.7071	4.02E-02
1	60	c	5/27/2004	7:23	-151.65	59.575	62	52	51.507	24.8574	31.5021	85.02898	8.72603	5.4193	0.1953	3.7661	3.99E-02
1	60	c	5/27/2004	7:23	-151.65	59.575	62	53	52.498	24.8579	31.5014	84.86968	8.7117	5.4099	0.1936	3.7279	3.98E-02
1	60	c	5/27/2004	7:23	-151.65	59.575	62	54	53.488	24.8579	31.5004	84.82868	8.70894	5.4032	0.1965	3.6991	3.96E-02
1	60	c	5/27/2004	7:23	-151.65	59.575	62	55	54.479	24.8581	31.4992	84.65261	8.69305	5.3931	0.1996	3.6593	3.95E-02
1	60	c	5/27/2004	7:23	-151.65	59.575	62	56	55.469	24.8594	31.5002	84.44821	8.67295	5.3886	0.1969	3.547	3.94E-02
1	60	c	5/27/2004	7:23	-151.65	59.575	62	57	56.46	24.8601	31.5003	84.2923	8.65803	5.3833	0.1886	3.4819	3.93E-02
1	60	c	5/27/2004	7:23	-151.65	59.575	62	58	57.45	24.8622	31.4964	83.81232	8.61875	5.3361	0.1834	3.4534	3.92E-02
1	60	c	5/27/2004	7:23	-151.65	59.575	62	59	58.44	24.875	31.4998	83.41976	8.59707	5.2451	0.179	3.3959	3.92E-02
1	60	c	5/27/2004	7:23	-151.65	59.575	62	60	59.43	24.8766	31.5	83.19452	8.57645	5.2325	0.2392	3.3538	3.92E-02
1	60	c	5/27/2004	7:23	-151.65	59.575	62	61	60.421	24.8767	31.4997	83.05636	8.56288	5.2294	0.1752	3.3303	3.91E-02
1	60	c	5/27/2004	7:23	-151.65	59.575	62	62	61.411	24.8767	31.4993	82.94868	8.55224	5.2272	0.1755	3.3074	3.90E-02
1	61	c	5/27/2004	7:38	-151.65	59.59167	37	1	0.991	22.3602	29.0399	98.07206	9.27315	9.6306	0.3706	3.7069	6.31E+01
1	61	c	5/27/2004	7:38	-151.65	59.59167	37	2	1.981	22.5257	29.2157	99.58944	9.44524	9.4463	0.3632	3.7398	4.37E+01
1	61	c	5/27/2004	7:38	-151.65	59.59167	37	3	2.972	23.3673	30.0771	103.97851	10.06849	8.2988	0.3859	3.8579	3.53E+01
1	61	c	5/27/2004	7:38	-151.65	59.59167	37	4	3.963	24.0038	30.7512	109.43164	10.73885	7.5262	0.4644	3.9773	3.28E+01
1	61	c	5/27/2004	7:38	-151.65	59.59167	37	5	4.953	24.2323	30.9942	113.75692	11.21614	7.2487	0.6172	3.9762	2.88E+01
1	61	c	5/27/2004	7:38	-151.65	59.59167	37	6	5.944	24.3688	31.1326	113.85127	11.27067	7.0376	0.6415	3.9133	2.36E+01
1	61	c	5/27/2004	7:38	-151.65	59.59167	37	7	6.934	24.4583	31.2105	113.17755	11.25551	6.8204	0.7133	3.9491	1.94E+01
1	61	c	5/27/2004	7:38	-151.65	59.59167	37	8	7.925	24.5407	31.3258	113.37411	11.24939	6.8855	1.1833	3.9256	1.59E+01
1	61	c	5/27/2004	7:38	-151.65	59.59167	37	9	8.916	24.5745	31.3553	112.64003	11.196	6.8032	1.7238	3.7903	1.24E+01
1	61	c	5/27/2004	7:38	-151.65	59.59167	37	10	9.906	24.6134	31.3884	109.86127	10.94323	6.7026	2.5853	3.6534	9.35E+00
1	61	c	5/27/2004	7:38	-151.65	59.59167	37	11	10.897	24.6642	31.4334	105.88122	10.57401	6.5808	2.2979	3.4429	6.46E+00
1	61	c	5/27/2004	7:38	-151.65	59.59167	37	12	11.887	24.7125	31.4677	102.86728	10.31174	6.4118	1.7127	3.6938	4.49E+00
1	61	c	5/27/2004	7:38	-151.65	59.59167	37	13	12.878	24.7252	31.4737	100.76946	10.11655	6.3472	1.555	3.8061	3.32E+00
1	61	c	5/27/2004	7:38	-151.65	59.59167	37	14	13.869	24.7347	31.4777	99.26433	9.97744	6.2954	1.3511	3.831	2.49E+00
1	61	c	5/27/2004	7:38	-151.65	59.59167	37	15	14.859	24.7431	31.4799	97.75903	9.83852	6.2418	1.3583	3.905	1.91E+00
1	61	c	5/27/2004	7:38	-151.65	59.59167	37	16	15.85	24.7509	31.4835	96.59158	9.73018	6.2011	1.2423	3.8893	1.49E+00
1	61	c	5/27/2004	7:38	-151.65	59.59167	37	17	16.84	24.758	31.4866	95.63694	9.64256	6.1629	1.1841	3.9079	1.16E+00
1	61	c	5/27/2004	7:38	-151.65	59.59167	37	18	17.831	24.7668	31.4878	94.30538	9.52314	6.097	0.9459	3.9375	9.18E-01
1	61	c	5/27/2004	7:38	-151.65	59.59167	37	19	18.822	24.7731	31.49	93.19718	9.41946	6.0598	0.9882	3.959	7.33E-01
1	61	c	5/27/2004	7:38	-151.65	59.59167	37	20	19.812	24.7756	31.4894	92.4928	9.35374	6.0353	0.9829	3.9612	5.90E-01
1	61	c	5/27/2004	7:38	-151.65	59.59167	37	21	20.803	24.7799	31.4891	91.93435	9.3057	5.9973	1.0096	3.9659	4.78E-01
1	61	c	5/27/2004	7:38	-151.65	59.59167	37	22	21.793	24.7838	31.4919	91.24171	9.23848	5.9834	0.9337	3.9385	3.81E-01
1	61	c	5/27/2004	7:38	-151.65	59.59167	37	23	22.784	24.7933	31.4993	90.22353	9.14174	5.9522	0.909	3.9115	3.09E-01
1	61	c	5/27/2004	7:38	-151.65	59.59167	37	24	23.774	24.7996	31.5022	89.30128	9.05539	5.9186	0.67	3.905	2.47E-01
1	61	c	5/27/2004	7:38	-151.65	59.59167	37	25	24.765	24.8002	31.502	88.91686	9.01787	5.9119	0.6356	3.9162	2.02E-01
1	61	c	5/27/2004	7:38	-151.65	59.59167	37	26	25.755	24.8026	31.5016	88.51147	8.98161	5.8894	0.5641	3.8893	1.67E-01
1	61	c	5/27/2004	7:38	-151.65	59.59167	37	27	26.746	24.8037	31.5025	88.30328	8.96111	5.8862	0.5379	3.8581	1.38E-01
1	61	c	5/27/2004	7:38	-151.65	59.59167	37	28	27.737	24.8037	31.5012	88.07049	8.93932	5.8779	0.5266	3.8451	1.17E-01
1	61	c	5/27/2004	7:38	-151.65	59.59167	37	29	28.727	24.8044	31.5013	87.94838	8.92803	5.8727	0.4913	3.8361	9.93E-02
1	61	c	5/27/2004	7:38	-151.65	59.59167	37	30	29.717	24.8044	31.5012	87.81503	8.91475	5.8716	0.5237	3.8351	8.52E-02
1	61	c	5/27/2004	7:38	-151.65	59.59167	37	31	30.708	24.8046	31.5005	87.78722	8.91329	5.8653	0.4892	3.8254	7.43E-02
1	61	c	5/27/2004	7:38	-151.65	59.59167	37	32	31.698	24.8048	31.5002	87.72024	8.90736	5.8613	0.5521	3.8183	6.61E-02
1	61	c	5/27/2004	7:38	-151.65	59.59167	37	33	32.689	24.8055	31.5001	87.61242	8.89772	5.8552	0.5122	3.8139	6.01E-02
1	61	c	5/27/2004	7:38	-151.65	59.59167	37	34	33.679	24.8065	31.4998	87.40938	8.87926	5.8451	0.4983	3.7986	5.51E-02
1	61	c	5/27/2004	7:38	-151.65	59.59167	37	35	34.67	24.8078	31.4997	87.01204	8.84142	5.8332	0.4871	3.7523	5.15E-02
1	61	c	5/27/2004	7:38	-151.65	59.59167	37	36	35.66	24.8083	31.4998	86.71794	8.81231	5.8295	0.4896	3.6423	4.86E-02
1	61	c	5/27/2004	7:38	-151.65	59.59167	37	37	36.651	24.808	31.4993	86.379	8.77797	5.8291	0.4005	3.6196	4.61E-02
1	62	c	5/27/2004	7:52	-151.65	59.60833	30	1	0.991	22.2792	28.9672	96.58406	9.10454	9.7876	0.2777	3.7531	6.95E+01
1	62	c	5/27/2004	7:52	-151.65	59.60833	30	2	1.981	22.2844	28.9709	96.73115	9.12119	9.7729	0.2999	3.7568	5.17E+01
1	62	c	5/27/2004	7:52	-151.65	59.60833	30	3	2.972	22.4676	29.1691	97.60891	9.23058	9.5879	0.318	3.7612	4.26E+01
1	62	c	5/27/2004	7:52	-151.65	59.60833	30	4	3.963	23.0044	29.7664	99.73172	9.49367	9.1254	0.3009	3.8167	3.54E+01
1	62	c	5/27/2004	7:52	-151.65	59.60833	30	5	4.953	23.1685	29.9237	101.13355	9.67786	8.8491	0.2756	3.905	3.01E+01
1	62	c	5/27/2004	7:52	-151.65	59.60833	30	6	5.944	23.4488	30.171	104.45996	10.11907	8.2487	0.3011	3.9262	2.54E+01
1	62	c	5/27/2004	7:52	-151.65	59.60833	30	7	6.934	24.239	30.9908	112.14723	11.07399	7.1799	0.3423	4.0072	2.09E+01
1	62	c	5/27/2004	7:52	-151.65	59.60833	30	8	7.925	24.3415	31.0776	111.83894	11.10722	6.9147	0.3186	4.0864	1.79E+01
1	62	c	5/27/2004	7:52	-151.65	59.60833	30	9	8.916	24.3761	31.0946	110.38765	11.00476	6.7488	0.3122	4.096	1.54E+01
1	62	c	5/27/2004	7:52	-151.65	59.60833	30	10	9.906	24.4121	31.124	109.96923	10.98702	6.6481	0.3852	4.0953	1.32E+01
1	62	c	5/27/2004	7:52	-151.65	59.60833	30	11	10.897	24.5109	31.2401	109.71108	10.96806	6.5896	0.6167	4.0588	1.13E+01
1	62	c	5/27/2004	7:52	-151.65	59.60833	30	12	11.887	24.5769	31.3115	110.09981	11.02191	6.5122	0.9338	3.9785	9.39E+00
1	62	c	5/27/2004	7:52	-151.65	59.60833	30	13	12.878	24.6317	31.3756	110.03468	11.01993	6.4774	1.1861	3.8731	7.66E+00
1	62	c	5/27/2004	7:52	-151.65	59.60833	30	14	13.869	24.6565	31.4169	108.61385	10.8587	6.5395	0.9459	3.9007	5.92E+00
1	62	c	5/27/2004	7:52	-151.65	59.60833	30	15	14.859	24.6764	31.4386	106.35931	10.6372	6.5177	1.7802	3.8786	4.74E+00
1	62	c	5/27/2004	7:52	-151.65	59.60833	30	16	15.85	24.6953	31.4474	104.06918	10.43126	6.4217	2.0049	3.6596	3.51E+00
1	62	c	5/27/2004	7:52	-151.65	59.60833	30	17	16.84	24.7103	31.4608	102.15556	10.24723	6.3858	1.6085	3.6952	2.44E+00
1	62	c	5/27/2004	7:52	-151.65	59.60833	30	18	17.831	24.7352	31.4712	99.37452	9.99968	6.2505	1.2961	3.8331	1.78E+00
1	62	c	5/27/2004	7:52	-151.65	59.60833	30	19	18.822	24.7429	31.4695	97.22292	9.80049	6.1763	1.3116	3.8573	1.38E+00
1	62	c	5/27/2004	7:52	-151.65	59.60833	30	20	19.812	24.744	31.4448	93.97643	9.51326	6.0049	1.0074	3.8434	1.06E+00
1	62	c	5/27/2004	7:52	-151.65	59.60833	30	21	20.803	24.7715	31.453	90.70604	9.22111	5.8271	0.8526	3.8484	8.29E-01
1	62	c	5/27/2004	7:52	-151.65	59.60833	30	22	21.793	24.773	31.4532	89.48177	9.09901	5.8153	0.6787	3.8785	6.61E-01
1	62	c	5/27/2004	7:52	-151.65	59.60833	30	23	22.784	24.7827	31.4558	88.14886	8.97744	5.7497	0.564	3.8831	5.33E-01
1	62	c	5/27/2004	7:52	-151.65	59.60833	30	24	23.774	24.7834	31.4568	87.68927	8.93038	5.7505	0.5143	3.8582	4.37E-01
1	62	c	5/27/2004	7:52	-151.65	59.60833	30	25	24.765	24.7858	31.4588	87.21719	8.88357	5.744	0.4845	3.8528	3.54E-01
1	62	c	5/27/2004	7:52	-151.65	59.60833	30	26	25.755	24.7884	31.4622	86.91322	8.85222	5.7449	0.4575	3.8279	2.88E-01
1	62	c	5/27/2004	7:52	-151.65	59.60833	30	27	26.746	24.7897	31.464	86.68176	8.8283	5.7461	0.4509	3.8168	2.34E-01
1	62	c	5/27/2004	7:52	-151.65	59.60833	30	28	27.736	24.7897	31.4642	86.58135	8.8177	5.7478	0.5555	3.7745	1.91E-01
1	62	c	5/27/2004	7:52	-151.65	59.60833	30	29	28.727	24.7917	31.4666	86.31115	8.7903	5.7466	0.5354	3.5958	1.50E-01
1	62	c	5/27/2004	7:52	-151.65	59.60833	30	30	29.717	24.7917	31.4665	86.24761	8.78393	5.7461	0.5734	3.5512	1.14E-01
1	63	c	5/27/2004	8:04	-151.65	59.625	28	1	0.991	22.0196	28.6639	95.50785	8.99003	9.937	0.2668	3.759	6.43E+01
1	63	c	5/27/2004	8:04	-151.65	59.625	28	2	1.981	22.299	28.9613	96.98677	9.17566	9.6294	0.292	3.7686	4.32E+01
1	63	c	5/27/2004	8:04	-151.65	59.625	28	3	2.972	22.7553	29.3945	101.74142	9.76934	8.8458	0.2575	3.851	3.80E+01
1	63	c	5/27/2004	8:04	-151.65	59.625	28	4	3.963	23.1671	29.8304	103.67666	10.04021	8.354	0.2627	3.8971	3.51E+01
1	63	c	5/27/2004	8:04	-151.65	59.625	28	5	4.953	23.8386	30.5427	108.0704	10.61467	7.5394	0.2802	3.9723	3.17E+01
1	63	c	5/27/2004	8:04	-151.65	59.625	28	6	5.944	24.0066	30.7372	110.76214	10.8939	7.4262	0.2955	4.0575	2.73E+01
1	63	c	5/27/2004	8:04	-151.65	59.625	28	7	6.934	24.1067	30.8388	111.34537	10.98273	7.2746	0.3783	4.0642	2.30E+01
1	63	c	5/27/2004	8:04	-151.65	59.625	28	8	7.925	24.1443	30.8821	110.74171	10.92685	7.2479	0.4565	4.0333	1.91E+01
1	63	c	5/27/2004	8:04	-151.65	59.625	28	9	8.916	24.194	30.9233	108.56276	10.74202	7.1158	0.509	3.9467	1.56E+01
1	63	c	5/27/2004	8:04	-151.65	59.625	28	10	9.906	24.2546	30.9762	105.22564	10.44367	6.9702	0.675	3.9053	1.24E+01
1	63	c	5/27/2004	8:04	-151.65	59.625	28	11	10.897	24.4203	31.147	102.04574	10.17503	6.7266	0.6562	3.8629	9.72E+00
1	63	c	5/27/2004	8:04	-151.65	59.625	28	12	11.887	24.494	31.2194	100.42169	10.03966	6.5942	0.9576	3.9	7.81E+00
1	63	c	5/27/2004	8:04	-151.65	59.625	28	13	12.878	24.5451	31.2771	101.64719	10.16905	6.5496	1.4129	3.8512	6.23E+00
1	63	c	5/27/2004	8:04	-151.65	59.625	28	14	13.869	24.5817	31.3019	100.31745	10.06682	6.4122	1.6346	3.7435	4.78E+00
1	63	c	5/27/2004	8:04	-151.65	59.625	28	15	14.859	24.6269	31.329	96.71353	9.74805	6.2184	1.6659	3.7166	3.53E+00
1	63	c	5/27/2004	8:04	-151.65	59.625	28	16	15.85	24.6603	31.3449	93.24824	9.43682	6.0455	1.0926	3.713	2.51E+00
1	63	c	5/27/2004	8:04	-151.65	59.625	28	17	16.84	24.6802	31.3608	91.26029	9.24826	5.9835	1.239	3.7056	1.85E+00
1	63	c	5/27/2004	8:04	-151.65	59.625	28	18	17.831	24.7034	31.3825	90.1531	9.14607	5.9317	0.9378	3.7361	1.35E+00
1	63	c	5/27/2004	8:04	-151.65	59.625	28	19	18.822	24.7135	31.3917	89.43478	9.07762	5.9086	0.7918	3.8325	1.02E+00
1	63	c	5/27/2004	8:04	-151.65	59.625	28	20	19.812	24.7295	31.3974	87.56365	8.90823	5.8107	0.5649	3.8081	7.88E-01
1	63	c	5/27/2004	8:04	-151.65	59.625	28	21	20.803	24.7561	31.4222	86.21451	8.78222	5.7505	0.5597	3.805	6.19E-01
1	63	c	5/27/2004	8:04	-151.65	59.625	28	22	21.793	24.7749	31.4438	85.85207	8.74713	5.7357	0.4434	3.7602	5.04E-01
1	63	c	5/27/2004	8:04	-151.65	59.625	28	23	22.784	24.7852	31.457	85.76556	8.73734	5.7368	0.4075	3.7489	4.02E-01
1	63	c	5/27/2004	8:04	-151.65	59.625	28	24	23.774	24.7866	31.4589	85.74503	8.735	5.7375	0.3927	3.722	3.23E-01
1	63	c	5/27/2004	8:04	-151.65	59.625	28	25	24.765	24.7866	31.4589	85.66959	8.72723	5.7378	0.4106	3.7107	2.60E-01
1	63	c	5/27/2004	8:04	-151.65	59.625	28	26	25.755	24.7868	31.4592	85.54339	8.71421	5.7385	0.3916	3.677	2.20E-01
1	63	c	5/27/2004	8:04	-151.65	59.625	28	27	26.746	24.787	31.4594	85.48208	8.70808	5.7379	0.3986	3.6161	1.85E-01
