Cruise	Station	Type	mon/day/yr	hh:mm	Lon (E)	Lat (N)	Bot. Depth [m]	Press	Depth [m]	Sigma	Salinity [psu]	oxper [%]	oxconc	Temperature [C]	fluor [v]	tran [v]	PAR
1	55	c	4/21/2004	7:16	-151.65	59.49167	20	1	0.991	24.9022	31.4416	85.67953	8.9838	4.551	0.4213	4.1293	1.54E+01
1	55	c	4/21/2004	7:16	-151.65	59.49167	20	2	1.981	24.8981	31.4363	85.97447	9.01513	4.5505	0.4332	4.1359	1.17E+01
1	55	c	4/21/2004	7:16	-151.65	59.49167	20	3	2.972	24.9056	31.4492	86.03645	9.01512	4.5766	0.4259	4.1316	8.72E+00
1	55	c	4/21/2004	7:16	-151.65	59.49167	20	4	3.963	24.9096	31.456	86.00901	9.00865	4.591	0.4294	4.1251	6.77E+00
1	55	c	4/21/2004	7:16	-151.65	59.49167	20	5	4.953	24.9189	31.4688	85.98715	9.00387	4.5989	0.4384	4.1133	5.54E+00
1	55	c	4/21/2004	7:16	-151.65	59.49167	20	6	5.944	24.9206	31.4718	85.9555	8.99883	4.6058	0.4438	4.1061	4.69E+00
1	55	c	4/21/2004	7:16	-151.65	59.49167	20	7	6.935	24.9218	31.4734	85.92017	8.99496	4.6062	0.4367	4.1081	3.44E+00
1	55	c	4/21/2004	7:16	-151.65	59.49167	20	8	7.925	24.9215	31.4729	85.85537	8.98828	4.6059	0.4352	4.109	1.60E+00
1	55	c	4/21/2004	7:16	-151.65	59.49167	20	9	8.916	24.9234	31.4757	85.84935	8.98683	4.6089	0.4469	4.1102	2.92E+00
1	55	c	4/21/2004	7:16	-151.65	59.49167	20	10	9.906	24.9233	31.4757	85.83398	8.98507	4.6096	0.4574	4.1077	2.59E+00
1	55	c	4/21/2004	7:16	-151.65	59.49167	20	11	10.897	24.9237	31.4763	85.87428	8.98908	4.6103	0.4467	4.1077	2.27E+00
1	55	c	4/21/2004	7:16	-151.65	59.49167	20	12	11.888	24.9235	31.4759	85.8995	8.99179	4.6101	0.4436	4.1062	2.00E+00
1	55	c	4/21/2004	7:16	-151.65	59.49167	20	13	12.878	24.9235	31.4761	85.92826	8.99461	4.6109	0.4486	4.1094	1.77E+00
1	55	c	4/21/2004	7:16	-151.65	59.49167	20	14	13.869	24.9245	31.4774	85.91847	8.99328	4.612	0.4338	4.1078	1.54E+00
1	55	c	4/21/2004	7:16	-151.65	59.49167	20	15	14.859	24.9254	31.4789	85.93321	8.99429	4.614	0.431	4.1036	1.36E+00
1	55	c	4/21/2004	7:16	-151.65	59.49167	20	16	15.85	24.9253	31.4788	85.87992	8.98866	4.6142	0.4428	4.1143	1.20E+00
1	55	c	4/21/2004	7:16	-151.65	59.49167	20	17	16.84	24.9254	31.4789	85.93709	8.99468	4.6141	0.4416	4.1143	1.08E+00
1	55	c	4/21/2004	7:16	-151.65	59.49167	20	18	17.831	24.9256	31.4791	85.89177	8.98981	4.6146	0.4644	4.1147	9.61E-01
1	55	c	4/21/2004	7:16	-151.65	59.49167	20	19	18.822	24.9257	31.4793	85.79789	8.9799	4.6149	0.4415	4.1165	8.13E-01
1	55	c	4/21/2004	7:16	-151.65	59.49167	20	20	19.813	24.9256	31.4791	85.84162	8.98467	4.6141	0.4002	4.1172	2.08E-01
1	56	c	4/21/2004	7:29	-151.65	59.50833	100	2	1.981	24.9749	31.527	84.01972	8.81524	4.5025	0.4014	4.1862	1.70E+01
1	56	c	4/21/2004	7:29	-151.65	59.50833	100	3	2.972	24.9743	31.5263	84.52766	8.86849	4.5029	0.4042	4.1861	1.33E+01
1	56	c	4/21/2004	7:29	-151.65	59.50833	100	4	3.963	24.974	31.526	84.56643	8.87245	4.5035	0.4016	4.1881	1.07E+01
1	56	c	4/21/2004	7:29	-151.65	59.50833	100	5	4.953	24.9742	31.5263	84.58291	8.87394	4.5045	0.4063	4.1903	1.03E+02
1	56	c	4/21/2004	7:29	-151.65	59.50833	100	6	5.944	24.9741	31.5262	84.55168	8.87063	4.5047	0.4089	4.1874	4.87E+02
1	56	c	4/21/2004	7:29	-151.65	59.50833	100	7	6.934	24.9748	31.5271	84.55726	8.87115	4.5047	0.3945	4.1887	1.88E+03
1	56	c	4/21/2004	7:29	-151.65	59.50833	100	8	7.925	24.9749	31.5273	84.56786	8.87222	4.5049	0.4036	4.1911	1.20E+03
1	56	c	4/21/2004	7:29	-151.65	59.50833	100	9	8.916	24.9739	31.5258	84.58149	8.87399	4.5037	0.4044	4.1915	2.85E+01
1	56	c	4/21/2004	7:29	-151.65	59.50833	100	10	9.906	24.9762	31.5278	84.57804	8.87506	4.4966	0.3993	4.1895	4.82E+00
1	56	c	4/21/2004	7:29	-151.65	59.50833	100	11	10.897	24.978	31.5294	84.59873	8.87823	4.4916	0.3884	4.1889	4.30E+00
1	56	c	4/21/2004	7:29	-151.65	59.50833	100	12	11.888	24.9799	31.5313	84.55821	8.87481	4.4873	0.3771	4.1885	3.82E+00
1	56	c	4/21/2004	7:29	-151.65	59.50833	100	13	12.878	24.9816	31.533	84.4844	8.86762	4.4842	0.3875	4.1885	3.39E+00
1	56	c	4/21/2004	7:29	-151.65	59.50833	100	14	13.869	24.9831	31.5345	84.52077	8.87202	4.4812	0.3866	4.1874	3.01E+00
1	56	c	4/21/2004	7:29	-151.65	59.50833	100	15	14.859	24.9837	31.5351	84.59487	8.88	4.48	0.376	4.1896	2.70E+00
1	56	c	4/21/2004	7:29	-151.65	59.50833	100	16	15.85	24.9838	31.5352	84.63645	8.88439	4.4799	0.386	4.191	2.41E+00
1	56	c	4/21/2004	7:29	-151.65	59.50833	100	17	16.84	24.9833	31.5346	84.61154	8.88169	4.4804	0.3875	4.188	2.15E+00
1	56	c	4/21/2004	7:29	-151.65	59.50833	100	18	17.831	24.9851	31.5365	84.54983	8.87584	4.4771	0.3883	4.1897	1.91E+00
1	56	c	4/21/2004	7:29	-151.65	59.50833	100	19	18.821	24.99	31.5413	84.53291	8.87623	4.4658	0.3909	4.1866	1.70E+00
1	56	c	4/21/2004	7:29	-151.65	59.50833	100	20	19.812	24.9901	31.5414	84.43948	8.86633	4.4662	0.369	4.189	1.52E+00
1	56	c	4/21/2004	7:29	-151.65	59.50833	100	21	20.803	24.9944	31.5452	84.43336	8.8682	4.4537	0.3663	4.1865	1.35E+00
1	56	c	4/21/2004	7:29	-151.65	59.50833	100	22	21.793	24.999	31.5495	84.41169	8.86807	4.4426	0.3794	4.186	1.20E+00
1	56	c	4/21/2004	7:29	-151.65	59.50833	100	23	22.784	25.0049	31.5551	84.35312	8.86478	4.4279	0.38	4.1856	1.07E+00
1	56	c	4/21/2004	7:29	-151.65	59.50833	100	24	23.774	25.0045	31.5549	84.32758	8.86163	4.4302	0.381	4.185	9.50E-01
1	56	c	4/21/2004	7:29	-151.65	59.50833	100	25	24.765	25.0056	31.5561	84.15758	8.84399	4.4288	0.3672	4.1862	8.43E-01
1	56	c	4/21/2004	7:29	-151.65	59.50833	100	26	25.755	25.0206	31.5648	84.06574	8.85124	4.3486	0.3743	4.1823	7.50E-01
1	56	c	4/21/2004	7:29	-151.65	59.50833	100	27	26.746	25.027	31.5723	84.05122	8.85048	4.3431	0.3608	4.179	6.65E-01
1	56	c	4/21/2004	7:29	-151.65	59.50833	100	28	27.737	25.0257	31.5707	84.06359	8.85165	4.3441	0.3721	4.1805	5.91E-01
1	56	c	4/21/2004	7:29	-151.65	59.50833	100	29	28.726	25.0271	31.5721	84.07975	8.85387	4.3413	0.3575	4.1775	4.95E-01
1	56	c	4/21/2004	7:29	-151.65	59.50833	100	30	29.717	25.0264	31.5723	84.07301	8.85114	4.3505	0.367	4.1813	4.58E-01
1	56	c	4/21/2004	7:29	-151.65	59.50833	100	31	30.708	25.0255	31.5706	83.98156	8.84268	4.3457	0.3769	4.183	7.54E+02
1	56	c	4/21/2004	7:29	-151.65	59.50833	100	32	31.698	25.0262	31.5712	83.92674	8.8375	4.3428	0.3637	4.182	1.52E+03
1	56	c	4/21/2004	7:29	-151.65	59.50833	100	33	32.689	25.0267	31.5705	83.93977	8.84102	4.3331	0.3574	4.181	1.68E+03
1	56	c	4/21/2004	7:29	-151.65	59.50833	100	34	33.679	25.0263	31.5704	83.92986	8.83932	4.3361	0.3544	4.1814	1.23E+03
1	56	c	4/21/2004	7:29	-151.65	59.50833	100	35	34.67	25.0277	31.5716	83.88993	8.83595	4.3319	0.359	4.1792	1.86E+03
1	56	c	4/21/2004	7:29	-151.65	59.50833	100	36	35.66	25.0273	31.5707	83.87833	8.83556	4.3284	0.352	4.1791	1.40E+03
1	56	c	4/21/2004	7:29	-151.65	59.50833	100	37	36.651	25.0288	31.5717	83.85375	8.83437	4.3217	0.3518	4.1793	1.52E+03
1	56	c	4/21/2004	7:29	-151.65	59.50833	100	38	37.641	25.0293	31.5721	83.86921	8.83631	4.3201	0.3534	4.1794	1.38E+03
1	56	c	4/21/2004	7:29	-151.65	59.50833	100	39	38.632	25.0285	31.5718	83.94152	8.84286	4.3251	0.3553	4.1775	1.94E+03
1	56	c	4/21/2004	7:29	-151.65	59.50833	100	40	39.622	25.0287	31.5717	83.9058	8.83956	4.323	0.3452	4.1777	1.53E+03
1	56	c	4/21/2004	7:29	-151.65	59.50833	100	41	40.613	25.0288	31.57	83.89461	8.84162	4.3086	0.3423	4.1784	8.29E+02
1	56	c	4/21/2004	7:29	-151.65	59.50833	100	42	41.603	25.0356	31.5738	83.88773	8.84912	4.2697	0.3495	4.1729	2.54E+03
1	56	c	4/21/2004	7:29	-151.65	59.50833	100	43	42.594	25.0372	31.5748	83.95103	8.85735	4.2623	0.3446	4.1704	6.25E+02
1	56	c	4/21/2004	7:29	-151.65	59.50833	100	44	43.584	25.0361	31.5744	84.01454	8.86245	4.2698	0.3499	4.168	2.02E+03
1	56	c	4/21/2004	7:29	-151.65	59.50833	100	45	44.574	25.0329	31.5755	83.96587	8.84816	4.3115	0.3446	4.1748	1.25E+03
1	56	c	4/21/2004	7:29	-151.65	59.50833	100	46	45.565	25.0275	31.5695	83.92443	8.84285	4.3175	0.3473	4.178	1.39E+03
1	56	c	4/21/2004	7:29	-151.65	59.50833	100	47	46.555	25.0297	31.5733	83.88331	8.83632	4.3266	0.3485	4.1796	1.40E+03
1	56	c	4/21/2004	7:29	-151.65	59.50833	100	48	47.546	25.029	31.5721	83.80286	8.82855	4.3237	0.3486	4.1802	8.22E+02
1	56	c	4/21/2004	7:29	-151.65	59.50833	100	49	48.536	25.0309	31.5727	83.8011	8.83146	4.3093	0.3465	4.1771	7.85E+02
1	56	c	4/21/2004	7:29	-151.65	59.50833	100	50	49.527	25.0315	31.5731	83.8466	8.83697	4.3058	0.3474	4.1742	1.17E+03
1	56	c	4/21/2004	7:29	-151.65	59.50833	100	51	50.517	25.0305	31.5726	83.89702	8.84085	4.3126	0.3398	4.1755	1.00E+03
1	56	c	4/21/2004	7:29	-151.65	59.50833	100	52	51.508	25.0296	31.5723	83.94085	8.8441	4.319	0.3453	4.1762	1.15E+03
1	56	c	4/21/2004	7:29	-151.65	59.50833	100	53	52.498	25.0287	31.5716	83.92866	8.84202	4.3228	0.3452	4.1778	1.06E+03
1	56	c	4/21/2004	7:29	-151.65	59.50833	100	54	53.488	25.0286	31.5703	83.87591	8.83866	4.3131	0.3411	4.1776	-5.23E+00
1	56	c	4/21/2004	7:29	-151.65	59.50833	100	55	54.479	25.0366	31.5757	83.82479	8.84089	4.2765	0.337	4.1709	1.26E+03
1	56	c	4/21/2004	7:29	-151.65	59.50833	100	56	55.469	25.0385	31.5746	83.72276	8.83658	4.2472	0.3338	4.1689	1.61E+03
1	56	c	4/21/2004	7:29	-151.65	59.50833	100	57	56.459	25.0427	31.5777	83.77041	8.84501	4.2307	0.3405	4.1633	6.38E+02
1	56	c	4/21/2004	7:29	-151.65	59.50833	100	58	57.45	25.0426	31.5777	83.81234	8.84934	4.2312	0.3321	4.1657	1.19E+03
1	56	c	4/21/2004	7:29	-151.65	59.50833	100	59	58.44	25.0441	31.5779	83.673	8.83755	4.2177	0.3343	4.1616	1.29E+03
1	56	c	4/21/2004	7:29	-151.65	59.50833	100	60	59.43	25.0476	31.5782	83.60616	8.83771	4.1845	0.3264	4.1515	1.22E+03
1	56	c	4/21/2004	7:29	-151.65	59.50833	100	61	60.421	25.0543	31.5824	83.53442	8.83727	4.1505	0.3123	4.1447	1.58E+03
1	56	c	4/21/2004	7:29	-151.65	59.50833	100	62	61.411	25.0559	31.583	83.49301	8.8354	4.1389	0.3177	4.1433	1.06E+03
1	56	c	4/21/2004	7:29	-151.65	59.50833	100	63	62.402	25.0576	31.5839	83.42531	8.83037	4.1288	0.3246	4.1394	6.25E+02
1	56	c	4/21/2004	7:29	-151.65	59.50833	100	64	63.392	25.0593	31.5842	83.32209	8.8226	4.1142	0.3167	4.1384	1.60E+03
1	56	c	4/21/2004	7:29	-151.65	59.50833	100	65	64.383	25.0637	31.5846	83.28788	8.82829	4.0714	0.3014	4.1204	-5.36E+02
1	57	c	4/21/2004	7:49	-151.65	59.525	107	1	0.99	25.0018	31.5722	86.30474	9.03283	4.5903	0.3778	4.1895	4.58E+01
1	57	c	4/21/2004	7:49	-151.65	59.525	107	2	1.981	25.0013	31.5716	86.41518	9.04437	4.5906	0.3687	4.1854	3.69E+01
1	57	c	4/21/2004	7:49	-151.65	59.525	107	3	2.972	25.0024	31.5724	86.45883	9.04988	4.5861	0.3763	4.1856	2.96E+01
1	57	c	4/21/2004	7:49	-151.65	59.525	107	4	3.963	25.0021	31.5724	86.51528	9.0552	4.5888	0.3786	4.1871	2.41E+01
1	57	c	4/21/2004	7:49	-151.65	59.525	107	5	4.953	25.002	31.5721	86.51227	9.05516	4.5876	0.3756	4.1886	2.04E+01
1	57	c	4/21/2004	7:49	-151.65	59.525	107	6	5.944	25.0026	31.5725	86.48393	9.05279	4.5848	0.3799	4.1885	1.76E+01
1	57	c	4/21/2004	7:49	-151.65	59.525	107	7	6.934	25.0022	31.5727	86.52277	9.05573	4.5899	0.3792	4.1887	1.54E+01
1	57	c	4/21/2004	7:49	-151.65	59.525	107	8	7.925	25.0026	31.571	86.51325	9.05852	4.5733	0.3919	4.1881	1.34E+01
1	57	c	4/21/2004	7:49	-151.65	59.525	107	9	8.916	25.0078	31.5733	86.34778	9.04835	4.5403	0.402	4.1819	1.19E+01
1	57	c	4/21/2004	7:49	-151.65	59.525	107	10	9.906	25.0124	31.5724	86.27171	9.05207	4.4878	0.4218	4.1773	1.06E+01
1	57	c	4/21/2004	7:49	-151.65	59.525	107	11	10.897	25.0186	31.5753	86.24059	9.05712	4.4496	0.4279	4.1718	9.40E+00
1	57	c	4/21/2004	7:49	-151.65	59.525	107	12	11.888	25.0211	31.5733	86.05843	9.04704	4.4093	0.4276	4.1703	8.37E+00
1	57	c	4/21/2004	7:49	-151.65	59.525	107	13	12.878	25.0327	31.5754	85.76539	9.03809	4.3102	0.4066	4.1779	7.50E+00
1	57	c	4/21/2004	7:49	-151.65	59.525	107	14	13.869	25.0428	31.5772	85.42513	9.02164	4.2222	0.3978	4.1834	6.71E+00
1	57	c	4/21/2004	7:49	-151.65	59.525	107	15	14.859	25.0514	31.5824	85.17814	9.00552	4.1759	0.3981	4.1805	6.04E+00
1	57	c	4/21/2004	7:49	-151.65	59.525	107	16	15.849	25.0538	31.5832	84.93293	8.98331	4.159	0.391	4.1807	5.40E+00
1	57	c	4/21/2004	7:49	-151.65	59.525	107	17	16.84	25.0555	31.5826	84.82688	8.97719	4.1361	0.3874	4.1797	3.04E+03
1	57	c	4/21/2004	7:49	-151.65	59.525	107	18	17.831	25.0597	31.5844	84.69911	8.96957	4.1089	0.3811	4.1829	2.25E+03
1	57	c	4/21/2004	7:49	-151.65	59.525	107	19	18.822	25.0616	31.5858	84.61998	8.96286	4.101	0.3716	4.1827	2.38E+03
1	57	c	4/21/2004	7:49	-151.65	59.525	107	20	19.812	25.0623	31.5841	84.48422	8.95345	4.079	0.3598	4.184	2.25E+03
1	57	c	4/21/2004	7:49	-151.65	59.525	107	21	20.803	25.0645	31.5861	84.3127	8.9365	4.0729	0.3721	4.1849	2.40E+03
1	57	c	4/21/2004	7:49	-151.65	59.525	107	22	21.793	25.0658	31.585	84.10082	8.91916	4.05	0.3531	4.1866	1.62E+03
1	57	c	4/21/2004	7:49	-151.65	59.525	107	23	22.784	25.0737	31.5889	83.84845	8.90294	4.001	0.3275	4.1723	2.63E+03
1	57	c	4/21/2004	7:49	-151.65	59.525	107	24	23.774	25.082	31.5933	83.60148	8.88779	3.9494	0.3137	4.1403	2.10E+03
1	57	c	4/21/2004	7:49	-151.65	59.525	107	25	24.765	25.0903	31.5967	83.3026	8.86868	3.8908	0.2995	4.1039	1.60E+03
1	57	c	4/21/2004	7:49	-151.65	59.525	107	26	25.755	25.0971	31.6012	83.03899	8.84781	3.8569	0.2932	4.082	2.00E+03
1	57	c	4/21/2004	7:49	-151.65	59.525	107	27	26.746	25.1014	31.603	82.83003	8.83209	3.8265	0.2868	4.0715	1.25E+03
1	57	c	4/21/2004	7:49	-151.65	59.525	107	28	27.736	25.1027	31.6045	82.78213	8.82729	3.8247	0.2967	4.059	1.49E+03
1	57	c	4/21/2004	7:49	-151.65	59.525	107	29	28.727	25.1013	31.604	82.63158	8.80887	3.8357	0.2922	4.0634	1.62E+03
1	57	c	4/21/2004	7:49	-151.65	59.525	107	30	29.718	25.1066	31.6048	82.4283	8.79803	3.7858	0.2652	4.0257	1.19E+03
1	57	c	4/21/2004	7:49	-151.65	59.525	107	31	30.708	25.1154	31.6112	82.24542	8.78684	3.7459	0.2596	3.9842	8.66E+02
1	57	c	4/21/2004	7:49	-151.65	59.525	107	32	31.699	25.1156	31.6114	82.10504	8.77205	3.7449	0.2546	3.9842	1.49E+03
1	57	c	4/21/2004	7:49	-151.65	59.525	107	33	32.689	25.1155	31.6111	82.05489	8.76686	3.7442	0.2661	3.9819	1.22E+03
1	57	c	4/21/2004	7:49	-151.65	59.525	107	34	33.679	25.1153	31.611	82.01848	8.7628	3.745	0.2589	3.9855	9.84E+02
1	57	c	4/21/2004	7:49	-151.65	59.525	107	35	34.67	25.1151	31.6107	82.00291	8.76118	3.7449	0.2586	3.9833	1.51E+03
1	57	c	4/21/2004	7:49	-151.65	59.525	107	36	35.66	25.1154	31.6108	81.97819	8.75898	3.7429	0.2597	3.9825	1.18E+03
1	57	c	4/21/2004	7:49	-151.65	59.525	107	37	36.651	25.1153	31.6108	81.99154	8.76028	3.7434	0.259	3.9831	7.46E+02
1	57	c	4/21/2004	7:49	-151.65	59.525	107	38	37.641	25.1151	31.6107	82.00689	8.76169	3.7445	0.2603	3.9878	1.48E+03
1	57	c	4/21/2004	7:49	-151.65	59.525	107	39	38.632	25.1152	31.6106	81.9959	8.76079	3.7433	0.2508	3.9824	9.27E+02
1	57	c	4/21/2004	7:49	-151.65	59.525	107	40	39.622	25.1152	31.6105	81.98907	8.76019	3.7427	0.2558	3.9825	1.46E+03
1	57	c	4/21/2004	7:49	-151.65	59.525	107	41	40.613	25.1154	31.6106	81.95074	8.75641	3.7413	0.2602	3.9807	1.26E+03
1	57	c	4/21/2004	7:49	-151.65	59.525	107	42	41.603	25.116	31.611	81.88056	8.74948	3.7385	0.2502	3.9758	1.13E+03
1	57	c	4/21/2004	7:49	-151.65	59.525	107	43	42.594	25.1164	31.6114	81.83182	8.74461	3.7369	0.2497	3.9733	1.44E+03
1	57	c	4/21/2004	7:49	-151.65	59.525	107	44	43.584	25.1175	31.6122	81.87912	8.75061	3.7323	0.2451	3.9678	7.62E+01
1	57	c	4/21/2004	7:49	-151.65	59.525	107	45	44.574	25.118	31.6126	81.85938	8.74871	3.7312	0.2494	3.9683	1.44E+03
1	57	c	4/21/2004	7:49	-151.65	59.525	107	46	45.565	25.1179	31.6126	81.89164	8.75204	3.7318	0.2469	3.969	8.88E+02
1	57	c	4/21/2004	7:49	-151.65	59.525	107	47	46.555	25.118	31.6126	81.854	8.7482	3.7309	0.2531	3.9692	1.02E+03
1	57	c	4/21/2004	7:49	-151.65	59.525	107	48	47.546	25.1181	31.6127	81.80498	8.743	3.7307	0.2471	3.9689	1.05E+03
1	57	c	4/21/2004	7:49	-151.65	59.525	107	49	48.536	25.1181	31.6127	81.82449	8.74507	3.7308	0.2538	3.9686	1.50E+03
1	57	c	4/21/2004	7:49	-151.65	59.525	107	50	49.527	25.1182	31.6128	81.83377	8.74619	3.7302	0.2454	3.9665	1.20E+03
1	57	c	4/21/2004	7:49	-151.65	59.525	107	51	50.517	25.1183	31.6127	81.8418	8.7474	3.7286	0.2428	3.9684	9.21E+02
1	57	c	4/21/2004	7:49	-151.65	59.525	107	52	51.507	25.1192	31.6134	81.81708	8.74557	3.7247	0.2424	3.9687	1.19E+03
1	57	c	4/21/2004	7:49	-151.65	59.525	107	53	52.498	25.1193	31.6134	81.76966	8.7407	3.7238	0.244	3.9698	9.73E+02
1	57	c	4/21/2004	7:49	-151.65	59.525	107	54	53.488	25.1193	31.6137	81.74815	8.73797	3.7257	0.2417	3.9681	9.55E+02
1	57	c	4/21/2004	7:49	-151.65	59.525	107	55	54.479	25.1186	31.6129	81.75806	8.73883	3.7268	0.2351	3.9705	4.16E+02
1	57	c	4/21/2004	7:49	-151.65	59.525	107	56	55.469	25.1201	31.6139	81.77438	8.74206	3.7197	0.2355	3.9605	1.25E+03
1	57	c	4/21/2004	7:49	-151.65	59.525	107	57	56.459	25.1201	31.614	81.74569	8.73885	3.7203	0.2377	3.9611	1.00E+03
1	57	c	4/21/2004	7:49	-151.65	59.525	107	58	57.45	25.1199	31.6136	81.78051	8.74268	3.7199	0.2381	3.9626	6.52E+02
1	57	c	4/21/2004	7:49	-151.65	59.525	107	59	58.44	25.1207	31.6143	81.76904	8.74207	3.7169	0.2346	3.9593	3.46E+02
1	57	c	4/21/2004	7:49	-151.65	59.525	107	60	59.43	25.1206	31.6142	81.78691	8.74395	3.7171	0.2377	3.9579	1.13E+03
1	57	c	4/21/2004	7:49	-151.65	59.525	107	61	60.421	25.1207	31.6143	81.77901	8.74297	3.7177	0.2366	3.9596	8.57E+02
1	57	c	4/21/2004	7:49	-151.65	59.525	107	62	61.411	25.1207	31.6143	81.77743	8.74276	3.7179	0.2331	3.9605	6.41E+02
1	57	c	4/21/2004	7:49	-151.65	59.525	107	63	62.401	25.1206	31.6143	81.75881	8.74061	3.7186	0.2339	3.958	5.99E+02
1	57	c	4/21/2004	7:49	-151.65	59.525	107	64	63.392	25.1205	31.6143	81.76847	8.74165	3.7186	0.2429	3.959	8.76E+02
1	57	c	4/21/2004	7:49	-151.65	59.525	107	65	64.382	25.1206	31.6142	81.74858	8.73956	3.7184	0.2392	3.9607	6.09E+02
1	57	c	4/21/2004	7:49	-151.65	59.525	107	66	65.373	25.1208	31.6144	81.7752	8.74264	3.7173	0.2349	3.9572	6.75E+02
1	57	c	4/21/2004	7:49	-151.65	59.525	107	67	66.363	25.1215	31.6149	81.77469	8.74328	3.714	0.2356	3.9521	7.83E+01
1	57	c	4/21/2004	7:49	-151.65	59.525	107	68	67.353	25.1218	31.6152	81.79492	8.74545	3.7139	0.2284	3.9553	9.30E+02
1	57	c	4/21/2004	7:49	-151.65	59.525	107	69	68.344	25.1217	31.6152	81.81148	8.74711	3.7144	0.2295	3.9571	1.09E+03
1	57	c	4/21/2004	7:49	-151.65	59.525	107	70	69.334	25.1217	31.6152	81.79674	8.74558	3.7142	0.2359	3.9561	4.70E+02
1	57	c	4/21/2004	7:49	-151.65	59.525	107	71	70.324	25.1218	31.6151	81.74008	8.73975	3.7131	0.2296	3.9543	7.60E+02
1	57	c	4/21/2004	7:49	-151.65	59.525	107	72	71.314	25.1227	31.6159	81.67413	8.73343	3.7096	0.2315	3.9526	4.77E+01
1	57	c	4/21/2004	7:49	-151.65	59.525	107	73	72.305	25.1224	31.6157	81.65953	8.73151	3.7113	0.2271	3.9541	1.01E+03
1	57	c	4/21/2004	7:49	-151.65	59.525	107	74	73.295	25.1224	31.6157	81.70382	8.73636	3.7107	0.2278	3.9531	2.32E+02
1	57	c	4/21/2004	7:49	-151.65	59.525	107	75	74.285	25.1227	31.6158	81.73278	8.7397	3.7096	0.2292	3.9515	1.48E+03
1	57	c	4/21/2004	7:49	-151.65	59.525	107	76	75.276	25.1229	31.6159	81.70496	8.73698	3.7084	0.2279	3.9489	3.34E+02
1	57	c	4/21/2004	7:49	-151.65	59.525	107	77	76.266	25.1234	31.6164	81.67913	8.73462	3.7064	0.2282	3.9432	6.27E+02
1	57	c	4/21/2004	7:49	-151.65	59.525	107	78	77.256	25.1243	31.6172	81.61083	8.72779	3.704	0.2277	3.9369	7.31E+01
1	57	c	4/21/2004	7:49	-151.65	59.525	107	79	78.247	25.1238	31.6167	81.65803	8.7325	3.7057	0.2291	3.9414	7.48E+02
1	57	c	4/21/2004	7:49	-151.65	59.525	107	80	79.237	25.1237	31.6165	81.70484	8.73757	3.7054	0.227	3.9432	6.83E+02
1	57	c	4/21/2004	7:49	-151.65	59.525	107	81	80.227	25.124	31.617	81.71661	8.7389	3.705	0.2302	3.9399	7.40E+02
1	57	c	4/21/2004	7:49	-151.65	59.525	107	82	81.217	25.1236	31.6165	81.74743	8.74199	3.7061	0.2294	3.943	1.12E+02
1	57	c	4/21/2004	7:49	-151.65	59.525	107	83	82.207	25.1237	31.6166	81.7612	8.74349	3.7059	0.2269	3.9421	1.17E+02
1	57	c	4/21/2004	7:49	-151.65	59.525	107	84	83.198	25.1246	31.6174	81.73652	8.74158	3.7024	0.2266	3.9378	1.01E+03
1	57	c	4/21/2004	7:49	-151.65	59.525	107	85	84.188	25.1246	31.6174	81.73458	8.74133	3.7025	0.238	3.9355	5.03E+02
1	57	c	4/21/2004	7:49	-151.65	59.525	107	86	85.178	25.1249	31.6177	81.71968	8.73986	3.7019	0.2279	3.9359	5.29E+00
1	57	c	4/21/2004	7:49	-151.65	59.525	107	87	86.169	25.125	31.6177	81.67363	8.73513	3.701	0.2257	3.933	3.63E-02
1	57	c	4/21/2004	7:49	-151.65	59.525	107	88	87.159	25.1251	31.6177	81.67527	8.73532	3.7009	0.2236	3.9326	5.18E+02
1	57	c	4/21/2004	7:49	-151.65	59.525	107	89	88.149	25.1253	31.618	81.64915	8.73264	3.7003	0.221	3.9317	6.46E+02
1	57	c	4/21/2004	7:49	-151.65	59.525	107	90	89.139	25.126	31.6185	81.6059	8.72848	3.698	0.2217	3.9219	1.20E+03
1	57	c	4/21/2004	7:49	-151.65	59.525	107	91	90.129	25.1275	31.6198	81.54501	8.72304	3.6928	0.2224	3.908	8.90E+02
1	57	c	4/21/2004	7:49	-151.65	59.525	107	92	91.12	25.1291	31.6209	81.51237	8.72108	3.6854	0.2189	3.8815	5.50E+02
1	57	c	4/21/2004	7:49	-151.65	59.525	107	93	92.11	25.1314	31.6229	81.45667	8.71678	3.6772	0.217	3.8492	9.48E+01
1	57	c	4/21/2004	7:49	-151.65	59.525	107	94	93.1	25.1327	31.624	81.3772	8.70918	3.6728	0.2216	3.8217	1.55E+01
1	57	c	4/21/2004	7:49	-151.65	59.525	107	95	94.09	25.1324	31.6237	81.37718	8.70909	3.6732	0.2185	3.8239	7.52E+02
1	58	c	4/21/2004	8:09	-151.65	59.54167	87	2	1.981	25.01	31.5612	85.14193	8.94826	4.4236	0.3706	4.1646	5.78E+01
1	58	c	4/21/2004	8:09	-151.65	59.54167	87	3	2.972	25.0104	31.5616	85.29247	8.96432	4.4224	0.3835	4.1597	4.44E+01
1	58	c	4/21/2004	8:09	-151.65	59.54167	87	4	3.963	25.0133	31.5624	85.22073	8.96158	4.4004	0.3976	4.159	3.65E+01
1	58	c	4/21/2004	8:09	-151.65	59.54167	87	5	4.953	25.0171	31.5644	85.14006	8.95781	4.3784	0.3861	4.1578	3.03E+01
1	58	c	4/21/2004	8:09	-151.65	59.54167	87	6	5.944	25.0222	31.567	85.00447	8.95	4.3484	0.3995	4.1516	2.54E+01
1	58	c	4/21/2004	8:09	-151.65	59.54167	87	7	6.934	25.0289	31.5688	84.65262	8.92448	4.2953	0.4017	4.1454	2.18E+01
1	58	c	4/21/2004	8:09	-151.65	59.54167	87	8	7.925	25.0412	31.5727	84.31727	8.90931	4.2022	0.3925	4.1354	1.87E+01
1	58	c	4/21/2004	8:09	-151.65	59.54167	87	9	8.916	25.0641	31.5866	84.03971	8.90576	4.0809	0.3744	4.1203	1.61E+01
1	58	c	4/21/2004	8:09	-151.65	59.54167	87	10	9.906	25.0711	31.5916	83.84542	8.89184	4.0492	0.3702	4.1178	1.40E+01
1	58	c	4/21/2004	8:09	-151.65	59.54167	87	11	10.897	25.0743	31.5914	83.72639	8.88692	4.0142	0.3631	4.1208	1.21E+01
1	58	c	4/21/2004	8:09	-151.65	59.54167	87	12	11.887	25.0781	31.5952	83.60588	8.87578	4.0057	0.3625	4.1208	1.05E+01
1	58	c	4/21/2004	8:09	-151.65	59.54167	87	13	12.878	25.0783	31.5934	83.51733	8.87024	3.9886	0.3481	4.1202	9.29E+00
1	58	c	4/21/2004	8:09	-151.65	59.54167	87	14	13.869	25.082	31.5961	83.47269	8.86885	3.9726	0.3488	4.123	8.17E+00
1	58	c	4/21/2004	8:09	-151.65	59.54167	87	15	14.859	25.0816	31.5957	83.40989	8.86204	3.9733	0.3499	4.1241	7.15E+00
1	58	c	4/21/2004	8:09	-151.65	59.54167	87	16	15.85	25.082	31.5955	83.39155	8.86128	3.9679	0.3566	4.123	6.28E+00
1	58	c	4/21/2004	8:09	-151.65	59.54167	87	17	16.84	25.083	31.5955	83.30387	8.85431	3.9573	0.3458	4.1248	5.53E+00
1	58	c	4/21/2004	8:09	-151.65	59.54167	87	18	17.831	25.086	31.5971	83.19944	8.84713	3.9389	0.3363	4.1276	4.89E+00
1	58	c	4/21/2004	8:09	-151.65	59.54167	87	19	18.822	25.09	31.5978	83.01255	8.83503	3.9032	0.3238	4.1277	4.32E+00
1	58	c	4/21/2004	8:09	-151.65	59.54167	87	20	19.812	25.0985	31.602	82.821	8.82639	3.8484	0.3086	4.1192	3.81E+00
1	58	c	4/21/2004	8:09	-151.65	59.54167	87	21	20.803	25.106	31.6074	82.57703	8.80756	3.8141	0.3008	4.1015	3.37E+00
1	58	c	4/21/2004	8:09	-151.65	59.54167	87	22	21.793	25.1109	31.6102	82.35464	8.79005	3.7849	0.2854	4.0867	2.96E+00
1	58	c	4/21/2004	8:09	-151.65	59.54167	87	23	22.784	25.1179	31.6137	82.17797	8.78086	3.7397	0.2713	4.0514	2.59E+00
1	58	c	4/21/2004	8:09	-151.65	59.54167	87	24	23.774	25.1216	31.6164	82.05103	8.77079	3.7229	0.2669	4.0221	2.26E+00
1	58	c	4/21/2004	8:09	-151.65	59.54167	87	25	24.765	25.1241	31.6182	81.9651	8.76401	3.7114	0.2654	4.0015	1.97E+00
1	58	c	4/21/2004	8:09	-151.65	59.54167	87	26	25.755	25.1246	31.6186	81.91636	8.75933	3.7088	0.2672	3.9945	1.70E+00
1	58	c	4/21/2004	8:09	-151.65	59.54167	87	27	26.746	25.1246	31.6184	81.8609	8.75358	3.7081	0.2659	3.9899	1.47E+00
1	58	c	4/21/2004	8:09	-151.65	59.54167	87	28	27.736	25.1243	31.618	81.86603	8.7541	3.7083	0.26	3.9877	1.27E+00
1	58	c	4/21/2004	8:09	-151.65	59.54167	87	29	28.727	25.1246	31.6183	81.87009	8.75482	3.7069	0.2617	3.9865	1.10E+00
1	58	c	4/21/2004	8:09	-151.65	59.54167	87	30	29.717	25.1246	31.6182	81.83516	8.75117	3.7066	0.2576	3.9867	9.51E-01
1	58	c	4/21/2004	8:09	-151.65	59.54167	87	31	30.708	25.1249	31.6185	81.86701	8.75489	3.705	0.2603	3.9798	8.18E-01
1	58	c	4/21/2004	8:09	-151.65	59.54167	87	32	31.698	25.1251	31.6187	81.82992	8.75111	3.7041	0.2537	3.9748	7.02E-01
1	58	c	4/21/2004	8:09	-151.65	59.54167	87	33	32.689	25.1255	31.6189	81.78671	8.74668	3.7032	0.2538	3.9734	4.40E+02
1	58	c	4/21/2004	8:09	-151.65	59.54167	87	34	33.679	25.1253	31.6187	81.78346	8.74634	3.7032	0.2535	3.9717	1.53E+03
1	58	c	4/21/2004	8:09	-151.65	59.54167	87	35	34.67	25.1253	31.6187	81.72104	8.73963	3.7033	0.2758	3.9743	1.63E+03
1	58	c	4/21/2004	8:09	-151.65	59.54167	87	36	35.66	25.1254	31.6188	81.73206	8.74095	3.7027	0.2842	3.9699	1.05E+03
1	58	c	4/21/2004	8:09	-151.65	59.54167	87	37	36.651	25.1255	31.6188	81.70731	8.73838	3.7023	0.283	3.9688	1.15E+03
1	58	c	4/21/2004	8:09	-151.65	59.54167	87	38	37.641	25.1255	31.6187	81.69191	8.73677	3.7022	0.278	3.9639	1.15E+03
1	58	c	4/21/2004	8:09	-151.65	59.54167	87	39	38.632	25.1256	31.6188	81.72658	8.74052	3.702	0.2733	3.9656	8.85E+02
1	58	c	4/21/2004	8:09	-151.65	59.54167	87	40	39.622	25.1258	31.619	81.72526	8.74049	3.7014	0.2719	3.9617	1.15E+03
1	58	c	4/21/2004	8:09	-151.65	59.54167	87	41	40.613	25.1258	31.619	81.74969	8.7432	3.7009	0.2679	3.9596	1.08E+03
1	58	c	4/21/2004	8:09	-151.65	59.54167	87	42	41.603	25.1261	31.6193	81.70343	8.73845	3.6999	0.266	3.9551	1.26E+03
1	58	c	4/21/2004	8:09	-151.65	59.54167	87	43	42.594	25.1265	31.6196	81.73281	8.74177	3.6991	0.2614	3.955	7.73E+02
1	58	c	4/21/2004	8:09	-151.65	59.54167	87	44	43.584	25.1271	31.6201	81.7269	8.74151	3.6972	0.2597	3.9497	1.09E+03
1	58	c	4/21/2004	8:09	-151.65	59.54167	87	45	44.574	25.1269	31.62	81.62809	8.73093	3.6973	0.2594	3.9504	1.01E+03
1	58	c	4/21/2004	8:09	-151.65	59.54167	87	46	45.565	25.1269	31.6199	81.60003	8.72784	3.6977	0.2547	3.9495	8.57E+02
1	58	c	4/21/2004	8:09	-151.65	59.54167	87	47	46.556	25.1269	31.6199	81.60523	8.72844	3.6975	0.2477	3.9484	9.09E+02
1	58	c	4/21/2004	8:09	-151.65	59.54167	87	48	47.546	25.1267	31.6197	81.65383	8.73367	3.6974	0.2464	3.9498	1.02E+03
1	58	c	4/21/2004	8:09	-151.65	59.54167	87	49	48.536	25.127	31.62	81.65387	8.73373	3.6971	0.2526	3.949	8.36E+02
1	58	c	4/21/2004	8:09	-151.65	59.54167	87	50	49.527	25.127	31.62	81.62665	8.73088	3.6968	0.2542	3.9436	7.88E+02
1	59	c	4/21/2004	8:23	-151.65	59.55833	76	2	1.981	24.9811	31.545	85.60095	8.96272	4.5815	0.3946	4.1129	6.86E+01
1	59	c	4/21/2004	8:23	-151.65	59.55833	76	3	2.972	24.9814	31.5455	85.74747	8.97774	4.5828	0.4032	4.1112	5.34E+01
1	59	c	4/21/2004	8:23	-151.65	59.55833	76	4	3.963	24.9841	31.5472	85.67378	8.97284	4.5696	0.41	4.1263	4.47E+01
1	59	c	4/21/2004	8:23	-151.65	59.55833	76	5	4.953	24.9886	31.5495	85.44899	8.95488	4.5435	0.4193	4.1271	3.77E+01
1	59	c	4/21/2004	8:23	-151.65	59.55833	76	6	5.944	25.0041	31.5551	85.12982	8.94489	4.4348	0.4193	4.1178	3.16E+01
1	59	c	4/21/2004	8:23	-151.65	59.55833	76	7	6.935	25.0249	31.567	84.69102	8.92296	4.3211	0.3922	4.1197	2.70E+01
1	59	c	4/21/2004	8:23	-151.65	59.55833	76	8	7.925	25.0414	31.5746	84.12665	8.88635	4.2145	0.3734	4.1161	2.31E+01
1	59	c	4/21/2004	8:23	-151.65	59.55833	76	9	8.916	25.0578	31.5833	83.75027	8.86707	4.1184	0.3599	4.1132	2.00E+01
1	59	c	4/21/2004	8:23	-151.65	59.55833	76	10	9.906	25.0646	31.588	83.47122	8.84419	4.0866	0.3552	4.1122	1.75E+01
1	59	c	4/21/2004	8:23	-151.65	59.55833	76	11	10.897	25.0709	31.5902	83.22001	8.82771	4.0396	0.3482	4.1073	1.52E+01
1	59	c	4/21/2004	8:23	-151.65	59.55833	76	12	11.887	25.0773	31.5944	83.11944	8.82395	4.0068	0.3454	4.1002	1.33E+01
1	59	c	4/21/2004	8:23	-151.65	59.55833	76	13	12.878	25.0788	31.5949	83.07114	8.82094	3.9969	0.343	4.0977	1.16E+01
1	59	c	4/21/2004	8:23	-151.65	59.55833	76	14	13.869	25.08	31.5956	83.04538	8.81963	3.9902	0.3343	4.101	1.02E+01
1	59	c	4/21/2004	8:23	-151.65	59.55833	76	15	14.859	25.0807	31.596	82.99262	8.815	3.9857	0.3341	4.0992	8.99E+00
1	59	c	4/21/2004	8:23	-151.65	59.55833	76	16	15.85	25.0823	31.5961	82.9087	8.8094	3.9704	0.3324	4.0991	7.86E+00
1	59	c	4/21/2004	8:23	-151.65	59.55833	76	17	16.84	25.0843	31.5977	82.82088	8.80166	3.9627	0.3209	4.0988	6.91E+00
1	59	c	4/21/2004	8:23	-151.65	59.55833	76	18	17.831	25.0855	31.5979	82.80901	8.80271	3.952	0.3276	4.0994	6.11E+00
1	59	c	4/21/2004	8:23	-151.65	59.55833	76	19	18.822	25.0862	31.5981	82.79715	8.80287	3.9455	0.3206	4.0978	5.34E+00
1	59	c	4/21/2004	8:23	-151.65	59.55833	76	20	19.812	25.0878	31.5992	82.76961	8.80152	3.9379	0.3171	4.0991	4.70E+00
1	59	c	4/21/2004	8:23	-151.65	59.55833	76	21	20.802	25.0894	31.5998	82.7013	8.79671	3.9265	0.3147	4.0991	4.12E+00
1	59	c	4/21/2004	8:23	-151.65	59.55833	76	22	21.793	25.0913	31.6006	82.64622	8.79394	3.9121	0.3107	4.096	3.63E+00
1	59	c	4/21/2004	8:23	-151.65	59.55833	76	23	22.784	25.095	31.603	82.50762	8.78306	3.8937	0.3119	4.0911	3.19E+00
1	59	c	4/21/2004	8:23	-151.65	59.55833	76	24	23.774	25.0966	31.604	82.49432	8.78327	3.886	0.3052	4.0902	2.79E+00
1	59	c	4/21/2004	8:23	-151.65	59.55833	76	25	24.765	25.0977	31.6044	82.51031	8.78675	3.8777	0.2974	4.0853	2.45E+00
1	59	c	4/21/2004	8:23	-151.65	59.55833	76	26	25.755	25.099	31.6049	82.44226	8.78159	3.868	0.2994	4.0859	2.16E+00
1	59	c	4/21/2004	8:23	-151.65	59.55833	76	27	26.746	25.1013	31.6059	82.38537	8.77907	3.8514	0.2928	4.0794	1.89E+00
1	59	c	4/21/2004	8:23	-151.65	59.55833	76	28	27.736	25.1052	31.6084	82.37663	8.78239	3.8312	0.294	4.0694	1.65E+00
1	59	c	4/21/2004	8:23	-151.65	59.55833	76	29	28.727	25.1081	31.6101	82.34387	8.78251	3.8142	0.2938	4.0602	1.45E+00
1	59	c	4/21/2004	8:23	-151.65	59.55833	76	30	29.717	25.1103	31.6112	82.26452	8.77691	3.8008	0.2851	4.0569	1.26E+00
1	59	c	4/21/2004	8:23	-151.65	59.55833	76	31	30.708	25.1122	31.6122	82.15459	8.76772	3.7889	0.2801	4.0513	1.10E+00
1	59	c	4/21/2004	8:23	-151.65	59.55833	76	32	31.698	25.1142	31.6133	82.08529	8.76274	3.7775	0.2731	4.0457	9.61E-01
1	59	c	4/21/2004	8:23	-151.65	59.55833	76	33	32.689	25.1157	31.6143	82.04571	8.76012	3.7698	0.2779	4.0442	8.41E-01
1	59	c	4/21/2004	8:23	-151.65	59.55833	76	34	33.679	25.1168	31.6148	82.02203	8.75932	3.7618	0.2747	4.0401	7.29E-01
1	59	c	4/21/2004	8:23	-151.65	59.55833	76	35	34.67	25.1184	31.6156	81.97504	8.75641	3.7519	0.2634	4.0352	6.33E-01
1	59	c	4/21/2004	8:23	-151.65	59.55833	76	36	35.66	25.1203	31.617	81.93142	8.75366	3.7427	0.2624	4.0295	5.53E-01
1	59	c	4/21/2004	8:23	-151.65	59.55833	76	37	36.651	25.1209	31.6174	81.92415	8.7534	3.7402	0.256	4.024	4.82E-01
1	59	c	4/21/2004	8:23	-151.65	59.55833	76	38	37.641	25.1212	31.6173	81.89038	8.75057	3.7367	0.2538	4.0248	4.21E-01
1	59	c	4/21/2004	8:23	-151.65	59.55833	76	39	38.632	25.122	31.6179	81.87131	8.74939	3.7326	0.2554	4.0205	3.65E-01
1	59	c	4/21/2004	8:23	-151.65	59.55833	76	40	39.622	25.1225	31.6181	81.83979	8.74675	3.7291	0.2584	4.0176	3.18E-01
1	59	c	4/21/2004	8:23	-151.65	59.55833	76	41	40.613	25.1229	31.6185	81.7755	8.74023	3.7275	0.2552	4.0158	2.78E-01
1	59	c	4/21/2004	8:23	-151.65	59.55833	76	42	41.603	25.1239	31.6189	81.77028	8.74104	3.721	0.2507	4.0154	2.44E-01
1	59	c	4/21/2004	8:23	-151.65	59.55833	76	43	42.594	25.1247	31.6195	81.81115	8.74629	3.7168	0.2429	4.0101	2.12E-01
1	59	c	4/21/2004	8:23	-151.65	59.55833	76	44	43.584	25.125	31.6196	81.76818	8.74219	3.7145	0.2476	4.0071	1.86E-01
1	59	c	4/21/2004	8:23	-151.65	59.55833	76	45	44.574	25.1258	31.6201	81.68139	8.7337	3.7108	0.2401	4.0038	1.63E-01
1	59	c	4/21/2004	8:23	-151.65	59.55833	76	46	45.565	25.1266	31.6207	81.66083	8.73214	3.7077	0.2371	3.999	1.43E-01
1	59	c	4/21/2004	8:23	-151.65	59.55833	76	47	46.555	25.1267	31.6207	81.73205	8.7401	3.7061	0.2381	3.9977	1.27E-01
1	59	c	4/21/2004	8:23	-151.65	59.55833	76	48	47.546	25.127	31.6209	81.72107	8.73923	3.7046	0.2336	3.9952	1.12E-01
1	59	c	4/21/2004	8:23	-151.65	59.55833	76	49	48.536	25.1276	31.6213	81.68389	8.73604	3.7009	0.2354	3.9933	9.93E-02
1	59	c	4/21/2004	8:23	-151.65	59.55833	76	50	49.527	25.1286	31.6221	81.56431	8.7238	3.6982	0.2342	3.9908	8.90E-02
1	59	c	4/21/2004	8:23	-151.65	59.55833	76	51	50.517	25.1292	31.6223	81.51405	8.71946	3.6933	0.2309	3.9843	8.01E-02
1	59	c	4/21/2004	8:23	-151.65	59.55833	76	52	51.508	25.1302	31.6229	81.485	8.7176	3.6874	0.2274	3.9794	7.24E-02
1	59	c	4/21/2004	8:23	-151.65	59.55833	76	53	52.498	25.1322	31.624	81.47464	8.71918	3.6748	0.2222	3.9754	6.57E-02
1	59	c	4/21/2004	8:23	-151.65	59.55833	76	54	53.488	25.1338	31.625	81.45759	8.71908	3.6665	0.215	3.9767	6.03E-02
1	59	c	4/21/2004	8:23	-151.65	59.55833	76	55	54.479	25.1347	31.6257	81.45081	8.71915	3.6627	0.2169	3.9751	5.59E-02
1	59	c	4/21/2004	8:23	-151.65	59.55833	76	56	55.469	25.1352	31.6261	81.45125	8.71967	3.6604	0.2136	3.9712	5.20E-02
1	59	c	4/21/2004	8:23	-151.65	59.55833	76	57	56.459	25.1357	31.6264	81.4345	8.71828	3.6584	0.219	3.9679	4.88E-02
1	59	c	4/21/2004	8:23	-151.65	59.55833	76	58	57.45	25.1358	31.6263	81.38217	8.71325	3.6559	0.2132	3.9664	4.61E-02
1	59	c	4/21/2004	8:23	-151.65	59.55833	76	59	58.44	25.1363	31.6267	81.37623	8.71296	3.6541	0.2098	3.9651	4.37E-02
1	59	c	4/21/2004	8:23	-151.65	59.55833	76	60	59.43	25.1365	31.6266	81.31365	8.70663	3.6524	0.2123	3.9635	4.20E-02
1	59	c	4/21/2004	8:23	-151.65	59.55833	76	61	60.421	25.1365	31.6266	81.32757	8.70851	3.6507	0.2103	3.9638	4.02E-02
1	59	c	4/21/2004	8:23	-151.65	59.55833	76	62	61.411	25.1375	31.6271	81.36321	8.71364	3.6445	0.2119	3.9622	3.89E-02
1	59	c	4/21/2004	8:23	-151.65	59.55833	76	63	62.402	25.1386	31.6274	81.29723	8.70854	3.6353	0.2069	3.9607	3.78E-02
1	59	c	4/21/2004	8:23	-151.65	59.55833	76	64	63.392	25.1411	31.6293	81.24116	8.70464	3.6251	0.2088	3.9227	3.67E-02
1	59	c	4/21/2004	8:23	-151.65	59.55833	76	65	64.382	25.1422	31.6298	81.10915	8.69221	3.6171	0.2077	3.8767	3.63E-02
1	59	c	4/21/2004	8:23	-151.65	59.55833	76	66	65.372	25.1443	31.6313	80.98914	8.68126	3.6078	0.2002	3.8102	3.63E-02
1	59	c	4/21/2004	8:23	-151.65	59.55833	76	67	66.363	25.1456	31.6323	80.93187	8.67634	3.6019	0.1992	3.7162	3.64E-02
1	59	c	4/21/2004	8:23	-151.65	59.55833	76	68	67.353	25.1468	31.6334	80.81914	8.66498	3.5983	0.1989	3.611	3.63E-02
1	59	c	4/21/2004	8:23	-151.65	59.55833	76	69	68.343	25.1467	31.6331	80.64433	8.64655	3.5969	0.1979	3.5911	3.66E-02
1	59	c	4/21/2004	8:23	-151.65	59.55833	76	70	69.334	25.1467	31.6332	80.58195	8.6397	3.5976	0.1996	3.5813	3.62E-02
1	60	c	4/21/2004	8:46	-151.65	59.575	60	2	1.981	24.9892	31.5486	84.43471	8.85158	4.5299	0.316	4.1805	1.14E+02
1	60	c	4/21/2004	8:46	-151.65	59.575	60	3	2.972	24.9894	31.5489	84.7046	8.87975	4.5304	0.34	4.1811	8.72E+01
1	60	c	4/21/2004	8:46	-151.65	59.575	60	4	3.963	24.9892	31.5487	84.71607	8.88078	4.5312	0.3495	4.1802	7.42E+01
1	60	c	4/21/2004	8:46	-151.65	59.575	60	5	4.953	24.9891	31.5485	84.72947	8.88221	4.5312	0.3571	4.1807	6.16E+01
1	60	c	4/21/2004	8:46	-151.65	59.575	60	6	5.944	24.9894	31.5488	84.70423	8.87975	4.5302	0.3643	4.1829	5.16E+01
1	60	c	4/21/2004	8:46	-151.65	59.575	60	7	6.934	24.9899	31.5491	84.67293	8.87686	4.5284	0.3729	4.1813	4.43E+01
1	60	c	4/21/2004	8:46	-151.65	59.575	60	8	7.925	24.9898	31.549	84.6956	8.87934	4.5279	0.3736	4.181	3.82E+01
1	60	c	4/21/2004	8:46	-151.65	59.575	60	9	8.915	24.9905	31.5495	84.73611	8.88418	4.525	0.3798	4.182	3.26E+01
1	60	c	4/21/2004	8:46	-151.65	59.575	60	10	9.906	24.9909	31.5497	84.72778	8.88401	4.5218	0.3804	4.1825	2.74E+01
1	60	c	4/21/2004	8:46	-151.65	59.575	60	11	10.897	24.9922	31.5501	84.58377	8.87078	4.5131	0.3897	4.181	2.38E+01
1	60	c	4/21/2004	8:46	-151.65	59.575	60	12	11.888	24.9954	31.5508	84.39147	8.85626	4.4868	0.3908	4.1765	2.10E+01
1	60	c	4/21/2004	8:46	-151.65	59.575	60	13	12.878	25.0006	31.5511	84.1641	8.84301	4.4378	0.3965	4.1732	1.87E+01
1	60	c	4/21/2004	8:46	-151.65	59.575	60	14	13.869	25.012	31.553	83.99004	8.84574	4.3404	0.4009	4.1606	1.65E+01
1	60	c	4/21/2004	8:46	-151.65	59.575	60	15	14.859	25.0221	31.5611	83.88938	8.84287	4.3027	0.3827	4.1535	1.46E+01
1	60	c	4/21/2004	8:46	-151.65	59.575	60	16	15.85	25.0261	31.5636	83.76626	8.83416	4.2823	0.3739	4.1525	1.29E+01
1	60	c	4/21/2004	8:46	-151.65	59.575	60	17	16.841	25.0299	31.567	83.67116	8.82624	4.2717	0.3635	4.1589	1.14E+01
1	60	c	4/21/2004	8:46	-151.65	59.575	60	18	17.831	25.0332	31.5676	83.62314	8.82719	4.2439	0.3708	4.1656	1.01E+01
1	60	c	4/21/2004	8:46	-151.65	59.575	60	19	18.822	25.0372	31.5703	83.60587	8.82945	4.2244	0.3619	4.1605	8.97E+00
1	60	c	4/21/2004	8:46	-151.65	59.575	60	20	19.812	25.0398	31.572	83.60521	8.83223	4.2108	0.3552	4.1589	7.95E+00
1	60	c	4/21/2004	8:46	-151.65	59.575	60	21	20.803	25.0414	31.5737	83.59387	8.83143	4.2086	0.3508	4.1564	7.02E+00
1	60	c	4/21/2004	8:46	-151.65	59.575	60	22	21.793	25.0417	31.5741	83.60182	8.83213	4.2091	0.3491	4.1557	6.23E+00
1	60	c	4/21/2004	8:46	-151.65	59.575	60	23	22.784	25.043	31.575	83.67091	8.84057	4.2036	0.3345	4.161	5.49E+00
1	60	c	4/21/2004	8:46	-151.65	59.575	60	24	23.774	25.0439	31.5755	83.64567	8.83906	4.1981	0.3282	4.1652	4.87E+00
1	60	c	4/21/2004	8:46	-151.65	59.575	60	25	24.765	25.0444	31.5756	83.53953	8.82867	4.1943	0.3232	4.1671	4.30E+00
1	60	c	4/21/2004	8:46	-151.65	59.575	60	26	25.755	25.0452	31.5738	83.40794	8.81997	4.1709	0.3077	4.1694	3.81E+00
1	60	c	4/21/2004	8:46	-151.65	59.575	60	27	26.746	25.0488	31.5739	83.30964	8.81738	4.135	0.2968	4.1618	3.36E+00
1	60	c	4/21/2004	8:46	-151.65	59.575	60	28	27.736	25.0512	31.5756	83.22215	8.81036	4.1242	0.2964	4.1596	2.98E+00
1	60	c	4/21/2004	8:46	-151.65	59.575	60	29	28.727	25.0528	31.5766	83.19072	8.80885	4.1156	0.3008	4.1601	2.64E+00
1	60	c	4/21/2004	8:46	-151.65	59.575	60	30	29.717	25.0542	31.5771	83.157	8.80729	4.1062	0.2949	4.1546	2.33E+00
1	60	c	4/21/2004	8:46	-151.65	59.575	60	31	30.708	25.057	31.5792	83.13524	8.80753	4.0939	0.2926	4.1494	2.06E+00
1	60	c	4/21/2004	8:46	-151.65	59.575	60	32	31.698	25.0587	31.5803	83.08879	8.80413	4.0866	0.3016	4.1469	1.82E+00
1	60	c	4/21/2004	8:46	-151.65	59.575	60	33	32.689	25.0597	31.5809	83.0705	8.80348	4.0805	0.2939	4.1492	1.60E+00
1	60	c	4/21/2004	8:46	-151.65	59.575	60	34	33.679	25.0604	31.5815	83.0362	8.80036	4.078	0.295	4.151	1.41E+00
1	60	c	4/21/2004	8:46	-151.65	59.575	60	35	34.67	25.0622	31.5822	83.04478	8.80381	4.0661	0.2918	4.1531	1.25E+00
1	60	c	4/21/2004	8:46	-151.65	59.575	60	36	35.66	25.0631	31.5828	83.01477	8.80169	4.0611	0.2907	4.1565	1.10E+00
1	60	c	4/21/2004	8:46	-151.65	59.575	60	37	36.651	25.0654	31.5841	82.98037	8.80068	4.0486	0.2916	4.1546	9.76E-01
1	60	c	4/21/2004	8:46	-151.65	59.575	60	38	37.641	25.0658	31.5836	82.95329	8.79979	4.0396	0.2776	4.1458	8.67E-01
1	60	c	4/21/2004	8:46	-151.65	59.575	60	39	38.632	25.0679	31.5833	82.89721	8.79915	4.0153	0.2815	4.0766	7.63E-01
1	60	c	4/21/2004	8:46	-151.65	59.575	60	40	39.622	25.0684	31.5835	82.90307	8.80045	4.0121	0.2766	4.0397	6.57E-01
1	60	c	4/21/2004	8:46	-151.65	59.575	60	41	40.613	25.0687	31.584	82.93592	8.80366	4.0133	0.2784	4.0355	5.70E-01
1	60	c	4/21/2004	8:46	-151.65	59.575	60	42	41.603	25.0683	31.5836	82.89156	8.79892	4.0135	0.277	4.0489	4.97E-01
1	60	c	4/21/2004	8:46	-151.65	59.575	60	43	42.594	25.0687	31.5842	82.88341	8.79767	4.0151	0.2761	4.051	4.35E-01
1	60	c	4/21/2004	8:46	-151.65	59.575	60	44	43.584	25.0684	31.5839	82.83711	8.79252	4.0163	0.2739	4.0671	3.80E-01
1	60	c	4/21/2004	8:46	-151.65	59.575	60	45	44.574	25.0681	31.5835	82.86297	8.79544	4.0156	0.2805	4.0627	3.33E-01
1	60	c	4/21/2004	8:46	-151.65	59.575	60	46	45.565	25.0683	31.5838	82.88327	8.79759	4.0155	0.2723	4.0577	2.93E-01
1	60	c	4/21/2004	8:46	-151.65	59.575	60	47	46.555	25.0677	31.5831	82.87015	8.79615	4.016	0.2697	4.0582	2.56E-01
1	60	c	4/21/2004	8:46	-151.65	59.575	60	48	47.546	25.0678	31.5829	82.86233	8.79578	4.0139	0.2718	4.0489	2.24E-01
1	60	c	4/21/2004	8:46	-151.65	59.575	60	49	48.536	25.068	31.5827	82.86075	8.79652	4.0098	0.2689	4.0292	1.96E-01
1	60	c	4/21/2004	8:46	-151.65	59.575	60	50	49.527	25.0679	31.5823	82.82207	8.7929	4.0076	0.2657	4.0126	1.10E-01
1	60	c	4/21/2004	8:46	-151.65	59.575	60	51	50.517	25.0683	31.5825	82.79332	8.79026	4.0057	0.2639	4.0066	2.43E+02
1	60	c	4/21/2004	8:46	-151.65	59.575	60	52	51.507	25.0684	31.5824	82.78901	8.79034	4.0033	0.263	3.9874	8.54E+02
1	60	c	4/21/2004	8:46	-151.65	59.575	60	53	52.498	25.0684	31.582	82.7907	8.79122	4.0002	0.2598	3.9826	8.99E+02
1	60	c	4/21/2004	8:46	-151.65	59.575	60	54	53.488	25.0694	31.5824	82.75621	8.78903	3.9932	0.2584	3.9274	7.44E+02
1	60	c	4/21/2004	8:46	-151.65	59.575	60	55	54.479	25.0695	31.5824	82.7562	8.78911	3.9929	0.257	3.9161	9.17E+02
1	60	c	4/21/2004	8:46	-151.65	59.575	60	56	55.469	25.0695	31.5823	82.72373	8.7858	3.9923	0.2586	3.9075	6.89E+02
1	60	c	4/21/2004	8:46	-151.65	59.575	60	57	56.459	25.0699	31.5826	82.6957	8.78342	3.9894	0.2604	3.8806	4.42E+02
1	61	c	4/21/2004	9:01	-151.65	59.59167	36	1	0.99	24.8756	31.4265	86.50517	9.03974	4.6933	0.3521	4.1131	2.05E+02
1	61	c	4/21/2004	9:01	-151.65	59.59167	36	2	1.981	24.8753	31.4262	86.74906	9.06516	4.6937	0.3741	4.1102	1.57E+02
1	61	c	4/21/2004	9:01	-151.65	59.59167	36	3	2.972	24.8752	31.426	86.77937	9.0684	4.6934	0.4018	4.1084	1.27E+02
1	61	c	4/21/2004	9:01	-151.65	59.59167	36	4	3.963	24.8746	31.4251	86.80945	9.07171	4.6929	0.4505	4.1075	9.94E+01
1	61	c	4/21/2004	9:01	-151.65	59.59167	36	5	4.953	24.8746	31.4252	86.84213	9.07511	4.693	0.4299	4.1073	7.95E+01
1	61	c	4/21/2004	9:01	-151.65	59.59167	36	6	5.944	24.8822	31.4359	86.82401	9.07052	4.7022	0.4584	4.1119	6.53E+01
1	61	c	4/21/2004	9:01	-151.65	59.59167	36	7	6.934	24.8904	31.4478	86.83801	9.06882	4.7133	0.4694	4.1191	5.42E+01
1	61	c	4/21/2004	9:01	-151.65	59.59167	36	8	7.925	24.8946	31.4525	86.86289	9.07202	4.7093	0.4858	4.1215	4.57E+01
1	61	c	4/21/2004	9:01	-151.65	59.59167	36	9	8.916	24.9032	31.4612	86.78162	9.06664	4.6929	0.4834	4.1281	3.91E+01
1	61	c	4/21/2004	9:01	-151.65	59.59167	36	10	9.906	24.9085	31.4641	86.65261	9.05949	4.6635	0.4716	4.1332	3.35E+01
1	61	c	4/21/2004	9:01	-151.65	59.59167	36	11	10.897	24.9159	31.4712	86.57912	9.05518	4.6464	0.4817	4.1373	2.89E+01
1	61	c	4/21/2004	9:01	-151.65	59.59167	36	12	11.887	24.9211	31.4769	86.60278	9.05869	4.6402	0.4794	4.1435	2.50E+01
1	61	c	4/21/2004	9:01	-151.65	59.59167	36	13	12.878	24.9286	31.4889	86.6017	9.05358	4.6595	0.5745	4.1303	2.16E+01
1	61	c	4/21/2004	9:01	-151.65	59.59167	36	14	13.869	24.9369	31.5038	86.54015	9.03859	4.6942	0.6118	4.0961	1.87E+01
1	61	c	4/21/2004	9:01	-151.65	59.59167	36	15	14.859	24.9471	31.5124	86.35895	9.02619	4.6623	0.5683	4.0978	1.62E+01
1	61	c	4/21/2004	9:01	-151.65	59.59167	36	16	15.85	24.9628	31.5262	86.11229	9.00983	4.6157	0.5332	4.1329	1.40E+01
1	61	c	4/21/2004	9:01	-151.65	59.59167	36	17	16.84	24.9657	31.5262	85.8938	8.99313	4.5877	0.5046	4.1476	1.21E+01
1	61	c	4/21/2004	9:01	-151.65	59.59167	36	18	17.831	24.9736	31.5293	85.6487	8.97905	4.5342	0.4717	4.1642	1.06E+01
1	61	c	4/21/2004	9:01	-151.65	59.59167	36	19	18.821	24.9778	31.5304	85.3741	8.9573	4.5018	0.4562	4.1683	9.28E+00
1	61	c	4/21/2004	9:01	-151.65	59.59167	36	20	19.812	24.9833	31.5335	85.16093	8.94141	4.4714	0.4449	4.161	8.14E+00
1	61	c	4/21/2004	9:01	-151.65	59.59167	36	21	20.803	24.9852	31.5342	85.06053	8.93376	4.458	0.4483	4.1527	7.13E+00
1	61	c	4/21/2004	9:01	-151.65	59.59167	36	22	21.793	24.9864	31.5351	84.94723	8.92266	4.4541	0.4474	4.1493	6.22E+00
1	61	c	4/21/2004	9:01	-151.65	59.59167	36	23	22.784	24.987	31.5346	84.86737	8.9165	4.4441	0.4253	4.141	5.47E+00
1	61	c	4/21/2004	9:01	-151.65	59.59167	36	24	23.774	24.989	31.536	84.71407	8.90226	4.4352	0.421	4.1384	4.79E+00
1	61	c	4/21/2004	9:01	-151.65	59.59167	36	25	24.765	24.9898	31.5363	84.67422	8.89938	4.4291	0.4051	4.1368	4.17E+00
1	61	c	4/21/2004	9:01	-151.65	59.59167	36	26	25.755	24.9919	31.5377	84.66741	8.90049	4.4203	0.3997	4.1303	3.64E+00
1	61	c	4/21/2004	9:01	-151.65	59.59167	36	27	26.746	24.9921	31.5378	84.68288	8.90231	4.4194	0.4107	4.1284	3.16E+00
1	61	c	4/21/2004	9:01	-151.65	59.59167	36	28	27.736	24.9919	31.5376	84.66956	8.90096	4.4193	0.4084	4.128	2.75E+00
1	61	c	4/21/2004	9:01	-151.65	59.59167	36	29	28.727	24.9925	31.5378	84.60374	8.89505	4.4146	0.3993	4.1264	2.39E+00
1	61	c	4/21/2004	9:01	-151.65	59.59167	36	30	29.717	24.9947	31.5396	84.51089	8.88675	4.4074	0.3878	4.1155	2.06E+00
1	62	c	4/21/2004	9:15	-151.65	59.60833	30	2	1.981	24.6143	31.0896	87.13068	9.13786	4.6374	0.4013	3.8792	1.62E+02
1	62	c	4/21/2004	9:15	-151.65	59.60833	30	3	2.972	24.6379	31.1196	87.25505	9.14874	4.639	0.4643	3.8841	1.12E+02
1	62	c	4/21/2004	9:15	-151.65	59.60833	30	4	3.963	24.6631	31.1513	87.25785	9.14732	4.6381	0.4925	3.8938	8.65E+01
1	62	c	4/21/2004	9:15	-151.65	59.60833	30	5	4.953	24.7219	31.2259	87.39249	9.15618	4.6414	0.5326	3.9279	6.65E+01
1	62	c	4/21/2004	9:15	-151.65	59.60833	30	6	5.944	24.7778	31.2971	87.39613	9.15096	4.6472	0.5624	3.969	5.30E+01
1	62	c	4/21/2004	9:15	-151.65	59.60833	30	7	6.934	24.8463	31.3888	87.20072	9.11595	4.6877	0.5966	4.0072	4.29E+01
1	62	c	4/21/2004	9:15	-151.65	59.60833	30	8	7.925	24.8749	31.4154	87.18284	9.12869	4.615	0.5561	4.0529	3.59E+01
1	62	c	4/21/2004	9:15	-151.65	59.60833	30	9	8.916	24.8937	31.4362	87.1327	9.12732	4.592	0.5652	4.0772	3.03E+01
1	62	c	4/21/2004	9:15	-151.65	59.60833	30	10	9.906	24.9102	31.4568	87.06777	9.11928	4.592	0.5418	4.1016	2.56E+01
1	62	c	4/21/2004	9:15	-151.65	59.60833	30	11	10.897	24.9176	31.4626	86.95754	9.11362	4.564	0.5264	4.11	2.18E+01
1	62	c	4/21/2004	9:15	-151.65	59.60833	30	12	11.887	24.9215	31.4653	86.87478	9.10875	4.5462	0.5426	4.1171	1.88E+01
1	62	c	4/21/2004	9:15	-151.65	59.60833	30	13	12.878	24.9249	31.4694	86.79428	9.10011	4.546	0.5584	4.1239	1.61E+01
1	62	c	4/21/2004	9:15	-151.65	59.60833	30	14	13.869	24.9261	31.4719	86.78276	9.09712	4.5533	0.5612	4.1209	1.38E+01
1	62	c	4/21/2004	9:15	-151.65	59.60833	30	15	14.859	24.9306	31.4748	86.71147	9.09426	4.5318	0.503	4.1331	1.19E+01
1	62	c	4/21/2004	9:15	-151.65	59.60833	30	16	15.85	24.9345	31.4777	86.60488	9.08654	4.5155	0.5316	4.1428	1.02E+01
1	62	c	4/21/2004	9:15	-151.65	59.60833	30	17	16.84	24.9365	31.4789	86.50886	9.07857	4.5057	0.4775	4.1425	8.84E+00
1	62	c	4/21/2004	9:15	-151.65	59.60833	30	18	17.831	24.9369	31.4785	86.44198	9.07306	4.499	0.5202	4.1451	7.73E+00
1	63	c	4/21/2004	9:28	-151.65	59.625	28	2	1.981	24.4453	30.8948	88.74487	9.28701	4.7787	0.42	3.7716	1.46E+02
1	63	c	4/21/2004	9:28	-151.65	59.625	28	3	2.972	24.4431	30.8923	88.86966	9.29969	4.781	0.4209	3.7722	1.02E+02
1	63	c	4/21/2004	9:28	-151.65	59.625	28	4	3.963	24.4435	30.8925	88.90314	9.30366	4.7789	0.4669	3.7884	7.91E+01
1	63	c	4/21/2004	9:28	-151.65	59.625	28	5	4.953	24.447	30.8965	88.98253	9.31245	4.7757	0.509	3.7917	6.01E+01
1	63	c	4/21/2004	9:28	-151.65	59.625	28	6	5.944	24.466	30.9203	88.91439	9.30406	4.7748	0.5407	3.7969	4.78E+01
1	63	c	4/21/2004	9:28	-151.65	59.625	28	7	6.934	24.5164	30.9796	88.81043	9.29718	4.7412	0.5573	3.7971	3.80E+01
1	63	c	4/21/2004	9:28	-151.65	59.625	28	8	7.925	24.567	31.0327	88.60236	9.29092	4.6584	0.5407	3.8203	3.02E+01
1	63	c	4/21/2004	9:28	-151.65	59.625	28	9	8.916	24.6323	31.1054	88.21286	9.2627	4.5831	0.5295	3.8692	2.45E+01
1	63	c	4/21/2004	9:28	-151.65	59.625	28	10	9.906	24.6858	31.167	87.85623	9.23163	4.5383	0.5126	3.9193	2.02E+01
1	63	c	4/21/2004	9:28	-151.65	59.625	28	11	10.897	24.6996	31.183	87.6414	9.21079	4.5263	0.5236	3.9315	1.70E+01
1	63	c	4/21/2004	9:28	-151.65	59.625	28	12	11.887	24.7122	31.1971	87.43936	9.19175	4.5128	0.5267	3.9412	1.43E+01
1	63	c	4/21/2004	9:28	-151.65	59.625	28	13	12.878	24.7208	31.2071	87.32542	9.18072	4.5059	0.5122	3.9477	1.20E+01
1	63	c	4/21/2004	9:28	-151.65	59.625	28	14	13.869	24.7297	31.2178	87.21121	9.16877	4.5027	0.4715	3.9663	1.01E+01
1	63	c	4/21/2004	9:28	-151.65	59.625	28	15	14.859	24.7425	31.2335	87.05542	9.15248	4.4981	0.4684	3.9799	8.50E+00
1	63	c	4/21/2004	9:28	-151.65	59.625	28	16	15.85	24.7605	31.2552	86.96011	9.14263	4.4914	0.4825	3.9985	7.25E+00
1	63	c	4/21/2004	9:28	-151.65	59.625	28	17	16.84	24.7698	31.2666	86.94427	9.14105	4.488	0.4799	4.0046	6.21E+00
1	63	c	4/21/2004	9:28	-151.65	59.625	28	18	17.831	24.7763	31.2746	86.95609	9.14191	4.4876	0.4503	4.0181	5.33E+00
1	63	c	4/21/2004	9:28	-151.65	59.625	28	19	18.822	24.8265	31.3358	86.73782	9.11902	4.4708	0.4366	4.035	4.52E+00
1	63	c	4/21/2004	9:28	-151.65	59.625	28	20	19.812	24.8735	31.3923	86.48447	9.09382	4.4492	0.4207	4.0288	3.93E+00
1	63	c	4/21/2004	9:28	-151.65	59.625	28	21	20.803	24.8798	31.3997	86.27034	9.07165	4.4456	0.4061	4.0266	3.34E+00
1	63	c	4/21/2004	9:28	-151.65	59.625	28	22	21.793	24.8864	31.4076	86.17563	9.06191	4.4425	0.4001	4.0272	2.88E+00
1	63	c	4/21/2004	9:28	-151.65	59.625	28	23	22.784	24.8873	31.4087	86.10506	9.05459	4.4417	0.4027	4.0264	2.44E+00
1	63	c	4/21/2004	9:28	-151.65	59.625	28	24	23.775	24.8871	31.4083	86.00057	9.04365	4.4416	0.4033	4.0208	2.21E+00
