Cruise	Station	Type	mon/day/yr	hh:mm	Lon (E)	Lat (N)	Bot. Depth [m]	Press	Depth [m]	Sigma	Salinity [psu]	oxper [%]	oxconc	Temperature [C]	fluor [v]	tran [v]	PAR
0	55	c	3/13/2004	12:41	-151.65	59.49167	20	3	4.1057	2.972	25.0118	31.5239	74.29104	7.87114	0.2658	4.0676	3.30E+02
0	55	c	3/13/2004	12:41	-151.65	59.49167	20	4	4.1025	3.963	25.0126	31.5246	74.2698	7.86949	0.2751	4.0658	2.68E+02
0	55	c	3/13/2004	12:41	-151.65	59.49167	20	5	4.1007	4.953	25.0123	31.5239	74.38786	7.88239	0.278	4.0613	2.25E+02
0	55	c	3/13/2004	12:41	-151.65	59.49167	20	6	4.1008	5.944	25.0124	31.5241	74.43022	7.88685	0.283	4.0616	1.59E+02
0	55	c	3/13/2004	12:41	-151.65	59.49167	20	7	4.1009	6.934	25.0123	31.524	74.34196	7.87747	0.3081	4.0659	1.45E+02
0	55	c	3/13/2004	12:41	-151.65	59.49167	20	8	4.1007	7.925	25.0125	31.5241	74.35269	7.87865	0.318	4.0639	1.27E+02
0	55	c	3/13/2004	12:41	-151.65	59.49167	20	9	4.1007	8.916	25.0123	31.5239	74.32759	7.87599	0.324	4.0624	9.68E+01
0	55	c	3/13/2004	12:41	-151.65	59.49167	20	10	4.0998	9.906	25.0126	31.5241	74.25934	7.86893	0.3387	4.0642	6.88E+01
0	55	c	3/13/2004	12:41	-151.65	59.49167	20	11	4.0986	10.897	25.0125	31.5239	74.38886	7.8829	0.3585	4.0634	4.79E+01
0	55	c	3/13/2004	12:41	-151.65	59.49167	20	12	4.0985	11.888	25.0123	31.5235	74.41155	7.88533	0.3614	4.0623	4.15E+01
0	55	c	3/13/2004	12:41	-151.65	59.49167	20	13	4.0982	12.878	25.0121	31.5234	74.38393	7.88247	0.3694	4.0639	3.71E+01
0	55	c	3/13/2004	12:41	-151.65	59.49167	20	14	4.0987	13.869	25.0121	31.5234	74.30224	7.87372	0.3631	4.0656	3.54E+01
0	55	c	3/13/2004	12:41	-151.65	59.49167	20	15	4.0993	14.859	25.0122	31.5235	74.30146	7.87351	0.3608	4.0676	3.20E+01
0	55	c	3/13/2004	12:41	-151.65	59.49167	20	16	4.0992	15.85	25.0123	31.5237	74.34018	7.87763	0.3526	4.0649	2.90E+01
0	55	c	3/13/2004	12:41	-151.65	59.49167	20	17	4.0991	16.84	25.0127	31.5241	74.3019	7.87358	0.3593	4.0628	2.57E+01
0	55	c	3/13/2004	12:41	-151.65	59.49167	20	18	4.1011	17.831	25.0127	31.5243	74.25435	7.86813	0.3582	4.0637	2.15E+01
0	55	c	3/13/2004	12:41	-151.65	59.49167	20	19	4.1017	18.822	25.0125	31.5241	74.28542	7.87132	0.3585	4.0644	2.04E+01
0	55	c	3/13/2004	12:41	-151.65	59.49167	20	20	4.1011	19.812	25.0123	31.5238	74.29263	7.87222	0.3563	4.0643	1.83E+01
0	56	c	3/13/2004	12:27	-151.65	59.50833	100	3	2.972	25.0291	31.5602	74.4558	7.86368	4.2242	0.1801	4.1433	1.14E+02
0	56	c	3/13/2004	12:27	-151.65	59.50833	100	4	3.963	25.0292	31.5607	74.58064	7.87642	4.2264	0.1921	4.1431	8.93E+01
0	56	c	3/13/2004	12:27	-151.65	59.50833	100	5	4.953	25.0291	31.5605	74.55444	7.87367	4.2264	0.1989	4.1455	8.09E+01
0	56	c	3/13/2004	12:27	-151.65	59.50833	100	6	5.944	25.029	31.5603	74.49807	7.86775	4.2263	0.22	4.1469	7.42E+01
0	56	c	3/13/2004	12:27	-151.65	59.50833	100	7	6.934	25.029	31.5604	74.50048	7.86794	4.2266	0.2875	4.1484	6.95E+01
0	56	c	3/13/2004	12:27	-151.65	59.50833	100	8	7.925	25.0291	31.5606	74.56835	7.87493	4.2274	0.335	4.1459	6.49E+01
0	56	c	3/13/2004	12:27	-151.65	59.50833	100	9	8.916	25.0301	31.5617	74.59195	7.87744	4.227	0.3441	4.1443	5.77E+01
0	56	c	3/13/2004	12:27	-151.65	59.50833	100	10	9.906	25.0305	31.5621	74.55884	7.87425	4.2254	0.3563	4.1467	5.21E+01
0	56	c	3/13/2004	12:27	-151.65	59.50833	100	11	10.897	25.0336	31.5668	74.49589	7.86597	4.2325	0.3611	4.1468	4.61E+01
0	56	c	3/13/2004	12:27	-151.65	59.50833	100	12	11.888	25.0368	31.5724	74.50357	7.86407	4.245	0.3613	4.1497	4.12E+01
0	56	c	3/13/2004	12:27	-151.65	59.50833	100	13	12.878	25.0365	31.5722	74.49567	7.86303	4.2461	0.3644	4.1498	3.68E+01
0	56	c	3/13/2004	12:27	-151.65	59.50833	100	14	13.869	25.0365	31.5721	74.43009	7.8562	4.2457	0.3582	4.1492	3.22E+01
0	56	c	3/13/2004	12:27	-151.65	59.50833	100	15	14.859	25.0372	31.5731	74.38965	7.85161	4.2471	0.3522	4.1503	2.87E+01
0	56	c	3/13/2004	12:27	-151.65	59.50833	100	16	15.85	25.0372	31.5732	74.4185	7.85453	4.2477	0.3477	4.1488	2.54E+01
0	56	c	3/13/2004	12:27	-151.65	59.50833	100	17	16.84	25.0373	31.5735	74.43643	7.85616	4.249	0.3475	4.1471	2.27E+01
0	56	c	3/13/2004	12:27	-151.65	59.50833	100	18	17.831	25.0381	31.5746	74.40771	7.85293	4.2497	0.3441	4.1485	2.01E+01
0	56	c	3/13/2004	12:27	-151.65	59.50833	100	19	18.821	25.0364	31.572	74.4222	7.85522	4.2465	0.3415	4.1489	1.80E+01
0	56	c	3/13/2004	12:27	-151.65	59.50833	100	20	19.812	25.0393	31.5765	74.3945	7.85093	4.2523	0.3385	4.1481	1.60E+01
0	56	c	3/13/2004	12:27	-151.65	59.50833	100	21	20.803	25.0393	31.5766	74.3849	7.84956	4.2541	0.3287	4.1501	1.44E+01
0	56	c	3/13/2004	12:27	-151.65	59.50833	100	22	21.793	25.0403	31.5782	74.35761	7.84605	4.2569	0.3271	4.1506	1.30E+01
0	56	c	3/13/2004	12:27	-151.65	59.50833	100	23	22.784	25.0406	31.5788	74.41784	7.85205	4.2586	0.3227	4.1486	1.16E+01
0	56	c	3/13/2004	12:27	-151.65	59.50833	100	24	23.774	25.0414	31.58	74.47126	7.85729	4.2604	0.3138	4.1496	1.05E+01
0	56	c	3/13/2004	12:27	-151.65	59.50833	100	25	24.765	25.0412	31.5798	74.38355	7.84802	4.2605	0.2574	4.1486	9.38E+00
0	56	c	3/13/2004	12:27	-151.65	59.50833	100	26	25.755	25.042	31.581	74.38144	7.84748	4.2618	0.2699	4.1485	8.48E+00
0	56	c	3/13/2004	12:27	-151.65	59.50833	100	27	26.746	25.0461	31.587	74.28876	7.836	4.269	0.271	4.1462	7.55E+00
0	56	c	3/13/2004	12:27	-151.65	59.50833	100	28	27.737	25.0472	31.5877	74.28958	7.83719	4.2631	0.2725	4.1453	6.81E+00
0	56	c	3/13/2004	12:27	-151.65	59.50833	100	29	28.727	25.0482	31.5884	74.19821	7.82833	4.2589	0.271	4.144	6.12E+00
0	56	c	3/13/2004	12:27	-151.65	59.50833	100	30	29.717	25.0484	31.5881	74.14053	7.823	4.2551	0.2717	4.1426	5.45E+00
0	56	c	3/13/2004	12:27	-151.65	59.50833	100	31	30.708	25.0489	31.5881	74.20117	7.83035	4.2501	0.2787	4.1425	4.87E+00
0	56	c	3/13/2004	12:27	-151.65	59.50833	100	32	31.698	25.0489	31.5871	74.11541	7.82294	4.2419	0.2718	4.1392	4.30E+00
0	56	c	3/13/2004	12:27	-151.65	59.50833	100	33	32.689	25.0493	31.5873	74.0764	7.81937	4.239	0.2716	4.1367	3.79E+00
0	56	c	3/13/2004	12:27	-151.65	59.50833	100	34	33.679	25.0495	31.5861	74.07373	7.82127	4.228	0.266	4.1377	3.37E+00
0	56	c	3/13/2004	12:27	-151.65	59.50833	100	35	34.67	25.0513	31.5863	74.07341	7.8245	4.211	0.261	4.1359	2.97E+00
0	56	c	3/13/2004	12:27	-151.65	59.50833	100	36	35.66	25.0514	31.5862	74.10011	7.82765	4.2093	0.2644	4.1343	2.61E+00
0	56	c	3/13/2004	12:27	-151.65	59.50833	100	37	36.651	25.0518	31.5865	74.05535	7.82323	4.2076	0.2665	4.1318	2.33E+00
0	56	c	3/13/2004	12:27	-151.65	59.50833	100	38	37.641	25.0519	31.5865	74.05988	7.82407	4.2058	0.2592	4.1313	2.07E+00
0	56	c	3/13/2004	12:27	-151.65	59.50833	100	39	38.632	25.0526	31.587	74.04116	7.82253	4.2033	0.26	4.1315	1.82E+00
0	56	c	3/13/2004	12:27	-151.65	59.50833	100	40	39.622	25.0529	31.5869	73.97407	7.81615	4.1997	0.2569	4.1328	1.61E+00
0	56	c	3/13/2004	12:27	-151.65	59.50833	100	41	40.613	25.0536	31.5874	73.96616	7.81582	4.1969	0.2555	4.1335	1.42E+00
0	56	c	3/13/2004	12:27	-151.65	59.50833	100	42	41.603	25.0541	31.5877	74.00824	7.82073	4.1944	0.2485	4.132	1.27E+00
0	56	c	3/13/2004	12:27	-151.65	59.50833	100	43	42.594	25.0547	31.5883	73.98282	7.81828	4.193	0.2509	4.135	1.12E+00
0	56	c	3/13/2004	12:27	-151.65	59.50833	100	44	43.584	25.0549	31.5885	73.95189	7.81504	4.1928	0.2489	4.1356	9.96E-01
0	56	c	3/13/2004	12:27	-151.65	59.50833	100	45	44.574	25.0551	31.5886	73.96241	7.81643	4.1914	0.2484	4.1342	8.81E-01
0	56	c	3/13/2004	12:27	-151.65	59.50833	100	46	45.565	25.0558	31.5891	73.98513	7.81936	4.1885	0.2484	4.1302	7.84E-01
0	56	c	3/13/2004	12:27	-151.65	59.50833	100	47	46.555	25.0572	31.59	74.00313	7.82268	4.1809	0.2453	4.1363	7.01E-01
0	56	c	3/13/2004	12:27	-151.65	59.50833	100	48	47.546	25.0574	31.5902	73.96841	7.81898	4.181	0.2445	4.1299	6.29E-01
0	56	c	3/13/2004	12:27	-151.65	59.50833	100	49	48.536	25.0575	31.5902	73.93041	7.81508	4.1804	0.247	4.1267	5.66E-01
0	56	c	3/13/2004	12:27	-151.65	59.50833	100	50	49.527	25.0575	31.5902	73.94325	7.8164	4.1806	0.2462	4.1269	5.12E-01
0	56	c	3/13/2004	12:27	-151.65	59.50833	100	51	50.517	25.0575	31.5902	73.98625	7.82093	4.1807	0.2447	4.1264	4.62E-01
0	56	c	3/13/2004	12:27	-151.65	59.50833	100	52	51.508	25.0574	31.5901	73.99281	7.82149	4.1814	0.2441	4.1256	4.14E-01
0	56	c	3/13/2004	12:27	-151.65	59.50833	100	53	52.498	25.0575	31.5903	73.96394	7.81851	4.181	0.2423	4.1333	3.73E-01
0	56	c	3/13/2004	12:27	-151.65	59.50833	100	54	53.488	25.0575	31.5902	73.94565	7.81672	4.1802	0.2443	4.1324	3.37E-01
0	56	c	3/13/2004	12:27	-151.65	59.50833	100	55	54.479	25.0575	31.5903	74.00844	7.82319	4.1811	0.2427	4.1314	3.05E-01
0	56	c	3/13/2004	12:27	-151.65	59.50833	100	56	55.469	25.0576	31.5904	74.0078	7.82295	4.182	0.2424	4.1306	2.76E-01
0	56	c	3/13/2004	12:27	-151.65	59.50833	100	57	56.459	25.0574	31.5903	74.014	7.82354	4.1823	0.2452	4.1302	2.49E-01
0	56	c	3/13/2004	12:27	-151.65	59.50833	100	58	57.45	25.0572	31.5902	74.0166	7.82354	4.1838	0.2448	4.1351	2.24E-01
0	56	c	3/13/2004	12:27	-151.65	59.50833	100	59	58.44	25.0573	31.5903	74.01223	7.82318	4.1832	0.2461	4.1324	2.03E-01
0	56	c	3/13/2004	12:27	-151.65	59.50833	100	60	59.431	25.0573	31.5902	74.02761	7.82493	4.1826	0.2442	4.1288	1.82E-01
0	56	c	3/13/2004	12:27	-151.65	59.50833	100	61	60.421	25.0575	31.5904	74.01621	7.82377	4.1823	0.2435	4.1274	1.64E-01
0	56	c	3/13/2004	12:27	-151.65	59.50833	100	62	61.411	25.0574	31.5903	73.97164	7.81893	4.183	0.244	4.1299	1.49E-01
0	56	c	3/13/2004	12:27	-151.65	59.50833	100	63	62.402	25.0574	31.5903	73.96214	7.81792	4.1831	0.2406	4.1325	1.35E-01
0	56	c	3/13/2004	12:27	-151.65	59.50833	100	64	63.392	25.0574	31.5903	73.96489	7.81822	4.183	0.2387	4.1293	1.22E-01
0	56	c	3/13/2004	12:27	-151.65	59.50833	100	65	64.382	25.0575	31.5904	73.88366	7.80968	4.1827	0.2422	4.1308	1.11E-01
0	56	c	3/13/2004	12:27	-151.65	59.50833	100	66	65.373	25.0573	31.5902	73.93443	7.81499	4.1831	0.2584	4.1334	1.01E-01
0	56	c	3/13/2004	12:27	-151.65	59.50833	100	67	66.363	25.0573	31.5901	73.97685	7.8195	4.183	0.2441	4.1344	9.26E-02
0	56	c	3/13/2004	12:27	-151.65	59.50833	100	68	67.353	25.0575	31.5904	74.00339	7.82232	4.1828	0.2474	4.13	8.48E-02
0	56	c	3/13/2004	12:27	-151.65	59.50833	100	69	68.344	25.0575	31.5904	74.04053	7.82623	4.1829	0.2467	4.1339	7.81E-02
0	56	c	3/13/2004	12:27	-151.65	59.50833	100	70	69.334	25.0573	31.5901	74.03408	7.82561	4.1827	0.2448	4.1338	7.21E-02
0	56	c	3/13/2004	12:27	-151.65	59.50833	100	71	70.324	25.0574	31.5903	74.01437	7.82348	4.1828	0.243	4.1336	6.70E-02
0	56	c	3/13/2004	12:27	-151.65	59.50833	100	72	71.315	25.0573	31.5902	74.06616	7.82884	4.1835	0.2426	4.1294	6.27E-02
0	56	c	3/13/2004	12:27	-151.65	59.50833	100	73	72.305	25.0574	31.5903	74.04059	7.82613	4.1835	0.2414	4.1316	5.88E-02
0	56	c	3/13/2004	12:27	-151.65	59.50833	100	74	73.295	25.0573	31.5902	74.03435	7.82544	4.1837	0.2446	4.13	5.56E-02
0	56	c	3/13/2004	12:27	-151.65	59.50833	100	75	74.285	25.0573	31.5902	74.00057	7.82171	4.1845	0.2438	4.1358	5.28E-02
0	56	c	3/13/2004	12:27	-151.65	59.50833	100	76	75.276	25.0573	31.5903	73.98784	7.82041	4.1842	0.2444	4.1352	5.05E-02
0	56	c	3/13/2004	12:27	-151.65	59.50833	100	77	76.266	25.0573	31.5902	74.03041	7.82492	4.1842	0.2405	4.1355	4.84E-02
0	56	c	3/13/2004	12:27	-151.65	59.50833	100	78	77.256	25.0574	31.5903	74.03557	7.82551	4.1839	0.2437	4.1328	4.65E-02
0	56	c	3/13/2004	12:27	-151.65	59.50833	100	79	78.246	25.0579	31.5907	74.03402	7.82568	4.1821	0.2425	4.1333	4.49E-02
0	56	c	3/13/2004	12:27	-151.65	59.50833	100	80	79.237	25.0585	31.5912	74.05788	7.82856	4.1801	0.2424	4.1323	4.35E-02
0	56	c	3/13/2004	12:27	-151.65	59.50833	100	81	80.227	25.059	31.5917	74.09002	7.83219	4.1788	0.2461	4.13	4.23E-02
0	56	c	3/13/2004	12:27	-151.65	59.50833	100	82	81.217	25.0588	31.5915	74.09082	7.83221	4.1792	0.2429	4.1272	4.13E-02
0	56	c	3/13/2004	12:27	-151.65	59.50833	100	83	82.208	25.059	31.5917	74.0281	7.82565	4.1787	0.2432	4.1295	4.06E-02
0	56	c	3/13/2004	12:27	-151.65	59.50833	100	84	83.198	25.0594	31.5919	74.00258	7.82323	4.1772	0.2389	4.1285	1.66E+02
0	56	c	3/13/2004	12:27	-151.65	59.50833	100	85	84.188	25.0596	31.5921	73.94369	7.81706	4.1769	0.2425	4.1286	1.43E+02
0	56	c	3/13/2004	12:27	-151.65	59.50833	100	86	85.178	25.0595	31.5921	73.96262	7.81904	4.177	0.2395	4.1298	7.95E+01
0	56	c	3/13/2004	12:27	-151.65	59.50833	100	87	86.168	25.0595	31.5921	74.0083	7.82383	4.1772	0.2436	4.125	3.94E+00
0	56	c	3/13/2004	12:27	-151.65	59.50833	100	88	87.159	25.0596	31.5921	74.02482	7.8257	4.1766	0.2426	4.1226	-8.77E-01
0	56	c	3/13/2004	12:27	-151.65	59.50833	100	89	88.149	25.06	31.5922	73.96812	7.82024	4.1738	0.2389	4.1202	4.77E-01
0	56	c	3/13/2004	12:27	-151.65	59.50833	100	90	89.139	25.0604	31.5925	74.00757	7.82466	4.1724	0.2393	4.1166	2.06E+01
0	56	c	3/13/2004	12:27	-151.65	59.50833	100	91	90.129	25.0611	31.5924	73.88555	7.8133	4.1644	0.2353	4.1017	2.66E+01
0	56	c	3/13/2004	12:27	-151.65	59.50833	100	92	91.12	25.0621	31.5934	73.77174	7.80178	4.1615	0.2356	4.0946	-1.63E+01
0	57	c	3/13/2004	12:11	-151.65	59.525	107	2	1.981	25.0425	31.5697	74.17642	7.84524	4.1644	0.1476	4.1558	1.07E+02
0	57	c	3/13/2004	12:11	-151.65	59.525	107	3	2.972	25.043	31.5697	74.32297	7.86178	4.159	0.1585	4.1486	2.57E+02
0	57	c	3/13/2004	12:11	-151.65	59.525	107	4	3.963	25.0446	31.5715	74.35165	7.86522	4.1565	0.1637	4.1494	1.73E+02
0	57	c	3/13/2004	12:11	-151.65	59.525	107	5	4.953	25.0466	31.5736	74.29667	7.8598	4.1539	0.1667	4.1511	1.49E+02
0	57	c	3/13/2004	12:11	-151.65	59.525	107	6	5.944	25.0519	31.5798	74.2921	7.85974	4.15	0.1701	4.1498	1.14E+02
0	57	c	3/13/2004	12:11	-151.65	59.525	107	7	6.934	25.0567	31.5853	74.22359	7.85297	4.1461	0.1778	4.1482	1.01E+02
0	57	c	3/13/2004	12:11	-151.65	59.525	107	8	7.925	25.0652	31.5947	74.12592	7.84426	4.1352	0.1808	4.1385	8.82E+01
0	57	c	3/13/2004	12:11	-151.65	59.525	107	9	8.916	25.0669	31.5964	74.10422	7.8426	4.1314	0.1909	4.1337	7.63E+01
0	57	c	3/13/2004	12:11	-151.65	59.525	107	10	9.906	25.0683	31.597	74.07251	7.84106	4.1219	0.1984	4.1254	6.75E+01
0	57	c	3/13/2004	12:11	-151.65	59.525	107	11	10.897	25.0693	31.5976	73.97948	7.83211	4.1171	0.2111	4.1142	5.99E+01
0	57	c	3/13/2004	12:11	-151.65	59.525	107	12	11.887	25.0794	31.6063	73.89179	7.8287	4.0843	0.2044	4.0865	5.17E+01
0	57	c	3/13/2004	12:11	-151.65	59.525	107	13	12.878	25.0811	31.608	73.82803	7.82247	4.0812	0.2154	4.0735	4.65E+01
0	57	c	3/13/2004	12:11	-151.65	59.525	107	14	13.869	25.0777	31.6046	73.90385	7.8293	4.0883	0.2254	4.0692	3.99E+01
0	57	c	3/13/2004	12:11	-151.65	59.525	107	15	14.859	25.0805	31.6072	73.85056	7.82499	4.0807	0.2282	4.0655	3.47E+01
0	57	c	3/13/2004	12:11	-151.65	59.525	107	16	15.85	25.0822	31.6089	73.79462	7.81972	4.0768	0.2355	4.0667	3.01E+01
0	57	c	3/13/2004	12:11	-151.65	59.525	107	17	16.84	25.0822	31.6089	73.76099	7.81618	4.0767	0.2408	4.0697	2.65E+01
0	57	c	3/13/2004	12:11	-151.65	59.525	107	18	17.831	25.0823	31.6089	73.70717	7.81054	4.0764	0.2425	4.0702	2.32E+01
0	57	c	3/13/2004	12:11	-151.65	59.525	107	19	18.821	25.0824	31.6091	73.71501	7.81138	4.0763	0.2344	4.0709	2.03E+01
0	57	c	3/13/2004	12:11	-151.65	59.525	107	20	19.812	25.0823	31.6089	73.7432	7.81434	4.0765	0.2435	4.0692	1.78E+01
0	57	c	3/13/2004	12:11	-151.65	59.525	107	21	20.803	25.0823	31.6089	73.77279	7.81749	4.0764	0.2389	4.0674	1.55E+01
0	57	c	3/13/2004	12:11	-151.65	59.525	107	22	21.793	25.0823	31.6089	73.72939	7.81288	4.0764	0.2371	4.0667	1.35E+01
0	57	c	3/13/2004	12:11	-151.65	59.525	107	23	22.784	25.0825	31.6092	73.79964	7.82027	4.0767	0.2381	4.0671	1.18E+01
0	57	c	3/13/2004	12:11	-151.65	59.525	107	24	23.774	25.0826	31.6093	73.78619	7.81884	4.0767	0.2385	4.0674	1.04E+01
0	57	c	3/13/2004	12:11	-151.65	59.525	107	25	24.765	25.0826	31.6093	73.78731	7.81903	4.0763	0.2395	4.0685	9.07E+00
0	57	c	3/13/2004	12:11	-151.65	59.525	107	26	25.755	25.0826	31.6092	73.73829	7.81389	4.076	0.2414	4.0724	7.92E+00
0	57	c	3/13/2004	12:11	-151.65	59.525	107	27	26.746	25.0829	31.6096	73.72372	7.81237	4.0758	0.2336	4.0727	1.07E+03
0	57	c	3/13/2004	12:11	-151.65	59.525	107	28	27.736	25.0828	31.6095	73.7929	7.81974	4.0756	0.236	4.072	4.15E+02
0	57	c	3/13/2004	12:11	-151.65	59.525	107	29	28.727	25.0828	31.6095	73.76049	7.81601	4.0771	0.2334	4.0737	1.76E+02
0	57	c	3/13/2004	12:11	-151.65	59.525	107	30	29.717	25.0824	31.6092	73.7356	7.81313	4.0785	0.2304	4.0732	6.50E+01
0	57	c	3/13/2004	12:11	-151.65	59.525	107	31	30.708	25.0824	31.6091	73.70604	7.81008	4.0781	0.2328	4.0734	2.44E+01
0	57	c	3/13/2004	12:11	-151.65	59.525	107	32	31.698	25.0824	31.6092	73.63932	7.80302	4.078	0.2289	4.0742	1.76E+01
0	57	c	3/13/2004	12:11	-151.65	59.525	107	33	32.689	25.0825	31.6093	73.70119	7.80959	4.0779	0.228	4.0727	1.31E+01
0	57	c	3/13/2004	12:11	-151.65	59.525	107	34	33.679	25.0826	31.6094	73.77689	7.81762	4.0779	0.2274	4.0678	9.60E+00
0	57	c	3/13/2004	12:11	-151.65	59.525	107	35	34.67	25.0824	31.6092	73.82148	7.82215	4.0789	0.2219	4.0664	2.38E+01
0	57	c	3/13/2004	12:11	-151.65	59.525	107	36	35.66	25.0823	31.6092	73.76935	7.81656	4.0792	0.2255	4.0669	1.47E+01
0	57	c	3/13/2004	12:11	-151.65	59.525	107	37	36.651	25.0821	31.609	73.73703	7.81298	4.0801	0.2277	4.0662	1.45E+01
0	57	c	3/13/2004	12:11	-151.65	59.525	107	38	37.641	25.082	31.6089	73.68908	7.80787	4.0803	0.2258	4.0678	8.13E+00
0	57	c	3/13/2004	12:11	-151.65	59.525	107	39	38.632	25.0821	31.609	73.70569	7.80964	4.0802	0.2281	4.0687	3.59E+00
0	57	c	3/13/2004	12:11	-151.65	59.525	107	40	39.622	25.0822	31.6091	73.701	7.80915	4.0801	0.2283	4.0686	6.12E+00
0	57	c	3/13/2004	12:11	-151.65	59.525	107	41	40.613	25.0819	31.6088	73.64908	7.80356	4.0807	0.2261	4.0721	5.94E+00
0	57	c	3/13/2004	12:11	-151.65	59.525	107	42	41.603	25.082	31.609	73.66762	7.80547	4.0809	0.2269	4.0702	4.32E+00
0	57	c	3/13/2004	12:11	-151.65	59.525	107	43	42.593	25.0818	31.6088	73.71673	7.81056	4.0815	0.2284	4.0691	3.44E+00
0	57	c	3/13/2004	12:11	-151.65	59.525	107	44	43.584	25.0819	31.6088	73.68861	7.80762	4.0813	0.224	4.062	2.88E+00
0	57	c	3/13/2004	12:11	-151.65	59.525	107	45	44.574	25.082	31.6089	73.72153	7.81121	4.0808	0.2237	4.0619	2.29E+00
0	57	c	3/13/2004	12:11	-151.65	59.525	107	46	45.565	25.0824	31.6093	73.73134	7.81238	4.08	0.2239	4.056	3.64E+00
0	57	c	3/13/2004	12:11	-151.65	59.525	107	47	46.555	25.082	31.609	73.74125	7.81322	4.0812	0.2233	4.0598	1.11E+00
0	57	c	3/13/2004	12:11	-151.65	59.525	107	48	47.546	25.0822	31.609	73.7732	7.81674	4.0805	0.2278	4.06	1.81E+00
0	57	c	3/13/2004	12:11	-151.65	59.525	107	49	48.536	25.0829	31.6097	73.7722	7.81715	4.0776	0.2203	4.0561	2.41E+00
0	57	c	3/13/2004	12:11	-151.65	59.525	107	50	49.527	25.083	31.6097	73.76983	7.81703	4.077	0.2259	4.0463	8.68E-01
0	57	c	3/13/2004	12:11	-151.65	59.525	107	51	50.517	25.083	31.6097	73.72666	7.81243	4.0771	0.2201	4.0448	2.50E+00
0	57	c	3/13/2004	12:11	-151.65	59.525	107	52	51.508	25.0831	31.6098	73.69825	7.80939	4.0772	0.2273	4.0434	1.72E+00
0	57	c	3/13/2004	12:11	-151.65	59.525	107	53	52.498	25.0834	31.61	73.69419	7.80923	4.0758	0.2235	4.0469	1.36E+00
0	57	c	3/13/2004	12:11	-151.65	59.525	107	54	53.488	25.0832	31.6098	73.71088	7.81087	4.0765	0.2256	4.0515	4.56E-01
0	57	c	3/13/2004	12:11	-151.65	59.525	107	55	54.479	25.0833	31.6098	73.69705	7.80949	4.076	0.2257	4.0486	2.08E-01
0	57	c	3/13/2004	12:11	-151.65	59.525	107	56	55.469	25.0833	31.6099	73.7258	7.81252	4.0761	0.2204	4.05	2.40E+00
0	57	c	3/13/2004	12:11	-151.65	59.525	107	57	56.459	25.0837	31.6102	73.6948	7.80945	4.0749	0.2224	4.0403	8.01E-01
0	57	c	3/13/2004	12:11	-151.65	59.525	107	58	57.45	25.0839	31.6104	73.65191	7.80505	4.0741	0.2191	4.0341	1.59E+00
0	57	c	3/13/2004	12:11	-151.65	59.525	107	59	58.44	25.0836	31.6102	73.71689	7.81172	4.0753	0.2217	4.0334	8.71E-01
0	57	c	3/13/2004	12:11	-151.65	59.525	107	60	59.43	25.0836	31.6102	73.74976	7.81517	4.0755	0.2233	4.0358	3.13E-01
0	57	c	3/13/2004	12:11	-151.65	59.525	107	61	60.421	25.0834	31.6099	73.76083	7.81629	4.0758	0.2223	4.0404	7.79E-01
0	57	c	3/13/2004	12:11	-151.65	59.525	107	62	61.411	25.0844	31.6107	73.71899	7.81251	4.0722	0.2212	4.0213	1.25E+00
0	57	c	3/13/2004	12:11	-151.65	59.525	107	63	62.401	25.0845	31.6108	73.58251	7.79814	4.0717	0.2185	4.0087	1.22E+00
0	57	c	3/13/2004	12:11	-151.65	59.525	107	64	63.392	25.0844	31.6108	73.62422	7.80247	4.0721	0.2213	4.0205	4.85E-01
0	57	c	3/13/2004	12:11	-151.65	59.525	107	65	64.382	25.0846	31.611	73.72634	7.81335	4.0718	0.2201	4.0202	5.62E-02
0	57	c	3/13/2004	12:11	-151.65	59.525	107	66	65.373	25.0847	31.611	73.66476	7.80691	4.0713	0.2183	4.0211	1.26E+00
0	57	c	3/13/2004	12:11	-151.65	59.525	107	67	66.363	25.0853	31.6115	73.68082	7.80896	4.0694	0.2183	4.0099	1.18E-01
0	57	c	3/13/2004	12:11	-151.65	59.525	107	68	67.353	25.0857	31.6119	73.68675	7.80979	4.0682	0.218	4.0043	3.80E-01
0	57	c	3/13/2004	12:11	-151.65	59.525	107	69	68.344	25.0855	31.6117	73.60317	7.80095	4.0682	0.2184	3.9903	1.99E-01
0	57	c	3/13/2004	12:11	-151.65	59.525	107	70	69.334	25.0854	31.6115	73.59286	7.79984	4.0683	0.2172	3.9819	4.85E-02
0	57	c	3/13/2004	12:11	-151.65	59.525	107	71	70.324	25.0856	31.6116	73.554	7.79576	4.0681	0.2179	3.9885	1.02E+00
0	57	c	3/13/2004	12:11	-151.65	59.525	107	72	71.314	25.0857	31.6119	73.58078	7.79859	4.0681	0.2193	4.0116	5.84E-01
0	57	c	3/13/2004	12:11	-151.65	59.525	107	73	72.305	25.0859	31.612	73.60886	7.80154	4.0682	0.2192	4.0157	2.41E-01
0	57	c	3/13/2004	12:11	-151.65	59.525	107	74	73.295	25.0858	31.612	73.62866	7.80357	4.0685	0.221	4.0187	1.25E-02
0	57	c	3/13/2004	12:11	-151.65	59.525	107	75	74.285	25.0857	31.6118	73.67023	7.80796	4.0687	0.2231	4.0177	4.27E-02
0	57	c	3/13/2004	12:11	-151.65	59.525	107	76	75.276	25.0858	31.612	73.69108	7.81024	4.0683	0.2167	4.009	4.84E-02
0	57	c	3/13/2004	12:11	-151.65	59.525	107	77	76.266	25.0858	31.6119	73.7033	7.81157	4.0681	0.2198	4.0017	1.36E-01
0	57	c	3/13/2004	12:11	-151.65	59.525	107	78	77.256	25.0859	31.6119	73.68433	7.80961	4.0679	0.2143	3.9852	5.71E-02
0	57	c	3/13/2004	12:11	-151.65	59.525	107	79	78.246	25.0859	31.612	73.66815	7.80785	4.0681	0.2158	3.9835	3.59E-02
0	57	c	3/13/2004	12:11	-151.65	59.525	107	80	79.237	25.0858	31.6118	73.66539	7.80756	4.0681	0.2122	3.9749	1.80E+00
0	57	c	3/13/2004	12:11	-151.65	59.525	107	81	80.227	25.0858	31.6119	73.60049	7.80068	4.0681	0.2132	3.9736	-8.01E-02
0	57	c	3/13/2004	12:11	-151.65	59.525	107	82	81.217	25.0856	31.6117	73.55891	7.79621	4.0685	0.2165	3.9745	8.56E-01
0	57	c	3/13/2004	12:11	-151.65	59.525	107	83	82.207	25.0857	31.6116	73.55103	7.79551	4.0678	0.2157	3.9705	9.45E-01
0	57	c	3/13/2004	12:11	-151.65	59.525	107	84	83.198	25.086	31.612	73.55181	7.79569	4.0672	0.2126	3.9638	2.05E-01
0	57	c	3/13/2004	12:11	-151.65	59.525	107	85	84.188	25.0862	31.6123	73.55152	7.79564	4.0672	0.2171	3.9825	4.72E-02
0	57	c	3/13/2004	12:11	-151.65	59.525	107	86	85.178	25.0863	31.6124	73.62268	7.80316	4.0673	0.2176	3.9878	3.62E-02
0	57	c	3/13/2004	12:11	-151.65	59.525	107	87	86.169	25.0863	31.6124	73.65356	7.8064	4.0674	0.2145	3.9886	5.37E-02
0	57	c	3/13/2004	12:11	-151.65	59.525	107	88	87.159	25.0863	31.6124	73.62408	7.80329	4.0674	0.2201	3.9845	6.24E-01
0	57	c	3/13/2004	12:11	-151.65	59.525	107	89	88.149	25.0864	31.6125	73.64116	7.80509	4.0674	0.2176	3.9949	3.36E-01
0	57	c	3/13/2004	12:11	-151.65	59.525	107	90	89.139	25.0863	31.6123	73.62717	7.80361	4.0674	0.2181	3.9853	4.83E-02
0	57	c	3/13/2004	12:11	-151.65	59.525	107	91	90.129	25.0864	31.6124	73.59122	7.79988	4.067	0.2215	3.9805	4.38E-02
0	57	c	3/13/2004	12:11	-151.65	59.525	107	92	91.12	25.0866	31.6126	73.57439	7.79818	4.0665	0.2189	3.9733	3.08E-01
0	57	c	3/13/2004	12:11	-151.65	59.525	107	93	92.11	25.087	31.613	73.58171	7.79913	4.0655	0.2167	3.9726	1.58E-01
0	57	c	3/13/2004	12:11	-151.65	59.525	107	94	93.1	25.087	31.613	73.57074	7.79794	4.0657	0.214	3.9785	4.94E-01
0	57	c	3/13/2004	12:11	-151.65	59.525	107	95	94.09	25.0872	31.6132	73.52932	7.7936	4.0653	0.2134	3.9732	7.68E-03
0	57	c	3/13/2004	12:11	-151.65	59.525	107	96	95.08	25.0882	31.6143	73.50937	7.7917	4.0639	0.2134	3.9519	1.36E+00
0	57	c	3/13/2004	12:11	-151.65	59.525	107	97	96.071	25.0885	31.6146	73.55958	7.79713	4.0633	0.2141	3.9381	4.12E-01
0	57	c	3/13/2004	12:11	-151.65	59.525	107	98	97.061	25.0886	31.6147	73.56126	7.79734	4.0631	0.2128	3.9362	6.92E-02
0	57	c	3/13/2004	12:11	-151.65	59.525	107	99	98.051	25.0892	31.6154	73.53683	7.79483	4.0625	0.2156	3.9382	3.69E-02
0	57	c	3/13/2004	12:11	-151.65	59.525	107	100	99.041	25.0896	31.6158	73.55372	7.79665	4.0622	0.2178	3.9323	4.78E-01
0	57	c	3/13/2004	12:11	-151.65	59.525	107	101	100.031	25.0924	31.6191	73.57966	7.79948	4.0609	0.2172	3.8903	5.73E-02
0	57	c	3/13/2004	12:11	-151.65	59.525	107	102	101.022	25.0935	31.6205	73.60975	7.80268	4.0605	0.2177	3.8671	4.60E-01
0	57	c	3/13/2004	12:11	-151.65	59.525	107	103	102.012	25.0938	31.6209	73.54628	7.79593	4.0605	0.2155	3.8311	5.85E-02
0	57	c	3/13/2004	12:11	-151.65	59.525	107	104	103.002	25.0942	31.6213	73.53262	7.79444	4.0606	0.2153	3.7596	3.72E-02
0	57	c	3/13/2004	12:11	-151.65	59.525	107	105	103.992	25.0943	31.6215	73.59621	7.80117	4.0606	0.2181	3.751	3.41E-01
0	57	c	3/13/2004	12:11	-151.65	59.525	107	106	104.982	25.0941	31.6213	73.42624	7.78306	4.0612	0.2208	3.667	-1.22E-01
0	58	c	3/13/2004	11:58	-151.65	59.54167	87	3	2.972	25.0657	31.5921	73.98257	7.83427	4.1091	0.1538	4.0901	1.82E+02
0	58	c	3/13/2004	11:58	-151.65	59.54167	87	4	3.963	25.0655	31.5921	74.03945	7.84001	4.1105	0.155	4.0928	1.56E+02
0	58	c	3/13/2004	11:58	-151.65	59.54167	87	5	4.953	25.0655	31.5921	74.08821	7.84515	4.1107	0.1567	4.09	1.33E+02
0	58	c	3/13/2004	11:58	-151.65	59.54167	87	6	5.944	25.0653	31.5919	74.08673	7.84489	4.1113	0.1643	4.0949	1.11E+02
0	58	c	3/13/2004	11:58	-151.65	59.54167	87	7	6.934	25.0649	31.5913	74.11039	7.84752	4.1108	0.174	4.0989	9.92E+01
0	58	c	3/13/2004	11:58	-151.65	59.54167	87	8	7.925	25.0652	31.5917	74.07081	7.84322	4.1112	0.1797	4.0968	8.84E+01
0	58	c	3/13/2004	11:58	-151.65	59.54167	87	9	8.916	25.0653	31.5916	74.04053	7.84046	4.1089	0.1892	4.0966	7.69E+01
0	58	c	3/13/2004	11:58	-151.65	59.54167	87	10	9.906	25.0655	31.5917	74.08923	7.84578	4.1081	0.2016	4.098	6.85E+01
0	58	c	3/13/2004	11:58	-151.65	59.54167	87	11	10.897	25.0656	31.5919	74.10848	7.84773	4.1085	0.2111	4.0985	5.94E+01
0	58	c	3/13/2004	11:58	-151.65	59.54167	87	12	11.888	25.0657	31.592	74.07666	7.84439	4.1083	0.2205	4.0977	5.19E+01
0	58	c	3/13/2004	11:58	-151.65	59.54167	87	13	12.878	25.0659	31.5924	74.11728	7.84851	4.1091	0.229	4.0958	4.49E+01
0	58	c	3/13/2004	11:58	-151.65	59.54167	87	14	13.869	25.0671	31.5936	74.06992	7.84383	4.1071	0.2371	4.104	3.90E+01
0	58	c	3/13/2004	11:58	-151.65	59.54167	87	15	14.859	25.0672	31.5937	74.08001	7.84492	4.1069	0.2448	4.1036	3.40E+01
0	58	c	3/13/2004	11:58	-151.65	59.54167	87	16	15.85	25.0677	31.5943	74.08053	7.84498	4.1067	0.241	4.1044	2.97E+01
0	58	c	3/13/2004	11:58	-151.65	59.54167	87	17	16.84	25.0679	31.5946	74.10189	7.84724	4.1067	0.2467	4.1013	2.65E+01
0	58	c	3/13/2004	11:58	-151.65	59.54167	87	18	17.831	25.0678	31.5944	74.09721	7.84673	4.1068	0.246	4.0971	2.34E+01
0	58	c	3/13/2004	11:58	-151.65	59.54167	87	19	18.821	25.0679	31.5945	74.08147	7.84503	4.1069	0.2478	4.0982	2.05E+01
0	58	c	3/13/2004	11:58	-151.65	59.54167	87	20	19.812	25.0678	31.5945	74.08647	7.84552	4.1072	0.244	4.1007	1.81E+01
0	58	c	3/13/2004	11:58	-151.65	59.54167	87	21	20.803	25.0679	31.5946	74.03989	7.84057	4.1072	0.2429	4.1026	1.58E+01
0	58	c	3/13/2004	11:58	-151.65	59.54167	87	22	21.793	25.0681	31.5948	74.06694	7.84342	4.1072	0.2436	4.1011	1.39E+01
0	58	c	3/13/2004	11:58	-151.65	59.54167	87	23	22.784	25.0682	31.5949	74.11334	7.84845	4.1066	0.2386	4.097	1.22E+01
0	58	c	3/13/2004	11:58	-151.65	59.54167	87	24	23.774	25.0684	31.595	74.0954	7.84668	4.1059	0.2444	4.099	1.07E+01
0	58	c	3/13/2004	11:58	-151.65	59.54167	87	25	24.765	25.0684	31.595	74.04385	7.84126	4.1057	0.2431	4.0989	9.43E+00
0	58	c	3/13/2004	11:58	-151.65	59.54167	87	26	25.755	25.0685	31.595	74.04719	7.84163	4.1056	0.2562	4.0982	8.21E+00
0	58	c	3/13/2004	11:58	-151.65	59.54167	87	27	26.746	25.0686	31.5951	74.06943	7.84401	4.1054	0.2494	4.0983	7.27E+00
0	58	c	3/13/2004	11:58	-151.65	59.54167	87	28	27.736	25.0686	31.5952	74.02483	7.8393	4.1054	0.2435	4.098	6.41E+00
0	58	c	3/13/2004	11:58	-151.65	59.54167	87	29	28.727	25.0688	31.5954	74.05612	7.84256	4.1056	0.2485	4.0994	5.61E+00
0	58	c	3/13/2004	11:58	-151.65	59.54167	87	30	29.717	25.0686	31.5953	74.06592	7.84351	4.1061	0.2454	4.1	4.97E+00
0	58	c	3/13/2004	11:58	-151.65	59.54167	87	31	30.708	25.0685	31.5952	74.04969	7.84172	4.1065	0.2442	4.0975	4.41E+00
0	58	c	3/13/2004	11:58	-151.65	59.54167	87	32	31.698	25.07	31.5968	74.01215	7.83809	4.1043	0.2396	4.094	3.87E+00
0	58	c	3/13/2004	11:58	-151.65	59.54167	87	33	32.689	25.0704	31.5972	73.8754	7.82368	4.1038	0.241	4.082	3.42E+00
0	58	c	3/13/2004	11:58	-151.65	59.54167	87	34	33.68	25.0741	31.601	73.80142	7.81708	4.0964	0.2299	4.065	3.00E+00
0	58	c	3/13/2004	11:58	-151.65	59.54167	87	35	34.67	25.0765	31.6035	73.74479	7.8118	4.092	0.2297	4.0366	2.63E+00
0	58	c	3/13/2004	11:58	-151.65	59.54167	87	36	35.66	25.0777	31.6045	73.6819	7.80557	4.0894	0.2259	4.0282	2.29E+00
0	58	c	3/13/2004	11:58	-151.65	59.54167	87	37	36.651	25.0782	31.6052	73.61064	7.79815	4.0886	0.2245	4.0248	2.01E+00
0	58	c	3/13/2004	11:58	-151.65	59.54167	87	38	37.641	25.0789	31.6059	73.6159	7.79891	4.0874	0.2245	4.0228	1.75E+00
0	58	c	3/13/2004	11:58	-151.65	59.54167	87	39	38.632	25.0796	31.6066	73.66001	7.80373	4.0864	0.223	4.02	1.53E+00
0	58	c	3/13/2004	11:58	-151.65	59.54167	87	40	39.622	25.08	31.607	73.63584	7.8013	4.0856	0.2229	4.0112	1.33E+00
0	58	c	3/13/2004	11:58	-151.65	59.54167	87	41	40.613	25.08	31.607	73.63219	7.80093	4.0855	0.2191	4.0133	1.16E+00
0	58	c	3/13/2004	11:58	-151.65	59.54167	87	42	41.603	25.0803	31.6073	73.69364	7.80749	4.0852	0.2255	4.0119	1.01E+00
0	58	c	3/13/2004	11:58	-151.65	59.54167	87	43	42.594	25.0806	31.6077	73.73778	7.81228	4.0845	0.2213	4.0159	8.80E-01
0	58	c	3/13/2004	11:58	-151.65	59.54167	87	44	43.584	25.0817	31.6088	73.71169	7.80977	4.0829	0.2216	4.0144	7.77E-01
0	58	c	3/13/2004	11:58	-151.65	59.54167	87	45	44.574	25.0821	31.6092	73.71058	7.80973	4.0824	0.2204	4.0071	6.70E-01
0	58	c	3/13/2004	11:58	-151.65	59.54167	87	46	45.565	25.0823	31.6094	73.72006	7.8108	4.082	0.2231	4.0051	5.86E-01
0	58	c	3/13/2004	11:58	-151.65	59.54167	87	47	46.555	25.0828	31.6099	73.72223	7.81111	4.0814	0.2215	4.0029	5.08E-01
0	58	c	3/13/2004	11:58	-151.65	59.54167	87	48	47.546	25.083	31.6102	73.68151	7.80682	4.0812	0.2226	4.0032	4.47E-01
0	58	c	3/13/2004	11:58	-151.65	59.54167	87	49	48.536	25.0832	31.6104	73.65885	7.80442	4.0811	0.2196	3.9986	3.91E-01
0	58	c	3/13/2004	11:58	-151.65	59.54167	87	50	49.527	25.0836	31.6108	73.69541	7.80843	4.0803	0.2193	3.9925	3.40E-01
0	58	c	3/13/2004	11:58	-151.65	59.54167	87	51	50.517	25.0837	31.611	73.5909	7.79735	4.0804	0.2227	3.9878	2.94E-01
0	58	c	3/13/2004	11:58	-151.65	59.54167	87	52	51.507	25.0839	31.6112	73.59842	7.79818	4.0801	0.2251	3.9849	2.58E-01
0	58	c	3/13/2004	11:58	-151.65	59.54167	87	53	52.498	25.0846	31.6121	73.68607	7.80745	4.0799	0.2233	3.9801	2.24E-01
0	58	c	3/13/2004	11:58	-151.65	59.54167	87	54	53.488	25.0856	31.6132	73.69903	7.80886	4.0795	0.2187	3.9624	1.94E-01
0	58	c	3/13/2004	11:58	-151.65	59.54167	87	55	54.479	25.0871	31.615	73.64217	7.80287	4.0788	0.2215	3.946	1.71E-01
0	58	c	3/13/2004	11:58	-151.65	59.54167	87	56	55.469	25.0881	31.6163	73.60884	7.79928	4.0788	0.226	3.9343	1.48E-01
0	58	c	3/13/2004	11:58	-151.65	59.54167	87	57	56.459	25.0901	31.6187	73.55662	7.79371	4.0783	0.2162	3.9227	1.29E-01
0	58	c	3/13/2004	11:58	-151.65	59.54167	87	58	57.45	25.0928	31.6221	73.54541	7.79251	4.0775	0.2174	3.8732	1.14E-01
0	58	c	3/13/2004	11:58	-151.65	59.54167	87	59	58.44	25.0936	31.6229	73.54023	7.79194	4.0773	0.2134	3.8549	9.90E-02
0	58	c	3/13/2004	11:58	-151.65	59.54167	87	60	59.43	25.0944	31.624	73.48662	7.78623	4.0772	0.2182	3.8242	8.68E-02
0	58	c	3/13/2004	11:58	-151.65	59.54167	87	61	60.421	25.0948	31.6245	73.47374	7.7848	4.0774	0.2163	3.8171	7.62E-02
0	58	c	3/13/2004	11:58	-151.65	59.54167	87	62	61.411	25.0949	31.6247	73.49926	7.78742	4.0778	0.2168	3.8094	6.75E-02
0	58	c	3/13/2004	11:58	-151.65	59.54167	87	63	62.401	25.0954	31.6253	73.51156	7.78863	4.0781	0.2166	3.7994	6.03E-02
0	58	c	3/13/2004	11:58	-151.65	59.54167	87	64	63.392	25.096	31.6261	73.52344	7.78984	4.0782	0.2156	3.7902	5.43E-02
0	58	c	3/13/2004	11:58	-151.65	59.54167	87	65	64.382	25.097	31.6273	73.52935	7.79047	4.0778	0.217	3.772	4.95E-02
0	58	c	3/13/2004	11:58	-151.65	59.54167	87	66	65.372	25.0981	31.6285	73.5314	7.79073	4.0772	0.2154	3.7508	4.56E-02
0	58	c	3/13/2004	11:58	-151.65	59.54167	87	67	66.363	25.0993	31.6299	73.47613	7.78501	4.0762	0.2156	3.7449	4.48E-01
0	58	c	3/13/2004	11:58	-151.65	59.54167	87	68	67.353	25.1003	31.6311	73.37747	7.77468	4.0752	0.2163	3.7189	3.97E-01
0	58	c	3/13/2004	11:58	-151.65	59.54167	87	69	68.343	25.1006	31.6314	73.3831	7.77527	4.0752	0.2197	3.7087	5.15E-01
0	58	c	3/13/2004	11:58	-151.65	59.54167	87	70	69.334	25.1004	31.6311	73.44836	7.7822	4.0752	0.2177	3.736	4.36E-02
0	58	c	3/13/2004	11:58	-151.65	59.54167	87	71	70.324	25.1003	31.6311	73.40093	7.77717	4.0752	0.2181	3.7357	2.00E-01
0	58	c	3/13/2004	11:58	-151.65	59.54167	87	72	71.314	25.1	31.6308	73.43543	7.78075	4.0757	0.2156	3.7442	4.40E-01
0	58	c	3/13/2004	11:58	-151.65	59.54167	87	73	72.305	25.1003	31.6311	73.41288	7.77822	4.0763	0.2164	3.6613	1.27E+00
0	58	c	3/13/2004	11:58	-151.65	59.54167	87	74	73.295	25.1003	31.6311	73.42864	7.77988	4.0763	0.2131	3.6303	9.22E-01
0	58	c	3/13/2004	11:58	-151.65	59.54167	87	75	74.285	25.1003	31.6312	73.35776	7.77236	4.0764	0.2161	3.6286	6.16E-01
0	58	c	3/13/2004	11:58	-151.65	59.54167	87	76	75.276	25.1002	31.631	73.30348	7.7666	4.0765	0.2154	3.6397	1.61E+00
0	58	c	3/13/2004	11:58	-151.65	59.54167	87	77	76.266	25.1004	31.6313	73.38186	7.77489	4.0765	0.2158	3.6122	4.09E-01
0	58	c	3/13/2004	11:58	-151.65	59.54167	87	78	77.256	25.1001	31.6309	73.42048	7.77903	4.0763	0.2148	3.5963	1.27E+00
0	59	c	3/13/2004	11:37	-151.65	59.55833	76	2	1.981	25.0473	31.571	73.82653	7.81567	4.1255	0.1506	4.1055	2.21E+02
0	59	c	3/13/2004	11:37	-151.65	59.55833	76	3	2.972	25.0473	31.571	73.91538	7.82505	4.1256	0.1552	4.1066	1.39E+02
0	59	c	3/13/2004	11:37	-151.65	59.55833	76	4	3.963	25.0482	31.572	73.90011	7.8237	4.124	0.1569	4.0998	1.29E+02
0	59	c	3/13/2004	11:37	-151.65	59.55833	76	5	4.953	25.0508	31.5751	73.77833	7.81092	4.1226	0.1582	4.0822	1.16E+02
0	59	c	3/13/2004	11:37	-151.65	59.55833	76	6	5.944	25.0504	31.5746	73.72145	7.80487	4.1228	0.1649	4.0837	9.83E+01
0	59	c	3/13/2004	11:37	-151.65	59.55833	76	7	6.934	25.051	31.5753	73.72983	7.80577	4.1226	0.1719	4.0859	8.42E+01
0	59	c	3/13/2004	11:37	-151.65	59.55833	76	8	7.925	25.0535	31.5784	73.65768	7.79812	4.1218	0.1749	4.0681	7.47E+01
0	59	c	3/13/2004	11:37	-151.65	59.55833	76	9	8.916	25.0569	31.5824	73.56492	7.78854	4.1195	0.1753	4.039	6.31E+01
0	59	c	3/13/2004	11:37	-151.65	59.55833	76	10	9.906	25.0581	31.5837	73.53824	7.78581	4.1187	0.1833	4.0375	5.53E+01
0	59	c	3/13/2004	11:37	-151.65	59.55833	76	11	10.897	25.0575	31.583	73.50734	7.78242	4.1194	0.1921	4.0371	4.82E+01
0	59	c	3/13/2004	11:37	-151.65	59.55833	76	12	11.887	25.0591	31.5849	73.42506	7.77393	4.1178	0.1956	4.0254	4.22E+01
0	59	c	3/13/2004	11:37	-151.65	59.55833	76	13	12.878	25.0622	31.5881	73.40599	7.77274	4.1126	0.2006	4.0013	3.58E+01
0	59	c	3/13/2004	11:37	-151.65	59.55833	76	14	13.869	25.0624	31.5882	73.40017	7.77237	4.1113	0.2023	3.9883	3.11E+01
0	59	c	3/13/2004	11:37	-151.65	59.55833	76	15	14.859	25.0626	31.5883	73.39794	7.77222	4.1108	0.2065	3.9839	2.66E+01
0	59	c	3/13/2004	11:37	-151.65	59.55833	76	16	15.85	25.0625	31.5883	73.40145	7.77261	4.1107	0.2097	3.9829	2.27E+01
0	59	c	3/13/2004	11:37	-151.65	59.55833	76	17	16.841	25.0626	31.5884	73.38081	7.77041	4.1108	0.21	3.982	1.97E+01
0	59	c	3/13/2004	11:37	-151.65	59.55833	76	18	17.831	25.0628	31.5886	73.33801	7.76593	4.1105	0.2076	3.982	1.70E+01
0	59	c	3/13/2004	11:37	-151.65	59.55833	76	19	18.821	25.0628	31.5885	73.28242	7.76007	4.1103	0.205	3.9769	1.47E+01
0	59	c	3/13/2004	11:37	-151.65	59.55833	76	20	19.812	25.0629	31.5886	73.24922	7.75651	4.1105	0.2065	3.9725	1.27E+01
0	59	c	3/13/2004	11:37	-151.65	59.55833	76	21	20.803	25.0629	31.5887	73.30263	7.76224	4.1102	0.2042	3.9783	1.09E+01
0	59	c	3/13/2004	11:37	-151.65	59.55833	76	22	21.793	25.0628	31.5886	73.36256	7.76855	4.1104	0.2054	3.9777	9.43E+00
0	59	c	3/13/2004	11:37	-151.65	59.55833	76	23	22.784	25.0629	31.5885	73.35743	7.76807	4.11	0.206	3.9749	8.18E+00
0	59	c	3/13/2004	11:37	-151.65	59.55833	76	24	23.774	25.0629	31.5885	73.37537	7.77005	4.1096	0.2065	3.9658	6.87E+00
0	59	c	3/13/2004	11:37	-151.65	59.55833	76	25	24.765	25.063	31.5887	73.40147	7.77274	4.1099	0.2075	3.971	6.06E+00
0	59	c	3/13/2004	11:37	-151.65	59.55833	76	26	25.755	25.0631	31.5888	73.30144	7.76225	4.1094	0.2052	3.9686	5.19E+00
0	59	c	3/13/2004	11:37	-151.65	59.55833	76	27	26.746	25.0632	31.5889	73.25009	7.7569	4.1089	0.2053	3.9587	4.44E+00
0	59	c	3/13/2004	11:37	-151.65	59.55833	76	28	27.737	25.0633	31.5889	73.30394	7.76263	4.1088	0.2078	3.9403	3.86E+00
0	59	c	3/13/2004	11:37	-151.65	59.55833	76	29	28.727	25.0633	31.5889	73.33475	7.76589	4.1088	0.2068	3.9389	3.28E+00
0	59	c	3/13/2004	11:37	-151.65	59.55833	76	30	29.717	25.0633	31.5889	73.39842	7.7726	4.109	0.21	3.9466	2.83E+00
0	59	c	3/13/2004	11:37	-151.65	59.55833	76	31	30.708	25.0634	31.589	73.41182	7.77405	4.1088	0.2069	3.947	2.44E+00
0	59	c	3/13/2004	11:37	-151.65	59.55833	76	32	31.698	25.0636	31.5892	73.38198	7.77099	4.1082	0.2059	3.9237	2.08E+00
0	59	c	3/13/2004	11:37	-151.65	59.55833	76	33	32.689	25.064	31.5896	73.35097	7.76775	4.1078	0.2039	3.8927	1.74E+00
0	59	c	3/13/2004	11:37	-151.65	59.55833	76	34	33.679	25.0637	31.5893	73.30452	7.76282	4.108	0.2078	3.9015	1.51E+00
0	59	c	3/13/2004	11:37	-151.65	59.55833	76	35	34.67	25.0638	31.5894	73.28483	7.76074	4.1079	0.2052	3.8838	1.28E+00
0	59	c	3/13/2004	11:37	-151.65	59.55833	76	36	35.66	25.0638	31.5894	73.27789	7.75997	4.1081	0.207	3.8901	1.09E+00
0	59	c	3/13/2004	11:37	-151.65	59.55833	76	37	36.651	25.0637	31.5893	73.33445	7.76592	4.1084	0.209	3.9051	9.35E-01
0	59	c	3/13/2004	11:37	-151.65	59.55833	76	38	37.641	25.0637	31.5893	73.34775	7.76733	4.1084	0.2054	3.9146	8.20E-01
0	59	c	3/13/2004	11:37	-151.65	59.55833	76	39	38.632	25.0637	31.5893	73.32706	7.76513	4.1084	0.2045	3.9069	7.01E-01
0	59	c	3/13/2004	11:37	-151.65	59.55833	76	40	39.622	25.0639	31.5895	73.31396	7.76375	4.1083	0.205	3.9082	6.02E-01
0	59	c	3/13/2004	11:37	-151.65	59.55833	76	41	40.613	25.064	31.5896	73.28597	7.76082	4.1081	0.205	3.8994	5.19E-01
0	59	c	3/13/2004	11:37	-151.65	59.55833	76	42	41.603	25.064	31.5897	73.27017	7.75909	4.1083	0.2041	3.8975	4.42E-01
0	59	c	3/13/2004	11:37	-151.65	59.55833	76	43	42.594	25.0638	31.5894	73.33051	7.76545	4.1086	0.2055	3.8985	3.82E-01
0	59	c	3/13/2004	11:37	-151.65	59.55833	76	44	43.584	25.0638	31.5894	73.32767	7.76508	4.109	0.2021	3.906	3.29E-01
0	59	c	3/13/2004	11:37	-151.65	59.55833	76	45	44.574	25.0638	31.5894	73.30555	7.76273	4.109	0.2044	3.9117	2.83E-01
0	59	c	3/13/2004	11:37	-151.65	59.55833	76	46	45.565	25.0639	31.5895	73.28763	7.76088	4.1087	0.2033	3.9092	2.43E-01
0	59	c	3/13/2004	11:37	-151.65	59.55833	76	47	46.555	25.0643	31.5899	73.3165	7.76406	4.108	0.2052	3.8962	2.08E-01
0	59	c	3/13/2004	11:37	-151.65	59.55833	76	48	47.546	25.0641	31.5898	73.37644	7.77033	4.1084	0.204	3.9024	1.79E-01
0	59	c	3/13/2004	11:37	-151.65	59.55833	76	49	48.536	25.0643	31.59	73.4071	7.77365	4.108	0.2026	3.8903	1.53E-01
0	59	c	3/13/2004	11:37	-151.65	59.55833	76	50	49.527	25.0642	31.5898	73.35706	7.76832	4.1082	0.2046	3.8886	1.31E-01
0	59	c	3/13/2004	11:37	-151.65	59.55833	76	51	50.517	25.0643	31.5899	73.31084	7.76346	4.108	0.2031	3.8853	1.13E-01
0	59	c	3/13/2004	11:37	-151.65	59.55833	76	52	51.507	25.0654	31.5911	73.31957	7.7646	4.1065	0.208	3.8565	9.68E-02
0	59	c	3/13/2004	11:37	-151.65	59.55833	76	53	52.498	25.0657	31.5914	73.3152	7.76419	4.1062	0.204	3.8466	8.32E-02
0	59	c	3/13/2004	11:37	-151.65	59.55833	76	54	53.488	25.0656	31.5913	73.28134	7.76055	4.1065	0.2059	3.8499	7.30E-02
0	59	c	3/13/2004	11:37	-151.65	59.55833	76	55	54.478	25.0658	31.5915	73.28635	7.76114	4.1061	0.205	3.8456	6.50E-02
0	59	c	3/13/2004	11:37	-151.65	59.55833	76	56	55.469	25.0657	31.5914	73.32168	7.76483	4.1064	0.2068	3.8429	5.80E-02
0	59	c	3/13/2004	11:37	-151.65	59.55833	76	57	56.459	25.0658	31.5915	73.28628	7.76113	4.1062	0.2028	3.8375	5.29E-02
0	59	c	3/13/2004	11:37	-151.65	59.55833	76	58	57.45	25.0663	31.592	73.28176	7.76076	4.1055	0.2023	3.8427	4.83E-02
0	59	c	3/13/2004	11:37	-151.65	59.55833	76	59	58.44	25.0664	31.5922	73.37605	7.77078	4.1052	0.2043	3.8416	4.50E-02
0	59	c	3/13/2004	11:37	-151.65	59.55833	76	60	59.43	25.0667	31.5925	73.295	7.76227	4.1047	0.2052	3.8471	4.23E-02
0	59	c	3/13/2004	11:37	-151.65	59.55833	76	61	60.421	25.0672	31.593	73.32236	7.76531	4.1039	0.2048	3.8465	4.01E-02
0	59	c	3/13/2004	11:37	-151.65	59.55833	76	62	61.411	25.0675	31.5934	73.28135	7.76102	4.1035	0.2055	3.8474	3.71E-02
0	59	c	3/13/2004	11:37	-151.65	59.55833	76	63	62.401	25.068	31.5939	73.25056	7.7579	4.1026	0.2057	3.8481	3.67E-02
0	59	c	3/13/2004	11:37	-151.65	59.55833	76	64	63.392	25.0693	31.5952	73.34516	7.76831	4.1002	0.2078	3.8569	3.63E-02
0	59	c	3/13/2004	11:37	-151.65	59.55833	76	65	64.382	25.0698	31.5958	73.35318	7.76926	4.0996	0.207	3.8633	3.63E-02
0	59	c	3/13/2004	11:37	-151.65	59.55833	76	66	65.373	25.0707	31.5966	73.44595	7.77927	4.0984	0.2067	3.8665	3.63E-02
0	59	c	3/13/2004	11:37	-151.65	59.55833	76	67	66.363	25.0715	31.5975	73.44327	7.77916	4.0972	0.2069	3.8597	3.63E-02
0	59	c	3/13/2004	11:37	-151.65	59.55833	76	68	67.353	25.0724	31.5985	73.3774	7.77238	4.0959	0.2091	3.8516	3.63E-02
0	59	c	3/13/2004	11:37	-151.65	59.55833	76	69	68.344	25.0734	31.5996	73.37247	7.7721	4.0943	0.2082	3.8526	3.63E-02
0	59	c	3/13/2004	11:37	-151.65	59.55833	76	70	69.334	25.0759	31.6022	73.39779	7.77541	4.0904	0.2103	3.8588	3.63E-02
0	59	c	3/13/2004	11:37	-151.65	59.55833	76	71	70.324	25.0778	31.6043	73.41636	7.77786	4.0873	0.2131	3.8647	3.63E-02
0	60	c	3/13/2004	11:26	-151.65	59.575	60	3	2.972	25.0377	31.5562	74.01645	7.84075	4.1037	0.1655	4.1228	1.34E+02
0	60	c	3/13/2004	11:26	-151.65	59.575	60	4	3.962	25.0378	31.5562	74.10107	7.84991	4.1027	0.1719	4.122	8.77E+01
0	60	c	3/13/2004	11:26	-151.65	59.575	60	5	4.953	25.0379	31.5562	74.16354	7.85675	4.1016	0.1831	4.1234	5.98E+01
0	60	c	3/13/2004	11:26	-151.65	59.575	60	6	5.944	25.038	31.5564	74.15538	7.85577	4.1022	0.1912	4.1231	5.05E+01
0	60	c	3/13/2004	11:26	-151.65	59.575	60	7	6.934	25.0379	31.5563	74.12789	7.85293	4.1018	0.2051	4.1238	4.24E+01
0	60	c	3/13/2004	11:26	-151.65	59.575	60	8	7.925	25.0378	31.556	74.06853	7.84697	4.1002	0.2217	4.1243	3.80E+01
0	60	c	3/13/2004	11:26	-151.65	59.575	60	9	8.916	25.0381	31.5562	74.04838	7.84487	4.1	0.2343	4.1229	3.51E+01
0	60	c	3/13/2004	11:26	-151.65	59.575	60	10	9.906	25.039	31.5577	73.99266	7.83844	4.1023	0.239	4.1245	3.31E+01
0	60	c	3/13/2004	11:26	-151.65	59.575	60	11	10.897	25.0395	31.5586	74.10305	7.84973	4.1041	0.242	4.1233	3.15E+01
0	60	c	3/13/2004	11:26	-151.65	59.575	60	12	11.887	25.0399	31.5592	74.1105	7.85027	4.1053	0.2474	4.1235	2.85E+01
0	60	c	3/13/2004	11:26	-151.65	59.575	60	13	12.878	25.04	31.5594	74.12471	7.85164	4.1059	0.2519	4.1242	2.51E+01
0	60	c	3/13/2004	11:26	-151.65	59.575	60	14	13.869	25.0402	31.5596	74.14146	7.85334	4.1062	0.2574	4.123	2.28E+01
0	60	c	3/13/2004	11:26	-151.65	59.575	60	15	14.859	25.0406	31.5604	74.10817	7.84936	4.1084	0.2588	4.1242	2.19E+01
0	60	c	3/13/2004	11:26	-151.65	59.575	60	16	15.85	25.0405	31.5601	74.12742	7.85174	4.1067	0.2542	4.1242	2.17E+01
0	60	c	3/13/2004	11:26	-151.65	59.575	60	17	16.84	25.0408	31.5605	74.08368	7.84681	4.1081	0.2552	4.125	2.09E+01
0	60	c	3/13/2004	11:26	-151.65	59.575	60	18	17.831	25.0414	31.5621	73.99259	7.83604	4.1135	0.2501	4.1247	1.95E+01
0	60	c	3/13/2004	11:26	-151.65	59.575	60	19	18.822	25.0411	31.5618	73.97375	7.83378	4.1149	0.2549	4.1239	1.78E+01
0	60	c	3/13/2004	11:26	-151.65	59.575	60	20	19.812	25.0412	31.5618	73.94725	7.83107	4.1144	0.2511	4.1228	1.59E+01
0	60	c	3/13/2004	11:26	-151.65	59.575	60	21	20.803	25.0411	31.5617	73.95073	7.83156	4.1138	0.258	4.1252	1.40E+01
0	60	c	3/13/2004	11:26	-151.65	59.575	60	22	21.793	25.0411	31.5617	73.98264	7.8349	4.114	0.2572	4.1247	1.24E+01
0	60	c	3/13/2004	11:26	-151.65	59.575	60	23	22.784	25.0413	31.562	74.03981	7.84072	4.1151	0.2565	4.1243	1.08E+01
0	60	c	3/13/2004	11:26	-151.65	59.575	60	24	23.774	25.0415	31.5623	74.01774	7.83821	4.116	0.2511	4.1237	9.55E+00
0	60	c	3/13/2004	11:26	-151.65	59.575	60	25	24.765	25.0415	31.5626	73.93807	7.82942	4.1177	0.2533	4.1227	8.52E+00
0	60	c	3/13/2004	11:26	-151.65	59.575	60	26	25.755	25.0414	31.5625	73.91833	7.82722	4.1183	0.2514	4.1234	7.58E+00
0	60	c	3/13/2004	11:26	-151.65	59.575	60	27	26.746	25.0417	31.563	73.9602	7.83154	4.1188	0.2452	4.1251	6.68E+00
0	60	c	3/13/2004	11:26	-151.65	59.575	60	28	27.736	25.0416	31.563	73.96737	7.83202	4.1202	0.2454	4.1231	5.95E+00
0	60	c	3/13/2004	11:26	-151.65	59.575	60	29	28.727	25.0416	31.563	73.95909	7.83107	4.1206	0.2448	4.1243	5.31E+00
0	60	c	3/13/2004	11:26	-151.65	59.575	60	30	29.717	25.0417	31.5631	73.9242	7.82738	4.1205	0.2445	4.1241	4.73E+00
0	60	c	3/13/2004	11:26	-151.65	59.575	60	31	30.708	25.0426	31.5649	73.87976	7.82165	4.1253	0.2406	4.1177	4.25E+00
0	60	c	3/13/2004	11:26	-151.65	59.575	60	32	31.699	25.043	31.5658	73.848	7.81755	4.1289	0.2377	4.1168	3.78E+00
0	60	c	3/13/2004	11:26	-151.65	59.575	60	33	32.689	25.0435	31.5671	73.84298	7.81595	4.1341	0.2331	4.1076	3.33E+00
0	60	c	3/13/2004	11:26	-151.65	59.575	60	34	33.679	25.0442	31.5685	73.77784	7.80808	4.1388	0.2303	4.1082	2.99E+00
0	60	c	3/13/2004	11:26	-151.65	59.575	60	35	34.67	25.0449	31.5701	73.75715	7.80478	4.1442	0.2258	4.0971	2.62E+00
0	60	c	3/13/2004	11:26	-151.65	59.575	60	36	35.66	25.0453	31.5712	73.67576	7.79505	4.1496	0.2204	4.086	2.30E+00
0	60	c	3/13/2004	11:26	-151.65	59.575	60	37	36.651	25.0456	31.5717	73.61191	7.78806	4.1507	0.222	4.0762	2.06E+00
0	60	c	3/13/2004	11:26	-151.65	59.575	60	38	37.641	25.046	31.5724	73.62863	7.78934	4.1531	0.2225	4.0751	1.81E+00
0	60	c	3/13/2004	11:26	-151.65	59.575	60	39	38.632	25.0466	31.5735	73.62282	7.78814	4.1558	0.2141	4.0693	1.58E+00
0	60	c	3/13/2004	11:26	-151.65	59.575	60	40	39.622	25.0469	31.5746	73.57026	7.7815	4.1612	0.2148	4.0601	1.40E+00
0	60	c	3/13/2004	11:26	-151.65	59.575	60	41	40.613	25.0473	31.5754	73.52619	7.77625	4.164	0.2103	4.0548	1.23E+00
0	60	c	3/13/2004	11:26	-151.65	59.575	60	42	41.603	25.0474	31.5756	73.54418	7.77811	4.1642	0.2129	4.042	1.07E+00
0	60	c	3/13/2004	11:26	-151.65	59.575	60	43	42.594	25.0478	31.5764	73.45366	7.76802	4.1667	0.2122	4.0387	9.33E-01
0	60	c	3/13/2004	11:26	-151.65	59.575	60	44	43.584	25.0486	31.578	73.37656	7.75883	4.1716	0.2068	4.0168	8.27E-01
0	60	c	3/13/2004	11:26	-151.65	59.575	60	45	44.574	25.0484	31.5778	73.40957	7.76229	4.1719	0.2082	4.0172	7.16E-01
0	60	c	3/13/2004	11:26	-151.65	59.575	60	46	45.565	25.0486	31.578	73.3654	7.75761	4.1719	0.2055	4.0081	6.24E-01
0	60	c	3/13/2004	11:26	-151.65	59.575	60	47	46.555	25.0484	31.5777	73.3786	7.75907	4.1716	0.2064	4.0049	5.45E-01
0	60	c	3/13/2004	11:26	-151.65	59.575	60	48	47.546	25.0487	31.578	73.32323	7.75335	4.1708	0.2087	3.9651	4.76E-01
0	60	c	3/13/2004	11:26	-151.65	59.575	60	49	48.536	25.0487	31.578	73.30336	7.75119	4.1712	0.2058	3.9749	4.10E-01
0	60	c	3/13/2004	11:26	-151.65	59.575	60	50	49.527	25.0486	31.5778	73.29835	7.75082	4.1704	0.206	3.9583	3.56E-01
0	60	c	3/13/2004	11:26	-151.65	59.575	60	51	50.517	25.0488	31.578	73.31255	7.75226	4.1706	0.2084	3.9566	3.04E-01
0	60	c	3/13/2004	11:26	-151.65	59.575	60	52	51.508	25.0486	31.5779	73.33323	7.75432	4.1713	0.2084	3.9674	2.62E-01
0	60	c	3/13/2004	11:26	-151.65	59.575	60	53	52.498	25.0486	31.5777	73.32636	7.75378	4.1704	0.2079	3.9725	2.30E-01
0	60	c	3/13/2004	11:26	-151.65	59.575	60	54	53.488	25.0486	31.5777	73.29383	7.75038	4.1702	0.2055	3.9469	1.99E-01
0	60	c	3/13/2004	11:26	-151.65	59.575	60	55	54.479	25.0487	31.5778	73.27041	7.74794	4.17	0.2058	3.931	1.72E-01
0	60	c	3/13/2004	11:26	-151.65	59.575	60	56	55.469	25.0486	31.5777	73.2733	7.7483	4.1697	0.2046	3.9346	1.49E-01
0	60	c	3/13/2004	11:26	-151.65	59.575	60	57	56.459	25.0486	31.5776	73.29496	7.75061	4.1696	0.2042	3.9297	1.29E-01
0	60	c	3/13/2004	11:26	-151.65	59.575	60	58	57.45	25.0487	31.5778	73.30925	7.75203	4.1701	0.2073	3.9156	1.12E-01
0	60	c	3/13/2004	11:26	-151.65	59.575	60	59	58.44	25.049	31.5784	73.29388	7.75009	4.1716	0.2075	3.8918	9.58E-02
0	61	c	3/13/2004	11:17	-151.65	59.59167	36	2	1.981	25.0179	31.5177	73.51252	7.8112	3.9905	0.1588	4.025	2.93E+02
0	61	c	3/13/2004	11:17	-151.65	59.59167	36	3	2.972	25.0183	31.5182	73.6379	7.82453	3.9903	0.1551	4.0247	1.88E+02
0	61	c	3/13/2004	11:17	-151.65	59.59167	36	4	3.962	25.0182	31.5181	73.65212	7.82576	3.9918	0.1644	4.0278	1.67E+02
0	61	c	3/13/2004	11:17	-151.65	59.59167	36	5	4.953	25.0181	31.518	73.65834	7.82654	3.9912	0.1663	4.0268	1.33E+02
0	61	c	3/13/2004	11:17	-151.65	59.59167	36	6	5.944	25.0182	31.5182	73.62513	7.82287	3.9919	0.1813	4.028	1.08E+02
0	61	c	3/13/2004	11:17	-151.65	59.59167	36	7	6.935	25.0188	31.5189	73.58964	7.81912	3.9916	0.1794	4.0247	9.17E+01
0	61	c	3/13/2004	11:17	-151.65	59.59167	36	8	7.925	25.0187	31.5188	73.5659	7.81674	3.9909	0.1893	4.0239	7.59E+01
0	61	c	3/13/2004	11:17	-151.65	59.59167	36	9	8.916	25.0184	31.5181	73.58259	7.81878	3.9897	0.1987	4.0215	6.64E+01
0	61	c	3/13/2004	11:17	-151.65	59.59167	36	10	9.906	25.0184	31.5181	73.63473	7.8243	3.9898	0.2082	4.0217	5.67E+01
0	61	c	3/13/2004	11:17	-151.65	59.59167	36	11	10.897	25.0185	31.5183	73.62142	7.82275	3.9904	0.2171	4.022	4.85E+01
0	61	c	3/13/2004	11:17	-151.65	59.59167	36	12	11.888	25.0191	31.5193	73.61378	7.82159	3.992	0.2286	4.0226	4.20E+01
0	61	c	3/13/2004	11:17	-151.65	59.59167	36	13	12.878	25.0193	31.5196	73.5759	7.81732	3.9931	0.2346	4.0228	3.62E+01
0	61	c	3/13/2004	11:17	-151.65	59.59167	36	14	13.869	25.0192	31.5195	73.59774	7.81965	3.9931	0.2383	4.0225	3.17E+01
0	61	c	3/13/2004	11:17	-151.65	59.59167	36	15	14.859	25.0196	31.5201	73.6445	7.82449	3.9936	0.2355	4.0213	2.78E+01
0	61	c	3/13/2004	11:17	-151.65	59.59167	36	16	15.85	25.02	31.5207	73.7007	7.83012	3.9952	0.2367	4.0233	2.41E+01
0	61	c	3/13/2004	11:17	-151.65	59.59167	36	17	16.84	25.0197	31.5203	73.71353	7.83157	3.9949	0.2423	4.0217	2.08E+01
0	61	c	3/13/2004	11:17	-151.65	59.59167	36	18	17.831	25.0194	31.5199	73.67203	7.82734	3.9941	0.2393	4.0214	1.81E+01
0	61	c	3/13/2004	11:17	-151.65	59.59167	36	19	18.821	25.0192	31.5196	73.63702	7.82366	3.994	0.2399	4.0253	1.57E+01
0	61	c	3/13/2004	11:17	-151.65	59.59167	36	20	19.812	25.019	31.5193	73.58486	7.8182	3.9936	0.2372	4.0271	1.36E+01
0	61	c	3/13/2004	11:17	-151.65	59.59167	36	21	20.802	25.0195	31.52	73.56123	7.81552	3.9943	0.2347	4.0246	1.18E+01
0	61	c	3/13/2004	11:17	-151.65	59.59167	36	22	21.793	25.0195	31.5201	73.59979	7.81946	3.9951	0.2355	4.0259	1.03E+01
0	61	c	3/13/2004	11:17	-151.65	59.59167	36	23	22.784	25.0204	31.5216	73.63214	7.8223	3.9978	0.2364	4.0276	9.18E+00
0	61	c	3/13/2004	11:17	-151.65	59.59167	36	24	23.774	25.0194	31.52	73.62427	7.82192	3.9958	0.2395	4.0298	8.06E+00
0	61	c	3/13/2004	11:17	-151.65	59.59167	36	25	24.765	25.0197	31.5203	73.63935	7.82371	3.9948	0.2358	4.0256	7.05E+00
0	61	c	3/13/2004	11:17	-151.65	59.59167	36	26	25.755	25.0199	31.5207	73.67386	7.827	3.9966	0.2404	4.0241	6.21E+00
0	61	c	3/13/2004	11:17	-151.65	59.59167	36	27	26.746	25.0199	31.5208	73.67282	7.82679	3.9971	0.2331	4.0213	5.42E+00
0	61	c	3/13/2004	11:17	-151.65	59.59167	36	28	27.736	25.0202	31.5211	73.63611	7.82288	3.9971	0.2306	4.0175	4.72E+00
0	61	c	3/13/2004	11:17	-151.65	59.59167	36	29	28.727	25.0202	31.5212	73.64596	7.82389	3.9972	0.232	4.0184	4.10E+00
0	61	c	3/13/2004	11:17	-151.65	59.59167	36	30	29.718	25.02	31.521	73.66499	7.82591	3.9973	0.2304	4.0202	3.59E+00
0	61	c	3/13/2004	11:17	-151.65	59.59167	36	31	30.708	25.0202	31.521	73.62923	7.82224	3.9967	0.2352	4.0224	3.16E+00
0	61	c	3/13/2004	11:17	-151.65	59.59167	36	32	31.698	25.0202	31.5212	73.61485	7.82051	3.9976	0.2355	4.0202	2.77E+00
0	61	c	3/13/2004	11:17	-151.65	59.59167	36	33	32.689	25.0202	31.521	73.64709	7.82408	3.9969	0.233	4.0216	2.42E+00
0	61	c	3/13/2004	11:17	-151.65	59.59167	36	34	33.679	25.02	31.5208	73.6868	7.8284	3.9965	0.2303	4.0248	2.13E+00
0	61	c	3/13/2004	11:17	-151.65	59.59167	36	35	34.67	25.02	31.5208	73.66627	7.82621	3.9965	0.2305	4.0192	1.86E+00
0	61	c	3/13/2004	11:17	-151.65	59.59167	36	36	35.66	25.02	31.5207	73.61073	7.82038	3.9962	0.2294	4.0199	1.09E+00
0	62	c	3/13/2004	11:08	-151.65	59.60833	30	1	0.991	24.9146	31.2762	73.15261	7.98315	2.9872	0.1554	3.7387	3.26E+02
0	62	c	3/13/2004	11:08	-151.65	59.60833	30	2	1.981	24.9144	31.2758	73.04665	7.972	2.9852	0.1577	3.7425	2.10E+02
0	62	c	3/13/2004	11:08	-151.65	59.60833	30	3	2.972	24.9151	31.2769	73.12559	7.98001	2.9879	0.1669	3.7405	1.56E+02
0	62	c	3/13/2004	11:08	-151.65	59.60833	30	4	3.963	24.9152	31.2773	73.12671	7.97947	2.9911	0.1729	3.7442	1.15E+02
0	62	c	3/13/2004	11:08	-151.65	59.60833	30	5	4.953	24.9162	31.2793	73.14109	7.97948	2.9983	0.1851	3.7415	8.43E+01
0	62	c	3/13/2004	11:08	-151.65	59.60833	30	6	5.944	24.9149	31.2766	73.25023	7.99368	2.9877	0.1979	3.7425	6.63E+01
0	62	c	3/13/2004	11:08	-151.65	59.60833	30	7	6.934	24.9206	31.2864	73.25914	7.9889	3.0136	0.2135	3.742	5.22E+01
0	62	c	3/13/2004	11:08	-151.65	59.60833	30	8	7.925	24.9214	31.2905	73.17459	7.97346	3.0434	0.2253	3.7438	4.15E+01
0	62	c	3/13/2004	11:08	-151.65	59.60833	30	9	8.916	24.9194	31.2869	73.14631	7.97265	3.0331	0.2316	3.7411	3.34E+01
0	62	c	3/13/2004	11:08	-151.65	59.60833	30	10	9.906	24.9184	31.2841	73.15972	7.97735	3.0177	0.2388	3.7397	2.71E+01
0	62	c	3/13/2004	11:08	-151.65	59.60833	30	11	10.897	24.9202	31.2872	73.21193	7.98118	3.0262	0.2369	3.7362	2.16E+01
0	62	c	3/13/2004	11:08	-151.65	59.60833	30	12	11.887	24.9266	31.3003	73.20044	7.96923	3.0759	0.231	3.7407	1.76E+01
0	62	c	3/13/2004	11:08	-151.65	59.60833	30	13	12.878	24.9255	31.3003	73.22726	7.96965	3.0884	0.2312	3.7395	1.43E+01
0	62	c	3/13/2004	11:08	-151.65	59.60833	30	14	13.869	24.9313	31.3121	73.13474	7.95046	3.1308	0.2245	3.7373	1.18E+01
0	62	c	3/13/2004	11:08	-151.65	59.60833	30	15	14.859	24.9304	31.3116	73.16251	7.95206	3.138	0.2253	3.733	9.65E+00
0	62	c	3/13/2004	11:08	-151.65	59.60833	30	16	15.85	24.9314	31.3136	73.17047	7.95133	3.1454	0.2278	3.741	7.89E+00
0	62	c	3/13/2004	11:08	-151.65	59.60833	30	17	16.84	24.9319	31.3148	73.13529	7.94647	3.1503	0.2262	3.7433	6.47E+00
0	62	c	3/13/2004	11:08	-151.65	59.60833	30	18	17.831	24.9324	31.316	73.10947	7.94249	3.1559	0.2234	3.7443	5.31E+00
0	62	c	3/13/2004	11:08	-151.65	59.60833	30	19	18.821	24.9323	31.3162	73.13643	7.94474	3.1592	0.2228	3.7412	4.35E+00
0	62	c	3/13/2004	11:08	-151.65	59.60833	30	20	19.812	24.9323	31.3163	73.18872	7.95034	3.1596	0.2242	3.7402	3.60E+00
0	62	c	3/13/2004	11:08	-151.65	59.60833	30	21	20.803	24.9352	31.3214	73.21441	7.95013	3.1732	0.2243	3.743	2.95E+00
0	62	c	3/13/2004	11:08	-151.65	59.60833	30	22	21.793	24.9354	31.3234	73.21585	7.94655	3.1914	0.225	3.75	2.41E+00
0	62	c	3/13/2004	11:08	-151.65	59.60833	30	23	22.784	24.9359	31.3245	73.195	7.94369	3.1941	0.2225	3.7508	2.01E+00
0	62	c	3/13/2004	11:08	-151.65	59.60833	30	24	23.774	24.9359	31.3247	73.16526	7.94001	3.1963	0.2234	3.7553	1.66E+00
0	62	c	3/13/2004	11:08	-151.65	59.60833	30	25	24.765	24.9363	31.3255	73.13824	7.93647	3.1992	0.2232	3.7551	1.37E+00
0	62	c	3/13/2004	11:08	-151.65	59.60833	30	26	25.755	24.9364	31.3256	73.11681	7.93397	3.2	0.2237	3.7541	1.14E+00
0	63	c	3/13/2004	10:40	-151.65	59.625	28	1	0.991	24.8996	31.2376	73.33922	8.04526	2.7916	0.2164	3.7379	4.84E+01
0	63	c	3/13/2004	10:40	-151.65	59.625	28	2	1.981	24.8999	31.238	73.40534	8.05239	2.7921	0.2208	3.7384	5.30E+01
0	63	c	3/13/2004	10:40	-151.65	59.625	28	3	2.972	24.8998	31.2376	73.45291	8.05816	2.7895	0.2221	3.7525	4.10E+01
0	63	c	3/13/2004	10:40	-151.65	59.625	28	4	3.963	24.9013	31.2402	73.48501	8.06011	2.7965	0.2295	3.7526	3.30E+01
0	63	c	3/13/2004	10:40	-151.65	59.625	28	5	4.953	24.9021	31.2424	73.49221	8.05842	2.8081	0.2309	3.7522	2.68E+01
0	63	c	3/13/2004	10:40	-151.65	59.625	28	6	5.944	24.9026	31.2432	73.46592	8.05504	2.8103	0.2332	3.7543	2.24E+01
0	63	c	3/13/2004	10:40	-151.65	59.625	28	7	6.934	24.9021	31.2425	73.47657	8.05643	2.8094	0.2318	3.7537	1.88E+01
0	63	c	3/13/2004	10:40	-151.65	59.625	28	8	7.925	24.903	31.2439	73.48399	8.05666	2.8119	0.2355	3.7522	1.56E+01
0	63	c	3/13/2004	10:40	-151.65	59.625	28	9	8.916	24.9038	31.2453	73.49173	8.05645	2.8167	0.2321	3.7553	1.31E+01
0	63	c	3/13/2004	10:40	-151.65	59.625	28	10	9.906	24.9033	31.2446	73.45905	8.05311	2.8157	0.2345	3.7534	1.09E+01
0	63	c	3/13/2004	10:40	-151.65	59.625	28	11	10.897	24.9038	31.2453	73.42384	8.04904	2.8166	0.2319	3.7548	9.04E+00
0	63	c	3/13/2004	10:40	-151.65	59.625	28	12	11.887	24.9046	31.2467	73.46407	8.05256	2.8206	0.2373	3.754	7.63E+00
0	63	c	3/13/2004	10:40	-151.65	59.625	28	13	12.878	24.9045	31.2468	73.50737	8.0568	2.823	0.2405	3.7582	6.29E+00
0	63	c	3/13/2004	10:40	-151.65	59.625	28	14	13.869	24.912	31.2601	73.48482	8.04562	2.8622	0.2287	3.7646	5.26E+00
0	63	c	3/13/2004	10:40	-151.65	59.625	28	15	14.859	24.91	31.2581	73.43627	8.03948	2.8668	0.2303	3.7677	4.40E+00
0	63	c	3/13/2004	10:40	-151.65	59.625	28	16	15.85	24.9102	31.2576	73.48636	8.04656	2.8591	0.231	3.7497	3.67E+00
0	63	c	3/13/2004	10:40	-151.65	59.625	28	17	16.84	24.9112	31.2595	73.45622	8.04188	2.8654	0.2272	3.7525	3.08E+00
0	63	c	3/13/2004	10:40	-151.65	59.625	28	18	17.831	24.9121	31.2615	73.47237	8.04172	2.8744	0.2277	3.7564	2.57E+00
0	63	c	3/13/2004	10:40	-151.65	59.625	28	19	18.821	24.9114	31.2603	73.45174	8.03995	2.8723	0.2249	3.7589	2.16E+00
0	63	c	3/13/2004	10:40	-151.65	59.625	28	20	19.812	24.9107	31.2591	73.48146	8.04418	2.8678	0.2276	3.7667	1.79E+00
0	63	c	3/13/2004	10:40	-151.65	59.625	28	21	20.803	24.9127	31.2624	73.50322	8.04473	2.8759	0.2258	3.7683	1.48E+00
0	63	c	3/13/2004	10:40	-151.65	59.625	28	22	21.793	24.9165	31.2684	73.49581	8.04082	2.8896	0.2268	3.7742	1.24E+00
0	63	c	3/13/2004	10:40	-151.65	59.625	28	23	22.784	24.9191	31.2749	73.5355	8.03839	2.9211	0.2285	3.7867	1.04E+00
0	63	c	3/13/2004	10:40	-151.65	59.625	28	24	23.774	24.9193	31.2754	73.53736	8.03816	2.9232	0.2257	3.7873	8.64E-01
0	63	c	3/13/2004	10:40	-151.65	59.625	28	25	24.765	24.9197	31.276	73.47422	8.031	2.9243	0.2251	3.7839	7.23E-01
0	63	c	3/13/2004	10:40	-151.65	59.625	28	26	25.755	24.919	31.2751	73.40079	8.02315	2.9237	0.2287	3.7825	6.06E-01
0	63	c	3/13/2004	10:40	-151.65	59.625	28	27	26.746	24.9184	31.2738	73.43718	8.02815	2.9189	0.2268	3.7725	5.07E-01
0	63	c	3/13/2004	10:40	-151.65	59.625	28	28	27.736	24.9178	31.2731	73.49713	8.03472	2.9191	0.2393	3.756	4.25E-01
