Cruise	Station	Type	mon/day/yr	hh:mm	Lon (E)	Lat (N)	Bot. Depth [m]	Press	Depth [m]	Temperature [C]	Sigma	Salinity [psu]	oxper [%]	oxconc	tran [v]	flour [v]
6	55	c	9/9/2004	20:24	-151.65	59.49167	18	1	0.991	13.4771	21.9134	29.3303	94.47611	8.20453	3.9501	0.488
6	55	c	9/9/2004	20:24	-151.65	59.49167	18	2	1.981	13.3375	22.1007	29.5378	95.45286	8.3029	3.8982	0.6359
6	55	c	9/9/2004	20:24	-151.65	59.49167	18	3	2.972	13.2948	22.1159	29.5467	95.71693	8.33289	3.9002	0.7047
6	55	c	9/9/2004	20:24	-151.65	59.49167	18	4	3.963	13.1818	22.1638	29.5804	96.03343	8.37851	3.8689	0.8168
6	55	c	9/9/2004	20:24	-151.65	59.49167	18	5	4.953	13.1451	22.1795	29.5917	95.5463	8.34186	3.8589	0.8784
6	55	c	9/9/2004	20:24	-151.65	59.49167	18	6	5.944	13.0438	22.2271	29.628	94.89677	8.30096	3.8818	0.9359
6	55	c	9/9/2004	20:24	-151.65	59.49167	18	7	6.934	13.0055	22.2493	29.6473	94.53564	8.27505	3.9175	0.943
6	55	c	9/9/2004	20:24	-151.65	59.49167	18	8	7.925	12.9443	22.2785	29.67	94.07939	8.24457	3.9303	1.0155
6	55	c	9/9/2004	20:24	-151.65	59.49167	18	9	8.916	12.8898	22.3064	29.6927	93.92297	8.23918	3.9382	0.9343
6	55	c	9/9/2004	20:24	-151.65	59.49167	18	10	9.906	12.8351	22.3377	29.7197	94.02099	8.25591	3.9554	1.0256
6	55	c	9/9/2004	20:24	-151.65	59.49167	18	11	10.897	12.7751	22.3711	29.7482	93.72789	8.23916	3.9088	0.9564
6	55	c	9/9/2004	20:24	-151.65	59.49167	18	12	11.887	12.7101	22.4045	29.7756	93.17838	8.20073	3.9511	0.9073
6	55	c	9/9/2004	20:24	-151.65	59.49167	18	13	12.878	12.6114	22.4558	29.818	93.13081	8.21155	3.9817	0.8272
6	55	c	9/9/2004	20:24	-151.65	59.49167	18	14	13.869	12.5981	22.462	29.8227	92.98398	8.20066	4.0094	0.7771
6	55	c	9/9/2004	20:24	-151.65	59.49167	18	15	14.859	12.5677	22.4779	29.8359	93.0511	8.2112	4.0192	0.7413
6	55	c	9/9/2004	20:24	-151.65	59.49167	18	16	15.85	12.5693	22.4769	29.835	92.90993	8.19852	4.038	0.7281
6	55	c	9/9/2004	20:24	-151.65	59.49167	18	17	16.84	12.5601	22.4818	29.839	93.1822	8.22394	4.0438	0.688
6	55	c	9/9/2004	20:24	-151.65	59.49167	18	18	17.831	12.5531	22.4854	29.842	93.40387	8.24457	4.0461	0.7078
6	56	c	9/9/2004	20:03	-151.65	59.50833	100	1	0.991	13.3836	22.2427	29.7332	94.90225	8.23708	4.0607	0.5615
6	56	c	9/9/2004	20:03	-151.65	59.50833	100	2	1.981	13.4014	22.2359	29.7289	94.94108	8.23759	4.0596	0.5757
6	56	c	9/9/2004	20:03	-151.65	59.50833	100	3	2.972	13.4063	22.2363	29.7305	94.89508	8.23267	4.0705	0.5476
6	56	c	9/9/2004	20:03	-151.65	59.50833	100	4	3.963	13.4274	22.2276	29.7245	94.84821	8.22528	4.0611	0.572
6	56	c	9/9/2004	20:03	-151.65	59.50833	100	5	4.953	13.4335	22.2244	29.7219	94.73765	8.21478	4.0724	0.5676
6	56	c	9/9/2004	20:03	-151.65	59.50833	100	6	5.944	13.2143	22.2931	29.7559	95.20036	8.29121	4.0425	0.8874
6	56	c	9/9/2004	20:03	-151.65	59.50833	100	7	6.934	12.8594	22.3949	29.7997	95.21108	8.35194	3.9819	1.0163
6	56	c	9/9/2004	20:03	-151.65	59.50833	100	8	7.925	12.7589	22.4388	29.832	94.82054	8.33371	3.9766	1.0507
6	56	c	9/9/2004	20:03	-151.65	59.50833	100	9	8.916	12.6257	22.5157	29.899	94.17564	8.29694	3.9651	1.0784
6	56	c	9/9/2004	20:03	-151.65	59.50833	100	10	9.906	12.53	22.5517	29.9224	93.59463	8.26132	3.987	0.9896
6	56	c	9/9/2004	20:03	-151.65	59.50833	100	11	10.897	12.4921	22.5611	29.9254	93.00369	8.21562	3.9956	0.9626
6	56	c	9/9/2004	20:03	-151.65	59.50833	100	12	11.887	12.4047	22.5857	29.9361	92.78186	8.21072	4.0051	0.94
6	56	c	9/9/2004	20:03	-151.65	59.50833	100	13	12.878	12.3689	22.619	29.9705	92.62716	8.20151	4.0191	0.9383
6	56	c	9/9/2004	20:03	-151.65	59.50833	100	14	13.869	12.345	22.6315	29.981	92.16081	8.16385	4.0267	0.9381
6	56	c	9/9/2004	20:03	-151.65	59.50833	100	15	14.859	12.2875	22.6462	29.9862	91.9796	8.15752	4.0182	1.017
6	56	c	9/9/2004	20:03	-151.65	59.50833	100	16	15.85	12.2795	22.6652	30.0088	91.90648	8.15127	4.0141	0.9186
6	56	c	9/9/2004	20:03	-151.65	59.50833	100	17	16.84	12.2271	22.6848	30.0217	91.47198	8.12115	4.0351	0.8709
6	56	c	9/9/2004	20:03	-151.65	59.50833	100	18	17.831	12.1691	22.7093	30.0396	91.1546	8.10209	4.0472	0.8878
6	56	c	9/9/2004	20:03	-151.65	59.50833	100	19	18.821	12.101	22.7314	30.0521	90.54998	8.05942	4.0513	0.8578
6	56	c	9/9/2004	20:03	-151.65	59.50833	100	20	19.812	11.795	22.8723	30.1625	88.66386	7.938	4.0385	0.7549
6	56	c	9/9/2004	20:03	-151.65	59.50833	100	21	20.803	11.2263	23.1564	30.3989	87.8533	7.95088	4.1079	0.6834
6	56	c	9/9/2004	20:03	-151.65	59.50833	100	22	21.793	11.1111	23.2109	30.4432	87.59249	7.94493	4.1421	0.7439
6	56	c	9/9/2004	20:03	-151.65	59.50833	100	23	22.784	10.9784	23.2743	30.4953	87.97619	8.00023	4.1111	0.8738
6	56	c	9/9/2004	20:03	-151.65	59.50833	100	24	23.774	10.7602	23.4009	30.6102	88.21443	8.05433	4.0505	1.0508
6	56	c	9/9/2004	20:03	-151.65	59.50833	100	25	24.765	10.6327	23.475	30.6777	87.77168	8.03289	4.0462	0.8938
6	56	c	9/9/2004	20:03	-151.65	59.50833	100	26	25.755	10.5973	23.4941	30.6946	87.35331	7.99996	4.0698	0.8548
6	56	c	9/9/2004	20:03	-151.65	59.50833	100	27	26.746	10.5829	23.5016	30.701	87.10906	7.97979	4.0935	0.7776
6	56	c	9/9/2004	20:03	-151.65	59.50833	100	28	27.736	10.5542	23.52	30.7184	86.86139	7.96124	4.1234	0.6953
6	56	c	9/9/2004	20:03	-151.65	59.50833	100	29	28.727	10.4625	23.5753	30.7698	86.53667	7.94488	4.1434	0.6671
6	56	c	9/9/2004	20:03	-151.65	59.50833	100	30	29.718	10.3992	23.6112	30.8024	86.0338	7.9081	4.1459	0.6278
6	56	c	9/9/2004	20:03	-151.65	59.50833	100	31	30.708	10.3	23.6675	30.8534	85.25826	7.85142	4.1345	0.5663
6	56	c	9/9/2004	20:03	-151.65	59.50833	100	32	31.699	10.2168	23.7156	30.8976	84.94197	7.83447	4.1062	0.5559
6	56	c	9/9/2004	20:03	-151.65	59.50833	100	33	32.689	10.0634	23.8011	30.975	84.90205	7.85354	4.0875	0.584
6	56	c	9/9/2004	20:03	-151.65	59.50833	100	34	33.679	9.9234	23.8795	31.0463	84.8045	7.86533	4.066	0.6139
6	56	c	9/9/2004	20:03	-151.65	59.50833	100	35	34.67	9.8088	23.9434	31.1046	84.48421	7.85268	4.0518	0.6498
6	56	c	9/9/2004	20:03	-151.65	59.50833	100	36	35.66	9.731	23.9807	31.1363	83.59675	7.78208	4.0477	0.5604
6	56	c	9/9/2004	20:03	-151.65	59.50833	100	37	36.651	9.6425	24.0215	31.1704	82.33002	7.67761	4.0517	0.5279
6	56	c	9/9/2004	20:03	-151.65	59.50833	100	38	37.641	9.5307	24.0708	31.2108	81.71066	7.63694	4.046	0.3715
6	56	c	9/9/2004	20:03	-151.65	59.50833	100	39	38.632	9.491	24.0923	31.2304	81.3952	7.61325	4.1318	0.3693
6	56	c	9/9/2004	20:03	-151.65	59.50833	100	40	39.622	9.4564	24.105	31.2396	80.95064	7.5771	4.1738	0.3367
6	56	c	9/9/2004	20:03	-151.65	59.50833	100	41	40.613	9.4224	24.1205	31.2526	80.74677	7.56314	4.158	0.2915
6	56	c	9/9/2004	20:03	-151.65	59.50833	100	42	41.603	9.3988	24.1315	31.262	80.38884	7.53314	4.163	0.2644
6	56	c	9/9/2004	20:03	-151.65	59.50833	100	43	42.594	9.3713	24.14	31.2673	79.90768	7.4924	4.1091	0.2493
6	56	c	9/9/2004	20:03	-151.65	59.50833	100	44	43.584	9.3573	24.1454	31.2715	79.7757	7.48219	4.0322	0.2364
6	56	c	9/9/2004	20:03	-151.65	59.50833	100	45	44.574	9.3504	24.1478	31.2731	79.88567	7.49358	4.0303	0.2074
6	56	c	9/9/2004	20:03	-151.65	59.50833	100	46	45.565	9.3479	24.1483	31.2731	79.96822	7.50175	4.0131	0.2306
6	56	c	9/9/2004	20:03	-151.65	59.50833	100	47	46.555	9.348	24.149	31.274	80.17387	7.52098	4.0117	0.2099
6	56	c	9/9/2004	20:03	-151.65	59.50833	100	48	47.546	9.3478	24.1498	31.275	80.21132	7.52448	4.0451	0.2225
6	56	c	9/9/2004	20:03	-151.65	59.50833	100	49	48.536	9.34	24.1538	31.2786	80.13988	7.51892	4.0796	0.2294
6	56	c	9/9/2004	20:03	-151.65	59.50833	100	50	49.527	9.3341	24.1554	31.2794	80.10783	7.51688	4.1037	0.2022
6	56	c	9/9/2004	20:03	-151.65	59.50833	100	51	50.517	9.3246	24.1573	31.2799	79.81509	7.49096	4.0897	0.2142
6	56	c	9/9/2004	20:03	-151.65	59.50833	100	52	51.507	9.3008	24.1633	31.2829	79.30515	7.44693	4.0534	0.188
6	56	c	9/9/2004	20:03	-151.65	59.50833	100	53	52.498	9.2774	24.1716	31.2889	79.17309	7.43815	4.0297	0.1518
6	56	c	9/9/2004	20:03	-151.65	59.50833	100	54	53.488	9.2703	24.1762	31.2933	79.19534	7.44122	4.0741	0.1516
6	56	c	9/9/2004	20:03	-151.65	59.50833	100	55	54.479	9.2686	24.1788	31.2962	79.26175	7.44761	4.1549	0.1442
6	56	c	9/9/2004	20:03	-151.65	59.50833	100	56	55.469	9.2685	24.179	31.2964	79.27657	7.44902	4.1886	0.1534
6	56	c	9/9/2004	20:03	-151.65	59.50833	100	57	56.459	9.2699	24.1806	31.2988	79.46641	7.4665	4.2184	0.1651
6	56	c	9/9/2004	20:03	-151.65	59.50833	100	58	57.45	9.269	24.1836	31.3024	79.54971	7.4743	4.3029	0.1368
6	56	c	9/9/2004	20:03	-151.65	59.50833	100	59	58.44	9.2636	24.1871	31.3058	79.54564	7.47467	4.3669	0.1361
6	56	c	9/9/2004	20:03	-151.65	59.50833	100	60	59.431	9.2515	24.1928	31.3106	79.37697	7.46061	4.3803	0.1507
6	56	c	9/9/2004	20:03	-151.65	59.50833	100	61	60.421	9.2448	24.1959	31.3132	79.25928	7.45055	4.3779	0.1383
6	56	c	9/9/2004	20:03	-151.65	59.50833	100	62	61.411	9.2423	24.197	31.3142	79.13568	7.4393	4.3818	0.1241
6	56	c	9/9/2004	20:03	-151.65	59.50833	100	63	62.401	9.2279	24.2003	31.3155	78.77217	7.40747	4.3715	0.116
6	56	c	9/9/2004	20:03	-151.65	59.50833	100	64	63.392	9.203	24.2091	31.3218	78.57798	7.39304	4.354	0.1098
6	56	c	9/9/2004	20:03	-151.65	59.50833	100	65	64.382	9.1746	24.2196	31.3296	78.33724	7.37473	4.3465	0.1315
6	56	c	9/9/2004	20:03	-151.65	59.50833	100	66	65.372	9.1568	24.2257	31.3338	78.15577	7.36039	4.3282	0.1028
6	56	c	9/9/2004	20:03	-151.65	59.50833	100	67	66.363	9.1296	24.2362	31.3419	78.03783	7.35341	4.3042	0.1025
6	56	c	9/9/2004	20:03	-151.65	59.50833	100	68	67.353	9.1211	24.2396	31.3446	77.91643	7.34325	4.2903	0.0987
6	56	c	9/9/2004	20:03	-151.65	59.50833	100	69	68.343	9.1103	24.2439	31.3479	77.81415	7.33523	4.2705	0.1049
6	56	c	9/9/2004	20:03	-151.65	59.50833	100	70	69.334	9.105	24.2462	31.3498	77.83826	7.33829	4.266	0.097
6	56	c	9/9/2004	20:03	-151.65	59.50833	100	71	70.324	9.0996	24.2483	31.3515	77.77665	7.3333	4.2547	0.105
6	56	c	9/9/2004	20:03	-151.65	59.50833	100	72	71.315	9.0929	24.2515	31.3541	77.59181	7.31685	4.2495	0.0986
6	56	c	9/9/2004	20:03	-151.65	59.50833	100	73	72.305	9.0597	24.266	31.3661	77.36544	7.30039	4.2061	0.0947
6	56	c	9/9/2004	20:03	-151.65	59.50833	100	74	73.295	9.0464	24.2726	31.372	77.27809	7.29407	4.1053	0.0977
6	56	c	9/9/2004	20:03	-151.65	59.50833	100	75	74.285	9.0334	24.2779	31.3762	77.16382	7.28522	4.0682	0.0928
6	56	c	9/9/2004	20:03	-151.65	59.50833	100	76	75.276	9.0141	24.2861	31.3829	76.88432	7.26168	3.991	0.0907
6	56	c	9/9/2004	20:03	-151.65	59.50833	100	77	76.266	8.9985	24.2927	31.3882	76.82995	7.25884	3.8992	0.0909
6	56	c	9/9/2004	20:03	-151.65	59.50833	100	78	77.256	8.9872	24.297	31.3916	76.69161	7.24746	3.8656	0.0934
6	56	c	9/9/2004	20:03	-151.65	59.50833	100	79	78.247	8.9751	24.3018	31.3954	76.46114	7.22748	3.757	0.0923
6	56	c	9/9/2004	20:03	-151.65	59.50833	100	80	79.237	8.9729	24.3027	31.396	76.38628	7.22073	3.6413	0.0926
6	56	c	9/9/2004	20:03	-151.65	59.50833	100	81	80.227	8.9709	24.3032	31.3962	76.22474	7.20579	3.5875	0.0927
6	56	c	9/9/2004	20:03	-151.65	59.50833	100	82	81.217	8.9701	24.3032	31.3961	76.28282	7.21141	3.4754	0.0921
6	56	c	9/9/2004	20:03	-151.65	59.50833	100	83	82.207	8.9701	24.3033	31.3962	76.28954	7.21204	3.4459	0.0888
6	56	c	9/9/2004	20:03	-151.65	59.50833	100	84	83.198	8.9701	24.3034	31.3963	76.30503	7.21349	3.4799	0.0912
6	56	c	9/9/2004	20:03	-151.65	59.50833	100	85	84.188	8.9701	24.3033	31.3961	76.32534	7.21544	3.4657	0.0911
6	56	c	9/9/2004	20:03	-151.65	59.50833	100	86	85.178	8.9701	24.3032	31.3959	76.3147	7.21443	3.4185	0.0932
6	56	c	9/9/2004	20:03	-151.65	59.50833	100	87	86.169	8.9702	24.3032	31.396	76.32074	7.21498	3.4026	0.0942
6	56	c	9/9/2004	20:03	-151.65	59.50833	100	88	87.159	8.9702	24.3032	31.396	76.3148	7.21442	3.3992	0.0905
6	56	c	9/9/2004	20:03	-151.65	59.50833	100	89	88.149	8.9702	24.3031	31.3958	76.21619	7.20511	3.3951	0.0918
6	56	c	9/9/2004	20:03	-151.65	59.50833	100	90	89.139	8.9703	24.3031	31.3958	76.29286	7.21234	3.3736	0.0954
6	56	c	9/9/2004	20:03	-151.65	59.50833	100	91	90.129	8.9704	24.3031	31.3958	76.18553	7.20218	3.3764	0.0926
6	56	c	9/9/2004	20:03	-151.65	59.50833	100	92	91.12	8.9705	24.303	31.3957	76.18338	7.20197	3.3591	0.0959
6	56	c	9/9/2004	20:03	-151.65	59.50833	100	93	92.11	8.9707	24.303	31.3957	76.14325	7.19814	3.3382	0.0904
6	56	c	9/9/2004	20:03	-151.65	59.50833	100	94	93.1	8.9708	24.303	31.3956	76.1299	7.19687	3.3008	0.0935
6	56	c	9/9/2004	20:03	-151.65	59.50833	100	95	94.09	8.971	24.3031	31.3958	75.9331	7.17822	3.2851	0.0939
6	56	c	9/9/2004	20:03	-151.65	59.50833	100	96	95.081	8.9718	24.3027	31.3955	75.72504	7.15843	3.2566	0.1023
6	57	c	9/9/2004	19:44	-151.65	59.525	107	1	0.991	13.3152	22.2971	29.7864	95.78032	8.32244	3.9989	0.5077
6	57	c	9/9/2004	19:44	-151.65	59.525	107	2	1.981	13.3213	22.2925	29.782	95.73169	8.31738	4.023	0.5489
6	57	c	9/9/2004	19:44	-151.65	59.525	107	3	2.972	13.2467	22.3304	29.8124	99.25532	8.6356	4.0117	0.7416
6	57	c	9/9/2004	19:44	-151.65	59.525	107	4	3.963	12.4774	22.6912	30.0901	102.08078	9.01106	3.7914	1.2488
6	57	c	9/9/2004	19:44	-151.65	59.525	107	5	4.953	12.2762	22.7717	30.1459	102.17844	9.05517	3.6861	1.3337
6	57	c	9/9/2004	19:44	-151.65	59.525	107	6	5.944	12.2193	22.7799	30.1429	101.11151	8.97167	3.7057	1.4414
6	57	c	9/9/2004	19:44	-151.65	59.525	107	7	6.935	12.1495	22.7885	30.1374	99.57266	8.84861	3.7417	1.4562
6	57	c	9/9/2004	19:44	-151.65	59.525	107	8	7.925	12.1164	22.7965	30.1399	99.26094	8.82701	3.757	1.419
6	57	c	9/9/2004	19:44	-151.65	59.525	107	9	8.916	12.1082	22.7971	30.1387	98.68631	8.77753	3.7748	1.4245
6	57	c	9/9/2004	19:44	-151.65	59.525	107	10	9.906	12.0886	22.7984	30.1358	97.34577	8.66207	3.7461	1.3301
6	57	c	9/9/2004	19:44	-151.65	59.525	107	11	10.897	12.0486	22.8041	30.1338	96.16228	8.56419	3.7991	1.2505
6	57	c	9/9/2004	19:44	-151.65	59.525	107	12	11.887	12.0332	22.8066	30.1333	95.04002	8.46707	3.8577	1.2149
6	57	c	9/9/2004	19:44	-151.65	59.525	107	13	12.878	12.0122	22.809	30.1315	94.22504	8.39832	3.8936	1.1643
6	57	c	9/9/2004	19:44	-151.65	59.525	107	14	13.869	12.0022	22.8123	30.1333	93.65923	8.34959	3.9286	1.0899
6	57	c	9/9/2004	19:44	-151.65	59.525	107	15	14.859	11.964	22.8246	30.1403	91.51268	8.16451	3.9395	1.0137
6	57	c	9/9/2004	19:44	-151.65	59.525	107	16	15.85	11.7292	22.9118	30.1983	88.95316	7.97337	4.0064	0.7917
6	57	c	9/9/2004	19:44	-151.65	59.525	107	17	16.84	11.3958	23.0658	30.3204	87.83952	7.92439	4.0917	0.7349
6	57	c	9/9/2004	19:44	-151.65	59.525	107	18	17.831	11.2253	23.1499	30.3903	87.92495	7.958	4.1059	0.8509
6	57	c	9/9/2004	19:44	-151.65	59.525	107	19	18.821	11.0573	23.2474	30.4783	89.00122	8.08041	4.088	1.0506
6	57	c	9/9/2004	19:44	-151.65	59.525	107	20	19.812	10.7842	23.4143	30.6328	88.63548	8.08734	3.9946	1.1834
6	57	c	9/9/2004	19:44	-151.65	59.525	107	21	20.803	10.5055	23.565	30.766	87.47894	8.02397	3.9734	1.0615
6	57	c	9/9/2004	19:44	-151.65	59.525	107	22	21.793	10.318	23.6622	30.8507	86.46357	7.95936	4.0459	0.8915
6	57	c	9/9/2004	19:44	-151.65	59.525	107	23	22.784	10.1947	23.7275	30.9084	85.23178	7.8645	4.1046	0.7327
6	57	c	9/9/2004	19:44	-151.65	59.525	107	24	23.774	10.1214	23.7649	30.9409	84.54257	7.81194	4.1528	0.6315
6	57	c	9/9/2004	19:44	-151.65	59.525	107	25	24.765	9.9759	23.854	31.0248	84.33827	7.81404	4.1613	0.6357
6	57	c	9/9/2004	19:44	-151.65	59.525	107	26	25.755	9.8837	23.9051	31.0711	84.1215	7.80763	4.1585	0.6177
6	57	c	9/9/2004	19:44	-151.65	59.525	107	27	26.746	9.8682	23.9117	31.0764	83.75476	7.776	4.174	0.6281
6	57	c	9/9/2004	19:44	-151.65	59.525	107	28	27.737	9.8371	23.925	31.087	83.38168	7.7462	4.1766	0.5517
6	57	c	9/9/2004	19:44	-151.65	59.525	107	29	28.727	9.8006	23.9438	31.1035	83.14084	7.72928	4.2087	0.5626
6	57	c	9/9/2004	19:44	-151.65	59.525	107	30	29.717	9.742	23.9776	31.1347	82.66572	7.69361	4.2315	0.4963
6	57	c	9/9/2004	19:44	-151.65	59.525	107	31	30.708	9.6625	24.0173	31.1693	82.22931	7.66487	4.2247	0.4501
6	57	c	9/9/2004	19:44	-151.65	59.525	107	32	31.698	9.5946	24.0512	31.1989	81.96895	7.65075	4.2301	0.4588
6	57	c	9/9/2004	19:44	-151.65	59.525	107	33	32.689	9.5486	24.074	31.2187	81.93666	7.65462	4.2799	0.4584
6	57	c	9/9/2004	19:44	-151.65	59.525	107	34	33.679	9.5055	24.0962	31.2384	81.94773	7.66206	4.2622	0.4824
6	57	c	9/9/2004	19:44	-151.65	59.525	107	35	34.67	9.4841	24.1061	31.2467	81.82544	7.6539	4.2613	0.4572
6	57	c	9/9/2004	19:44	-151.65	59.525	107	36	35.66	9.4711	24.1105	31.2497	81.71285	7.64543	4.2856	0.4833
6	57	c	9/9/2004	19:44	-151.65	59.525	107	37	36.651	9.4656	24.1123	31.251	81.68135	7.64337	4.2856	0.4227
6	57	c	9/9/2004	19:44	-151.65	59.525	107	38	37.641	9.4595	24.1143	31.2523	81.58146	7.63499	4.2926	0.4646
6	57	c	9/9/2004	19:44	-151.65	59.525	107	39	38.632	9.4524	24.1174	31.2548	81.62551	7.64021	4.3006	0.3941
6	57	c	9/9/2004	19:44	-151.65	59.525	107	40	39.622	9.4495	24.1189	31.2561	81.67817	7.64557	4.3042	0.3994
6	57	c	9/9/2004	19:44	-151.65	59.525	107	41	40.613	9.4488	24.1191	31.2561	81.8608	7.66279	4.3038	0.4476
6	57	c	9/9/2004	19:44	-151.65	59.525	107	42	41.603	9.4493	24.1188	31.2558	81.96768	7.67273	4.2943	0.4126
6	57	c	9/9/2004	19:44	-151.65	59.525	107	43	42.593	9.4493	24.1185	31.2555	82.17779	7.69241	4.2888	0.4385
6	57	c	9/9/2004	19:44	-151.65	59.525	107	44	43.584	9.4494	24.1184	31.2553	82.12686	7.68762	4.2976	0.3759
6	57	c	9/9/2004	19:44	-151.65	59.525	107	45	44.574	9.4464	24.1198	31.2565	81.84675	7.66186	4.3097	0.3848
6	57	c	9/9/2004	19:44	-151.65	59.525	107	46	45.565	9.423	24.1312	31.2664	81.68703	7.65043	4.3136	0.3272
6	57	c	9/9/2004	19:44	-151.65	59.525	107	47	46.555	9.4194	24.1338	31.2689	81.65575	7.64799	4.337	0.3617
6	57	c	9/9/2004	19:44	-151.65	59.525	107	48	47.546	9.4053	24.1391	31.2728	81.19816	7.60735	4.3446	0.3141
6	57	c	9/9/2004	19:44	-151.65	59.525	107	49	48.536	9.3803	24.146	31.2766	80.95576	7.58871	4.3659	0.2649
6	57	c	9/9/2004	19:44	-151.65	59.525	107	50	49.527	9.3805	24.1482	31.2796	80.90924	7.58416	4.3814	0.2884
6	57	c	9/9/2004	19:44	-151.65	59.525	107	51	50.517	9.3758	24.1503	31.2812	80.76992	7.57183	4.3867	0.2446
6	57	c	9/9/2004	19:44	-151.65	59.525	107	52	51.507	9.3739	24.1524	31.2836	80.94304	7.58826	4.3912	0.2579
6	57	c	9/9/2004	19:44	-151.65	59.525	107	53	52.498	9.3774	24.1533	31.2854	80.83921	7.57784	4.3872	0.2459
6	57	c	9/9/2004	19:44	-151.65	59.525	107	54	53.488	9.3621	24.1537	31.2828	79.61002	7.4653	4.3893	0.189
6	57	c	9/9/2004	19:44	-151.65	59.525	107	55	54.479	9.3186	24.1575	31.279	78.60559	7.37849	4.3947	0.1399
6	57	c	9/9/2004	19:44	-151.65	59.525	107	56	55.469	9.2848	24.1687	31.2865	78.27488	7.35267	4.407	0.1103
6	57	c	9/9/2004	19:44	-151.65	59.525	107	57	56.459	9.2768	24.172	31.2891	78.20099	7.34692	4.4202	0.1161
6	57	c	9/9/2004	19:44	-151.65	59.525	107	58	57.45	9.2754	24.1727	31.2897	78.15444	7.34275	4.4054	0.1116
6	57	c	9/9/2004	19:44	-151.65	59.525	107	59	58.44	9.2752	24.1728	31.2898	78.24599	7.35138	4.4114	0.122
6	57	c	9/9/2004	19:44	-151.65	59.525	107	60	59.431	9.2732	24.175	31.2922	78.28729	7.35548	4.414	0.1101
6	57	c	9/9/2004	19:44	-151.65	59.525	107	61	60.421	9.2641	24.185	31.3031	78.31086	7.35869	4.4023	0.1206
6	57	c	9/9/2004	19:44	-151.65	59.525	107	62	61.411	9.2436	24.1943	31.311	78.27485	7.35831	4.3753	0.1088
6	57	c	9/9/2004	19:44	-151.65	59.525	107	63	62.402	9.2343	24.2033	31.3206	78.61849	7.39171	4.3596	0.124
6	57	c	9/9/2004	19:44	-151.65	59.525	107	64	63.392	9.227	24.2082	31.3254	78.80331	7.41008	4.391	0.1186
6	57	c	9/9/2004	19:44	-151.65	59.525	107	65	64.382	9.2021	24.2146	31.3286	78.62279	7.39708	4.4045	0.107
6	57	c	9/9/2004	19:44	-151.65	59.525	107	66	65.373	9.1885	24.2194	31.3321	78.57838	7.395	4.4017	0.1068
6	57	c	9/9/2004	19:44	-151.65	59.525	107	67	66.363	9.1806	24.2214	31.333	78.46268	7.38538	4.4016	0.1019
6	57	c	9/9/2004	19:44	-151.65	59.525	107	68	67.353	9.1702	24.2236	31.3338	78.42207	7.38325	4.3962	0.1
6	57	c	9/9/2004	19:44	-151.65	59.525	107	69	68.344	9.161	24.2257	31.3347	78.39854	7.38251	4.3939	0.103
6	57	c	9/9/2004	19:44	-151.65	59.525	107	70	69.334	9.1418	24.2306	31.3371	78.28272	7.37468	4.3837	0.0941
6	57	c	9/9/2004	19:44	-151.65	59.525	107	71	70.324	9.1354	24.2329	31.3387	78.23099	7.3708	4.3799	0.0937
6	57	c	9/9/2004	19:44	-151.65	59.525	107	72	71.314	9.1241	24.2367	31.3414	78.10024	7.36022	4.3682	0.0974
6	57	c	9/9/2004	19:44	-151.65	59.525	107	73	72.305	9.1155	24.2411	31.3453	77.98924	7.351	4.3507	0.101
6	57	c	9/9/2004	19:44	-151.65	59.525	107	74	73.295	9.0991	24.2502	31.3537	78.11933	7.36558	4.3373	0.0888
6	57	c	9/9/2004	19:44	-151.65	59.525	107	75	74.285	9.0799	24.258	31.3598	77.9944	7.3567	4.3478	0.0893
6	57	c	9/9/2004	19:44	-151.65	59.525	107	76	75.276	9.0756	24.2594	31.3608	77.94745	7.35293	4.3428	0.0885
6	57	c	9/9/2004	19:44	-151.65	59.525	107	77	76.266	9.0738	24.26	31.3612	77.86728	7.34566	4.3349	0.0851
6	57	c	9/9/2004	19:44	-151.65	59.525	107	78	77.256	9.0717	24.2606	31.3616	77.92356	7.3513	4.3383	0.0895
6	57	c	9/9/2004	19:44	-151.65	59.525	107	79	78.246	9.0711	24.261	31.3619	77.95003	7.35387	4.3435	0.0869
6	57	c	9/9/2004	19:44	-151.65	59.525	107	80	79.237	9.0707	24.2613	31.3621	77.92005	7.3511	4.3419	0.0881
6	57	c	9/9/2004	19:44	-151.65	59.525	107	81	80.227	9.0707	24.2612	31.362	77.77787	7.33768	4.3425	0.086
6	57	c	9/9/2004	19:44	-151.65	59.525	107	82	81.217	9.0707	24.2613	31.3621	77.82368	7.342	4.35	0.0843
6	57	c	9/9/2004	19:44	-151.65	59.525	107	83	82.208	9.071	24.2611	31.3619	77.96715	7.35551	4.3473	0.0852
6	57	c	9/9/2004	19:44	-151.65	59.525	107	84	83.198	9.0705	24.2621	31.3631	77.93384	7.35239	4.3535	0.0892
6	57	c	9/9/2004	19:44	-151.65	59.525	107	85	84.188	9.0708	24.2621	31.3632	77.96795	7.35555	4.3604	0.087
6	57	c	9/9/2004	19:44	-151.65	59.525	107	86	85.178	9.0718	24.2646	31.3664	78.05254	7.36322	4.3701	0.0884
6	57	c	9/9/2004	19:44	-151.65	59.525	107	87	86.169	9.0729	24.2662	31.3687	78.07809	7.36533	4.3883	0.0878
6	57	c	9/9/2004	19:44	-151.65	59.525	107	88	87.159	9.074	24.2676	31.3707	78.07735	7.36499	4.3939	0.089
6	57	c	9/9/2004	19:44	-151.65	59.525	107	89	88.149	9.0632	24.2694	31.3709	77.80019	7.34061	4.3857	0.0876
6	57	c	9/9/2004	19:44	-151.65	59.525	107	90	89.139	9.0509	24.2716	31.3712	77.6113	7.32481	4.371	0.0856
6	57	c	9/9/2004	19:44	-151.65	59.525	107	91	90.13	9.033	24.2766	31.3741	77.39736	7.30743	4.3332	0.0856
6	57	c	9/9/2004	19:44	-151.65	59.525	107	92	91.12	9.029	24.2787	31.376	77.26461	7.29547	4.3008	0.0839
6	57	c	9/9/2004	19:44	-151.65	59.525	107	93	92.11	9.0268	24.2805	31.3779	77.14159	7.28412	4.2862	0.0887
6	57	c	9/9/2004	19:44	-151.65	59.525	107	94	93.1	9.0165	24.2856	31.3824	76.89618	7.26243	4.1798	0.0925
6	57	c	9/9/2004	19:44	-151.65	59.525	107	95	94.09	9.0117	24.2873	31.3836	76.56331	7.23171	4.0441	0.0911
6	57	c	9/9/2004	19:44	-151.65	59.525	107	96	95.08	9.0016	24.2904	31.3855	76.10795	7.19026	3.8405	0.0952
6	57	c	9/9/2004	19:44	-151.65	59.525	107	97	96.071	9.0012	24.2907	31.3858	75.99726	7.17985	3.6567	0.0931
6	57	c	9/9/2004	19:44	-151.65	59.525	107	98	97.061	9.0019	24.2904	31.3856	75.94949	7.17523	3.6973	0.0938
6	57	c	9/9/2004	19:44	-151.65	59.525	107	99	98.051	9.0081	24.2883	31.384	76.08981	7.18755	3.7474	0.0918
6	58	c	9/9/2004	19:22	-151.65	59.54167	86	1	0.991	12.5054	22.6089	29.9906	103.31923	9.12058	3.7139	0.9479
6	58	c	9/9/2004	19:22	-151.65	59.54167	86	2	1.981	12.4409	22.6569	30.0371	103.55605	9.15135	3.6969	1.0648
6	58	c	9/9/2004	19:22	-151.65	59.54167	86	3	2.972	12.3878	22.6951	30.0736	103.36056	9.14232	3.7006	1.2088
6	58	c	9/9/2004	19:22	-151.65	59.54167	86	4	3.963	12.2604	22.7806	30.1537	104.36389	9.25157	3.7069	1.4265
6	58	c	9/9/2004	19:22	-151.65	59.54167	86	5	4.953	11.8613	22.9647	30.2973	103.55438	9.25004	3.6007	1.865
6	58	c	9/9/2004	19:22	-151.65	59.54167	86	6	5.944	11.491	23.1075	30.3961	99.07821	8.91546	3.5738	1.9891
6	58	c	9/9/2004	19:22	-151.65	59.54167	86	7	6.934	11.2446	23.1907	30.4474	95.27433	8.61636	3.6613	1.7525
6	58	c	9/9/2004	19:22	-151.65	59.54167	86	8	7.925	11.1556	23.2203	30.4656	93.73796	8.49292	3.8362	1.4904
6	58	c	9/9/2004	19:22	-151.65	59.54167	86	9	8.916	11.0866	23.2626	30.5047	93.96344	8.52404	3.8808	1.5525
6	58	c	9/9/2004	19:22	-151.65	59.54167	86	10	9.906	10.9617	23.3423	30.5795	95.11521	8.64797	3.8442	1.6694
6	58	c	9/9/2004	19:22	-151.65	59.54167	86	11	10.897	10.9011	23.3923	30.6304	96.91907	8.82078	3.7707	1.9679
6	58	c	9/9/2004	19:22	-151.65	59.54167	86	12	11.887	10.872	23.4234	30.6639	97.87639	8.91167	3.6961	2.0403
6	58	c	9/9/2004	19:22	-151.65	59.54167	86	13	12.878	10.8013	23.4706	30.709	97.85309	8.92079	3.6561	2.1788
6	58	c	9/9/2004	19:22	-151.65	59.54167	86	14	13.869	10.6948	23.5419	30.7774	95.45399	8.71849	3.6352	2.1453
6	58	c	9/9/2004	19:22	-151.65	59.54167	86	15	14.859	10.3489	23.6976	30.9029	92.8244	8.53625	3.7074	1.606
6	58	c	9/9/2004	19:22	-151.65	59.54167	86	16	15.85	10.2585	23.7311	30.9267	90.75834	8.36166	3.8692	1.2818
6	58	c	9/9/2004	19:22	-151.65	59.54167	86	17	16.84	10.1854	23.75	30.9354	89.40968	8.25027	3.9201	1.0589
6	58	c	9/9/2004	19:22	-151.65	59.54167	86	18	17.831	10.1359	23.7687	30.949	88.63792	8.18731	4.0176	0.9568
6	58	c	9/9/2004	19:22	-151.65	59.54167	86	19	18.822	10.0683	23.8094	30.9869	88.24538	8.16129	4.0371	1.0064
6	58	c	9/9/2004	19:22	-151.65	59.54167	86	20	19.812	9.965	23.8681	31.0407	87.53338	8.11121	4.0212	0.9549
6	58	c	9/9/2004	19:22	-151.65	59.54167	86	21	20.803	9.9171	23.892	31.0614	86.10556	7.98633	4.0574	0.8334
6	58	c	9/9/2004	19:22	-151.65	59.54167	86	22	21.793	9.7738	23.958	31.1164	84.65768	7.87431	4.123	0.7266
6	58	c	9/9/2004	19:22	-151.65	59.54167	86	23	22.784	9.6441	24.0226	31.1725	83.60759	7.79638	4.1853	0.6906
6	58	c	9/9/2004	19:22	-151.65	59.54167	86	24	23.774	9.5623	24.0619	31.2062	83.07556	7.75925	4.2045	0.5491
6	58	c	9/9/2004	19:22	-151.65	59.54167	86	25	24.765	9.5509	24.0667	31.21	82.77891	7.73334	4.2335	0.5607
6	58	c	9/9/2004	19:22	-151.65	59.54167	86	26	25.755	9.5395	24.071	31.2132	82.50058	7.70915	4.2353	0.5125
6	58	c	9/9/2004	19:22	-151.65	59.54167	86	27	26.746	9.5149	24.0818	31.222	82.24848	7.68938	4.251	0.5315
6	58	c	9/9/2004	19:22	-151.65	59.54167	86	28	27.736	9.5037	24.087	31.2264	82.1667	7.68344	4.2735	0.5166
6	58	c	9/9/2004	19:22	-151.65	59.54167	86	29	28.727	9.5001	24.0885	31.2276	81.83305	7.65279	4.2583	0.4942
6	58	c	9/9/2004	19:22	-151.65	59.54167	86	30	29.717	9.4727	24.1012	31.2383	81.53475	7.62905	4.2815	0.5113
6	58	c	9/9/2004	19:22	-151.65	59.54167	86	31	30.708	9.449	24.1118	31.247	81.25114	7.60613	4.3069	0.377
6	58	c	9/9/2004	19:22	-151.65	59.54167	86	32	31.698	9.4313	24.12	31.254	81.13229	7.59767	4.318	0.4191
6	58	c	9/9/2004	19:22	-151.65	59.54167	86	33	32.689	9.4312	24.1199	31.2538	81.13097	7.59757	4.3155	0.3759
6	58	c	9/9/2004	19:22	-151.65	59.54167	86	34	33.679	9.4249	24.1221	31.2553	81.07278	7.59312	4.325	0.3432
6	58	c	9/9/2004	19:22	-151.65	59.54167	86	35	34.67	9.4074	24.1283	31.2597	80.5149	7.5436	4.3259	0.3307
6	58	c	9/9/2004	19:22	-151.65	59.54167	86	36	35.66	9.3615	24.148	31.2758	80.24863	7.52562	4.3631	0.2992
6	58	c	9/9/2004	19:22	-151.65	59.54167	86	37	36.651	9.3581	24.15	31.2776	80.27614	7.52869	4.3898	0.2848
6	58	c	9/9/2004	19:22	-151.65	59.54167	86	38	37.641	9.3619	24.1478	31.2755	79.95937	7.49845	4.3838	0.2653
6	58	c	9/9/2004	19:22	-151.65	59.54167	86	39	38.632	9.3327	24.1592	31.2842	79.68833	7.4775	4.3969	0.2354
6	58	c	9/9/2004	19:22	-151.65	59.54167	86	40	39.622	9.323	24.1645	31.2891	79.74692	7.4844	4.4091	0.2286
6	58	c	9/9/2004	19:22	-151.65	59.54167	86	41	40.613	9.3299	24.1677	31.2945	79.97744	7.50462	4.4116	0.2415
6	58	c	9/9/2004	19:22	-151.65	59.54167	86	42	41.603	9.336	24.1684	31.2966	80.12373	7.51722	4.4136	0.2389
6	58	c	9/9/2004	19:22	-151.65	59.54167	86	43	42.594	9.3411	24.1696	31.2992	80.10748	7.51471	4.4031	0.2232
6	58	c	9/9/2004	19:22	-151.65	59.54167	86	44	43.584	9.343	24.1705	31.3007	80.20199	7.52319	4.406	0.2329
6	58	c	9/9/2004	19:22	-151.65	59.54167	86	45	44.574	9.3435	24.1709	31.3013	80.37802	7.53957	4.408	0.2233
6	58	c	9/9/2004	19:22	-151.65	59.54167	86	46	45.565	9.3426	24.1731	31.3039	80.20225	7.52312	4.4043	0.1825
6	58	c	9/9/2004	19:22	-151.65	59.54167	86	47	46.555	9.3253	24.1795	31.3085	80.18906	7.52457	4.4119	0.2129
6	58	c	9/9/2004	19:22	-151.65	59.54167	86	48	47.546	9.2986	24.1862	31.3118	79.66616	7.47982	4.4137	0.1719
6	58	c	9/9/2004	19:22	-151.65	59.54167	86	49	48.536	9.247	24.1949	31.3126	79.0169	7.42742	4.4155	0.1348
6	58	c	9/9/2004	19:22	-151.65	59.54167	86	50	49.527	9.2216	24.1999	31.314	78.84413	7.41536	4.432	0.1146
6	58	c	9/9/2004	19:22	-151.65	59.54167	86	51	50.517	9.2036	24.2069	31.3194	78.91245	7.42452	4.4373	0.1068
6	58	c	9/9/2004	19:22	-151.65	59.54167	86	52	51.507	9.1806	24.2217	31.3337	79.12504	7.44769	4.4407	0.1024
6	58	c	9/9/2004	19:22	-151.65	59.54167	86	53	52.498	9.164	24.2302	31.3413	79.35517	7.47177	4.4509	0.0982
6	58	c	9/9/2004	19:22	-151.65	59.54167	86	54	53.488	9.1559	24.2382	31.3499	79.5392	7.49005	4.4447	0.1052
6	58	c	9/9/2004	19:22	-151.65	59.54167	86	55	54.479	9.1545	24.2402	31.3522	79.55515	7.49168	4.4409	0.1023
6	58	c	9/9/2004	19:22	-151.65	59.54167	86	56	55.469	9.1527	24.2404	31.352	79.85073	7.51984	4.4333	0.1004
6	58	c	9/9/2004	19:22	-151.65	59.54167	86	57	56.459	9.1508	24.241	31.3524	79.9099	7.52571	4.435	0.1004
6	58	c	9/9/2004	19:22	-151.65	59.54167	86	58	57.45	9.1474	24.243	31.3543	79.91152	7.52636	4.435	0.1147
6	58	c	9/9/2004	19:22	-151.65	59.54167	86	59	58.44	9.1448	24.246	31.3576	80.08246	7.54273	4.428	0.103
6	58	c	9/9/2004	19:22	-151.65	59.54167	86	60	59.431	9.1394	24.2497	31.3613	80.06879	7.54218	4.4313	0.1095
6	58	c	9/9/2004	19:22	-151.65	59.54167	86	61	60.421	9.1274	24.2584	31.37	80.11946	7.54857	4.4347	0.1004
6	58	c	9/9/2004	19:22	-151.65	59.54167	86	62	61.411	9.1131	24.2654	31.3761	80.0324	7.5425	4.4485	0.1031
6	58	c	9/9/2004	19:22	-151.65	59.54167	86	63	62.402	9.1067	24.2663	31.376	79.84728	7.52615	4.4402	0.1016
6	58	c	9/9/2004	19:22	-151.65	59.54167	86	64	63.392	9.0819	24.2686	31.3741	79.51335	7.49895	4.4258	0.0982
6	58	c	9/9/2004	19:22	-151.65	59.54167	86	65	64.382	9.0557	24.2728	31.3743	79.25588	7.47906	4.3968	0.0951
6	58	c	9/9/2004	19:22	-151.65	59.54167	86	66	65.373	9.052	24.2737	31.3747	79.10378	7.46532	4.3989	0.0909
6	58	c	9/9/2004	19:22	-151.65	59.54167	86	67	66.363	9.0482	24.2747	31.3752	78.98145	7.45438	4.3978	0.0861
6	58	c	9/9/2004	19:22	-151.65	59.54167	86	68	67.353	9.0434	24.2754	31.3751	78.97542	7.45463	4.398	0.0871
6	58	c	9/9/2004	19:22	-151.65	59.54167	86	69	68.344	9.0428	24.2756	31.3752	78.8035	7.43849	4.3959	0.0893
6	58	c	9/9/2004	19:22	-151.65	59.54167	86	70	69.334	9.0426	24.2758	31.3754	78.86765	7.44458	4.3993	0.0875
6	58	c	9/9/2004	19:22	-151.65	59.54167	86	71	70.324	9.0416	24.2763	31.3758	78.7376	7.43245	4.393	0.0879
6	58	c	9/9/2004	19:22	-151.65	59.54167	86	72	71.314	9.039	24.2768	31.376	78.70285	7.4296	4.3943	0.0869
6	58	c	9/9/2004	19:22	-151.65	59.54167	86	73	72.305	9.0379	24.2769	31.3758	78.74441	7.43372	4.3995	0.0874
6	58	c	9/9/2004	19:22	-151.65	59.54167	86	74	73.295	9.0347	24.2775	31.376	78.78945	7.4385	4.3999	0.0884
6	58	c	9/9/2004	19:22	-151.65	59.54167	86	75	74.285	9.0348	24.2779	31.3764	78.72484	7.43235	4.4023	0.0899
6	58	c	9/9/2004	19:22	-151.65	59.54167	86	76	75.276	9.0354	24.2785	31.3774	78.76221	7.43573	4.3966	0.0875
6	58	c	9/9/2004	19:22	-151.65	59.54167	86	77	76.266	9.0359	24.2794	31.3785	78.71627	7.43125	4.3895	0.088
6	58	c	9/9/2004	19:22	-151.65	59.54167	86	78	77.256	9.0362	24.2802	31.3796	78.76354	7.43561	4.3829	0.0906
6	59	c	9/9/2004	18:54	-151.65	59.55833	76	1	0.991	12.4228	22.5357	29.8765	99.29389	8.78814	3.7707	0.6001
6	59	c	9/9/2004	18:54	-151.65	59.55833	76	2	1.981	11.857	22.7898	30.0709	108.05888	9.66714	3.6887	0.9147
6	59	c	9/9/2004	18:54	-151.65	59.55833	76	3	2.972	11.1661	23.2301	30.4809	110.74776	10.0311	3.3941	1.9001
6	59	c	9/9/2004	18:54	-151.65	59.55833	76	4	3.963	10.6283	23.5846	30.8179	109.18172	9.98449	3.1252	2.9569
6	59	c	9/9/2004	18:54	-151.65	59.55833	76	5	4.953	10.4091	23.7184	30.9427	107.76219	9.89437	3.1988	3.1202
6	59	c	9/9/2004	18:54	-151.65	59.55833	76	6	5.944	10.3419	23.7451	30.9626	105.83276	9.73037	3.2397	3.3957
6	59	c	9/9/2004	18:54	-151.65	59.55833	76	7	6.935	10.2902	23.7678	30.9807	104.61389	9.62817	3.2896	3.3165
6	59	c	9/9/2004	18:54	-151.65	59.55833	76	8	7.925	10.2476	23.7907	31.0011	103.29526	9.51452	3.3273	3.2053
6	59	c	9/9/2004	18:54	-151.65	59.55833	76	9	8.916	10.1555	23.8298	31.0316	99.20925	9.15493	3.3629	2.7674
6	59	c	9/9/2004	18:54	-151.65	59.55833	76	10	9.906	10.074	23.8606	31.054	95.6443	8.84066	3.5429	2.2212
6	59	c	9/9/2004	18:54	-151.65	59.55833	76	11	10.897	9.9746	23.8901	31.0711	91.4459	8.47031	3.6439	1.7638
6	59	c	9/9/2004	18:54	-151.65	59.55833	76	12	11.888	9.9188	23.9084	31.0829	89.94702	8.34119	3.7687	1.6225
6	59	c	9/9/2004	18:54	-151.65	59.55833	76	13	12.878	9.9015	23.9142	31.0867	88.48594	8.20864	3.8193	1.471
6	59	c	9/9/2004	18:54	-151.65	59.55833	76	14	13.869	9.85	23.9311	31.0977	85.65742	7.95476	3.8961	1.2463
6	59	c	9/9/2004	18:54	-151.65	59.55833	76	15	14.859	9.753	23.9614	31.1165	82.50431	7.67759	4.005	0.8305
6	59	c	9/9/2004	18:54	-151.65	59.55833	76	16	15.85	9.7156	23.9735	31.1243	81.37109	7.57808	4.1029	0.7688
6	59	c	9/9/2004	18:54	-151.65	59.55833	76	17	16.84	9.713	23.9742	31.1247	80.60009	7.50669	4.1332	0.7274
6	59	c	9/9/2004	18:54	-151.65	59.55833	76	18	17.831	9.6829	23.9837	31.1307	79.22653	7.38343	4.1751	0.5168
6	59	c	9/9/2004	18:54	-151.65	59.55833	76	19	18.822	9.6069	24.0131	31.1529	78.40605	7.31833	4.2675	0.2978
6	59	c	9/9/2004	18:54	-151.65	59.55833	76	20	19.812	9.5793	24.0277	31.1659	78.12426	7.29591	4.346	0.3112
6	59	c	9/9/2004	18:54	-151.65	59.55833	76	21	20.803	9.5723	24.0318	31.1697	78.04773	7.28972	4.3411	0.2831
6	59	c	9/9/2004	18:54	-151.65	59.55833	76	22	21.793	9.5601	24.0362	31.1729	77.0238	7.1959	4.3475	0.2519
6	59	c	9/9/2004	18:54	-151.65	59.55833	76	23	22.784	9.5314	24.0483	31.1825	76.09329	7.1131	4.3709	0.1896
6	59	c	9/9/2004	18:54	-151.65	59.55833	76	24	23.774	9.5107	24.0579	31.1906	75.64551	7.07414	4.3731	0.1744
6	59	c	9/9/2004	18:54	-151.65	59.55833	76	25	24.765	9.4905	24.0668	31.198	75.58204	7.07108	4.3895	0.1796
6	59	c	9/9/2004	18:54	-151.65	59.55833	76	26	25.755	9.4739	24.0745	31.2044	75.43716	7.05984	4.3993	0.1574
6	59	c	9/9/2004	18:54	-151.65	59.55833	76	27	26.746	9.4483	24.0873	31.2157	75.19415	7.04063	4.396	0.1444
6	59	c	9/9/2004	18:54	-151.65	59.55833	76	28	27.736	9.422	24.0996	31.2261	75.15931	7.04105	4.3899	0.1452
6	59	c	9/9/2004	18:54	-151.65	59.55833	76	29	28.727	9.4021	24.1096	31.2349	75.05412	7.03394	4.4011	0.1401
6	59	c	9/9/2004	18:54	-151.65	59.55833	76	30	29.717	9.3987	24.1114	31.2364	75.0208	7.03128	4.4072	0.1257
6	59	c	9/9/2004	18:54	-151.65	59.55833	76	31	30.708	9.3926	24.1145	31.2392	74.91371	7.02207	4.4025	0.1402
6	59	c	9/9/2004	18:54	-151.65	59.55833	76	32	31.698	9.3906	24.116	31.2408	74.97919	7.02846	4.397	0.1392
6	59	c	9/9/2004	18:54	-151.65	59.55833	76	33	32.689	9.3805	24.1204	31.2443	74.92139	7.02448	4.4014	0.1315
6	59	c	9/9/2004	18:54	-151.65	59.55833	76	34	33.679	9.3665	24.1269	31.2497	74.84333	7.0191	4.4096	0.1325
6	59	c	9/9/2004	18:54	-151.65	59.55833	76	35	34.67	9.3319	24.1432	31.2637	74.7752	7.01753	4.4042	0.1207
6	59	c	9/9/2004	18:54	-151.65	59.55833	76	36	35.66	9.3154	24.1518	31.2715	74.87826	7.02945	4.4255	0.1202
6	59	c	9/9/2004	18:54	-151.65	59.55833	76	37	36.651	9.3044	24.1573	31.2763	74.80766	7.02435	4.4266	0.122
6	59	c	9/9/2004	18:54	-151.65	59.55833	76	38	37.641	9.289	24.1653	31.2834	74.83634	7.02914	4.4301	0.1177
6	59	c	9/9/2004	18:54	-151.65	59.55833	76	39	38.632	9.2836	24.1683	31.2861	74.86677	7.03274	4.4337	0.1128
6	59	c	9/9/2004	18:54	-151.65	59.55833	76	40	39.622	9.2758	24.1727	31.2902	74.80516	7.02799	4.4304	0.1145
6	59	c	9/9/2004	18:54	-151.65	59.55833	76	41	40.613	9.2538	24.1815	31.297	74.69062	7.0204	4.4308	0.1071
6	59	c	9/9/2004	18:54	-151.65	59.55833	76	42	41.603	9.2456	24.1852	31.3002	74.60999	7.01396	4.4253	0.1094
6	59	c	9/9/2004	18:54	-151.65	59.55833	76	43	42.593	9.2282	24.1929	31.3065	74.54071	7.00991	4.433	0.1036
6	59	c	9/9/2004	18:54	-151.65	59.55833	76	44	43.584	9.2065	24.2036	31.3159	74.55058	7.01384	4.4337	0.1016
6	59	c	9/9/2004	18:54	-151.65	59.55833	76	45	44.574	9.1729	24.2269	31.339	74.72639	7.03466	4.4348	0.1013
6	59	c	9/9/2004	18:54	-151.65	59.55833	76	46	45.565	9.1586	24.2413	31.3546	74.85719	7.04853	4.4472	0.1047
6	59	c	9/9/2004	18:54	-151.65	59.55833	76	47	46.555	9.13	24.253	31.3639	74.71938	7.03965	4.4614	0.1027
6	59	c	9/9/2004	18:54	-151.65	59.55833	76	48	47.546	9.1141	24.26	31.3697	74.59005	7.02972	4.4421	0.0965
6	59	c	9/9/2004	18:54	-151.65	59.55833	76	49	48.536	9.1038	24.2626	31.371	74.38781	7.01224	4.4298	0.0944
6	59	c	9/9/2004	18:54	-151.65	59.55833	76	50	49.526	9.0942	24.2642	31.3711	74.35759	7.0109	4.4189	0.1007
6	59	c	9/9/2004	18:54	-151.65	59.55833	76	51	50.517	9.086	24.2652	31.3708	74.32076	7.00872	4.4158	0.0992
6	59	c	9/9/2004	18:54	-151.65	59.55833	76	52	51.507	9.0839	24.2659	31.3712	74.35206	7.01199	4.4106	0.0934
6	59	c	9/9/2004	18:54	-151.65	59.55833	76	53	52.498	9.0819	24.2662	31.3712	74.32778	7.01001	4.4123	0.0915
6	59	c	9/9/2004	18:54	-151.65	59.55833	76	54	53.488	9.0792	24.2667	31.3713	74.31081	7.00884	4.4081	0.0906
6	59	c	9/9/2004	18:54	-151.65	59.55833	76	55	54.479	9.0762	24.2676	31.3718	74.18372	6.99731	4.408	0.0949
6	59	c	9/9/2004	18:54	-151.65	59.55833	76	56	55.469	9.0746	24.2682	31.3722	74.08661	6.98837	4.4129	0.0973
6	59	c	9/9/2004	18:54	-151.65	59.55833	76	57	56.459	9.0746	24.2685	31.3727	74.22721	7.00162	4.4116	0.0955
6	59	c	9/9/2004	18:54	-151.65	59.55833	76	58	57.45	9.074	24.2688	31.3729	74.1769	6.99696	4.4058	0.0936
6	59	c	9/9/2004	18:54	-151.65	59.55833	76	59	58.44	9.0659	24.2704	31.3734	74.15551	6.99619	4.4099	0.0926
6	59	c	9/9/2004	18:54	-151.65	59.55833	76	60	59.43	9.0607	24.2721	31.3745	74.07007	6.9889	4.417	0.0929
6	59	c	9/9/2004	18:54	-151.65	59.55833	76	61	60.421	9.0559	24.2731	31.3748	74.15491	6.99766	4.4169	0.1011
6	59	c	9/9/2004	18:54	-151.65	59.55833	76	62	61.411	9.0526	24.2754	31.3771	74.6843	7.04803	4.4187	0.0894
6	59	c	9/9/2004	18:54	-151.65	59.55833	76	63	62.402	9.0501	24.2764	31.3778	75.3414	7.11041	4.419	0.0926
6	59	c	9/9/2004	18:54	-151.65	59.55833	76	64	63.392	9.0423	24.2774	31.3775	75.6665	7.14236	4.4159	0.0886
6	59	c	9/9/2004	18:54	-151.65	59.55833	76	65	64.382	9.0369	24.278	31.3772	75.99144	7.17391	4.4111	0.0922
6	59	c	9/9/2004	18:54	-151.65	59.55833	76	66	65.373	9.0348	24.2783	31.3772	76.29064	7.20251	4.4109	0.0896
6	59	c	9/9/2004	18:54	-151.65	59.55833	76	67	66.363	9.0285	24.2792	31.3771	76.61457	7.23412	4.4068	0.0869
6	59	c	9/9/2004	18:54	-151.65	59.55833	76	68	67.353	9.0236	24.2813	31.3788	77.01666	7.27281	4.4063	0.0911
6	59	c	9/9/2004	18:54	-151.65	59.55833	76	69	68.344	9.0274	24.283	31.3817	78.40001	7.40267	4.3974	0.0861
6	61	c	9/9/2004	18:34	-151.65	59.59167	33	1	0.99	11.2726	22.549	29.6277	115.90816	10.53032	3.045	0.9806
6	61	c	9/9/2004	18:34	-151.65	59.59167	33	2	1.981	11.202	22.7053	29.8132	114.23231	10.38188	3.067	1.3851
6	61	c	9/9/2004	18:34	-151.65	59.59167	33	3	2.972	10.9607	23.2621	30.4762	111.34754	10.13055	2.9996	2.606
6	61	c	9/9/2004	18:34	-151.65	59.59167	33	4	3.963	10.8818	23.3579	30.582	108.63599	9.89436	2.8807	2.961
6	61	c	9/9/2004	18:34	-151.65	59.59167	33	5	4.953	10.8455	23.3806	30.6032	104.74524	9.54618	2.7983	4.3154
6	61	c	9/9/2004	18:34	-151.65	59.59167	33	6	5.944	10.7211	23.4543	30.6707	91.39182	8.34796	2.2917	4.0889
6	61	c	9/9/2004	18:34	-151.65	59.59167	33	7	6.934	10.4613	23.5822	30.779	81.11176	7.44607	2.777	1.6653
6	61	c	9/9/2004	18:34	-151.65	59.59167	33	8	7.925	10.1058	23.7322	30.8961	76.73447	7.09485	3.6728	0.4457
6	61	c	9/9/2004	18:34	-151.65	59.59167	33	9	8.916	9.9673	23.7909	30.9425	75.16522	6.96912	4.0284	0.2487
6	61	c	9/9/2004	18:34	-151.65	59.59167	33	10	9.906	9.8995	23.8358	30.9859	74.3426	6.90133	4.1136	0.179
6	61	c	9/9/2004	18:34	-151.65	59.59167	33	11	10.897	9.8636	23.858	31.0069	74.04552	6.87832	4.1352	0.1509
6	61	c	9/9/2004	18:34	-151.65	59.59167	33	12	11.888	9.8154	23.8828	31.0287	74.49999	6.92701	4.1651	0.1497
6	61	c	9/9/2004	18:34	-151.65	59.59167	33	13	12.878	9.7972	23.8973	31.0436	76.3442	7.10066	4.2048	0.2566
6	61	c	9/9/2004	18:34	-151.65	59.59167	33	14	13.869	9.7823	23.9079	31.054	75.85646	7.05717	4.2389	0.2294
6	61	c	9/9/2004	18:34	-151.65	59.59167	33	15	14.859	9.7496	23.9218	31.0651	75.03623	6.98546	4.2401	0.1518
6	61	c	9/9/2004	18:34	-151.65	59.59167	33	16	15.85	9.7365	23.9277	31.0699	74.68277	6.95436	4.2497	0.1347
6	61	c	9/9/2004	18:34	-151.65	59.59167	33	17	16.84	9.7321	23.9299	31.0719	74.57766	6.94517	4.2437	0.1329
6	61	c	9/9/2004	18:34	-151.65	59.59167	33	18	17.831	9.7298	23.9314	31.0733	74.81704	6.96776	4.2488	0.1253
6	61	c	9/9/2004	18:34	-151.65	59.59167	33	19	18.822	9.7193	23.9388	31.0807	75.30742	7.01474	4.2618	0.1322
6	61	c	9/9/2004	18:34	-151.65	59.59167	33	20	19.812	9.7145	23.942	31.0837	75.72665	7.0544	4.2685	0.1377
6	61	c	9/9/2004	18:34	-151.65	59.59167	33	21	20.803	9.6975	23.9554	31.0974	77.78959	7.24871	4.2825	0.2405
6	61	c	9/9/2004	18:34	-151.65	59.59167	33	22	21.793	9.65	23.991	31.1333	78.00376	7.27468	4.299	0.418
6	61	c	9/9/2004	18:34	-151.65	59.59167	33	23	22.784	9.6122	24.0103	31.1502	78.16864	7.29543	4.2922	0.2873
6	61	c	9/9/2004	18:34	-151.65	59.59167	33	24	23.774	9.5766	24.0343	31.1738	78.40719	7.32241	4.3559	0.2546
6	61	c	9/9/2004	18:34	-151.65	59.59167	33	25	24.765	9.5359	24.0571	31.1947	77.02242	7.19866	4.383	0.1933
6	61	c	9/9/2004	18:34	-151.65	59.59167	33	26	25.755	9.488	24.079	31.213	76.64349	7.17009	4.4002	0.1835
6	61	c	9/9/2004	18:34	-151.65	59.59167	33	27	26.746	9.4626	24.0944	31.2276	76.87491	7.19515	4.3976	0.1986
6	61	c	9/9/2004	18:34	-151.65	59.59167	33	28	27.736	9.4365	24.1036	31.2342	76.35189	7.15007	4.3755	0.1723
6	61	c	9/9/2004	18:34	-151.65	59.59167	33	29	28.727	9.4096	24.1112	31.2384	75.98054	7.11939	4.264	0.1526
6	61	c	9/9/2004	18:34	-151.65	59.59167	33	30	29.717	9.3964	24.1148	31.2404	75.22822	7.05089	4.2028	0.1497
6	61	c	9/9/2004	18:34	-151.65	59.59167	33	31	30.708	9.3854	24.1169	31.2409	74.99123	7.0304	4.0802	0.1392
6	61	c	9/9/2004	18:34	-151.65	59.59167	33	32	31.698	9.3798	24.1192	31.2427	74.94377	7.02675	3.9839	0.1429
6	61	c	9/9/2004	18:34	-151.65	59.59167	33	33	32.689	9.3789	24.1234	31.2478	75.13554	7.04465	3.9737	0.1389
6	62	c	9/9/2004	18:21	-151.65	59.60833	27	1	0.991	11.5159	21.3879	28.1858	107.61589	9.81413	3.2114	0.5613
6	62	c	9/9/2004	18:21	-151.65	59.60833	27	2	1.981	11.3194	21.5937	28.4075	109.97196	10.05784	3.1496	0.7331
6	62	c	9/9/2004	18:21	-151.65	59.60833	27	3	2.972	11.2233	21.8327	28.6943	108.6364	9.9385	3.0989	0.8421
6	62	c	9/9/2004	18:21	-151.65	59.60833	27	4	3.963	11.0966	22.1304	29.0499	110.41449	10.10636	3.2921	0.9324
6	62	c	9/9/2004	18:21	-151.65	59.60833	27	5	4.953	11.1801	22.7204	29.8277	111.71349	10.15695	3.1692	1.5789
6	62	c	9/9/2004	18:21	-151.65	59.60833	27	6	5.944	11.2253	23.0226	30.2268	105.08438	9.52085	3.0844	1.7746
6	62	c	9/9/2004	18:21	-151.65	59.60833	27	7	6.934	10.8668	23.3261	30.5379	96.20597	8.767	3.1579	3.3559
6	62	c	9/9/2004	18:21	-151.65	59.60833	27	8	7.925	10.5632	23.5069	30.7041	84.39616	7.73375	2.9695	2.0177
6	62	c	9/9/2004	18:21	-151.65	59.60833	27	9	8.916	10.2594	23.6627	30.8393	77.62693	7.15555	3.5967	0.5167
6	62	c	9/9/2004	18:21	-151.65	59.60833	27	10	9.906	10.1444	23.7211	30.8898	75.68963	6.9926	3.9679	0.2767
6	62	c	9/9/2004	18:21	-151.65	59.60833	27	11	10.897	10.0778	23.7544	30.9185	74.83143	6.92225	4.0007	0.2184
6	62	c	9/9/2004	18:21	-151.65	59.60833	27	12	11.887	10.0308	23.7765	30.937	74.39733	6.88847	4.009	0.19
6	62	c	9/9/2004	18:21	-151.65	59.60833	27	13	12.878	9.9965	23.7916	30.9493	74.15924	6.8711	4.0304	0.1804
6	62	c	9/9/2004	18:21	-151.65	59.60833	27	14	13.869	9.9553	23.8105	30.965	73.92547	6.85502	4.0653	0.1426
6	62	c	9/9/2004	18:21	-151.65	59.60833	27	15	14.859	9.9066	23.835	30.9862	73.69026	6.83968	4.0962	0.1267
6	62	c	9/9/2004	18:21	-151.65	59.60833	27	16	15.85	9.856	23.8622	31.0106	73.58266	6.83631	4.1119	0.1161
6	62	c	9/9/2004	18:21	-151.65	59.60833	27	17	16.84	9.8286	23.8767	31.0235	73.45026	6.82761	4.136	0.1068
6	62	c	9/9/2004	18:21	-151.65	59.60833	27	18	17.831	9.7931	23.895	31.0396	73.51669	6.83847	4.1595	0.0973
6	62	c	9/9/2004	18:21	-151.65	59.60833	27	19	18.822	9.7868	23.898	31.0421	73.70564	6.85691	4.174	0.0986
6	62	c	9/9/2004	18:21	-151.65	59.60833	27	20	19.812	9.7707	23.9066	31.0499	74.20269	6.90528	4.1824	0.1005
6	62	c	9/9/2004	18:21	-151.65	59.60833	27	21	20.803	9.7278	23.9303	31.0714	75.82193	7.06177	4.2192	0.1587
6	62	c	9/9/2004	18:21	-151.65	59.60833	27	22	21.793	9.6244	23.9929	31.1305	74.40136	6.94278	4.2877	0.1928
6	62	c	9/9/2004	18:21	-151.65	59.60833	27	23	22.784	9.572	24.0211	31.1559	73.35764	6.85232	3.9157	0.1482
6	62	c	9/9/2004	18:21	-151.65	59.60833	27	24	23.774	9.5606	24.0255	31.1592	73.49722	6.86696	3.8325	0.1348
6	62	c	9/9/2004	18:21	-151.65	59.60833	27	25	24.765	9.5382	24.0359	31.168	73.78386	6.89681	3.8869	0.1461
6	62	c	9/9/2004	18:21	-151.65	59.60833	27	26	25.755	9.5304	24.0396	31.1712	73.92242	6.91082	3.933	0.1525
6	62	c	9/9/2004	18:21	-151.65	59.60833	27	27	26.746	9.5217	24.0431	31.1738	73.59763	6.88168	3.9639	0.136
6	63	c	9/9/2004	18:06	-151.65	59.625	25	1	0.991	11.2447	21.1868	27.867	104.36675	9.59326	3.164	0.6637
6	63	c	9/9/2004	18:06	-151.65	59.625	25	2	1.981	11.2318	21.1827	27.8588	104.22927	9.58382	3.1791	0.6714
6	63	c	9/9/2004	18:06	-151.65	59.625	25	3	2.972	11.1818	21.331	28.039	104.37784	9.59707	3.1982	0.6916
6	63	c	9/9/2004	18:06	-151.65	59.625	25	4	3.962	11.1963	21.7549	28.5881	104.16955	9.54195	3.2869	0.6991
6	63	c	9/9/2004	18:06	-151.65	59.625	25	5	4.953	10.9471	22.0827	28.9559	100.81746	9.26359	3.3681	0.8124
6	63	c	9/9/2004	18:06	-151.65	59.625	25	6	5.944	10.901	22.5254	29.5155	96.7912	8.8718	3.3586	1.6089
6	63	c	9/9/2004	18:06	-151.65	59.625	25	7	6.934	11.0164	23.1102	30.2931	85.00257	7.73323	3.2552	1.9414
6	63	c	9/9/2004	18:06	-151.65	59.625	25	8	7.925	10.6016	23.5561	30.7757	77.62771	7.10479	3.4762	1.1184
6	63	c	9/9/2004	18:06	-151.65	59.625	25	9	8.915	10.36	23.6797	30.8824	75.6214	6.95346	3.7361	0.6551
6	63	c	9/9/2004	18:06	-151.65	59.625	25	10	9.906	10.3157	23.7165	30.9202	74.30189	6.83717	3.8887	0.4976
6	63	c	9/9/2004	18:06	-151.65	59.625	25	11	10.897	10.2533	23.7407	30.938	73.91235	6.80994	3.9207	0.4327
6	63	c	9/9/2004	18:06	-151.65	59.625	25	12	11.888	10.2083	23.7616	30.9553	73.00895	6.73263	3.953	0.3515
6	63	c	9/9/2004	18:06	-151.65	59.625	25	13	12.878	10.1266	23.7825	30.9648	72.72234	6.71794	3.9657	0.2516
6	63	c	9/9/2004	18:06	-151.65	59.625	25	14	13.869	10.0728	23.8007	30.9768	73.28562	6.77752	3.9863	0.2333
6	63	c	9/9/2004	18:06	-151.65	59.625	25	15	14.859	10.0314	23.8062	30.9753	73.57016	6.81015	4.0233	0.2256
6	63	c	9/9/2004	18:06	-151.65	59.625	25	16	15.85	9.9668	23.8215	30.9814	73.63111	6.82527	4.0381	0.2043
6	63	c	9/9/2004	18:06	-151.65	59.625	25	17	16.84	9.9309	23.8356	30.992	73.67341	6.83418	4.0484	0.1678
6	63	c	9/9/2004	18:06	-151.65	59.625	25	18	17.831	9.8898	23.8514	31.0037	73.79262	6.85098	4.0544	0.1496
6	63	c	9/9/2004	18:06	-151.65	59.625	25	19	18.822	9.8678	23.8666	31.0187	73.74711	6.84945	4.0788	0.1309
6	63	c	9/9/2004	18:06	-151.65	59.625	25	20	19.812	9.8548	23.8764	31.0285	73.51801	6.8297	4.1011	0.1191
6	63	c	9/9/2004	18:06	-151.65	59.625	25	21	20.803	9.8443	23.8846	31.0368	73.12579	6.7945	4.1055	0.1385
6	63	c	9/9/2004	18:06	-151.65	59.625	25	22	21.794	9.8389	23.8913	31.0443	71.82015	6.67367	4.0805	0.1266
6	63	c	9/9/2004	18:06	-151.65	59.625	25	23	22.784	9.8398	23.8969	31.0516	70.67396	6.56673	3.9661	0.1311
6	63	c	9/9/2004	18:06	-151.65	59.625	25	24	23.774	9.8317	23.904	31.059	69.89751	6.49545	3.8522	0.1324
6	64	c	9/9/2004	17:54	-151.65	59.64167	10	1	0.991	11.2176	21.5373	28.3126	104.09996	9.54758	3.3062	0.6436
6	64	c	9/9/2004	17:54	-151.65	59.64167	10	2	1.981	11.198	21.473	28.2255	104.38714	9.58325	3.3016	0.6626
6	64	c	9/9/2004	17:54	-151.65	59.64167	10	3	2.972	11.2136	21.7992	28.649	105.63957	9.66913	3.3239	0.6957
6	64	c	9/9/2004	17:54	-151.65	59.64167	10	4	3.963	11.2181	21.9009	28.781	106.06295	9.69888	3.3665	0.706
6	64	c	9/9/2004	17:54	-151.65	59.64167	10	5	4.953	11.257	22.0132	28.9341	106.51643	9.7227	3.3745	0.7201
6	64	c	9/9/2004	17:54	-151.65	59.64167	10	6	5.944	11.1979	22.3006	29.2912	100.16066	9.1346	3.4782	0.8785
6	64	c	9/9/2004	17:54	-151.65	59.64167	10	7	6.935	10.8826	23.2784	30.48	79.93232	7.28387	3.4946	0.6399
6	64	c	9/9/2004	17:54	-151.65	59.64167	10	8	7.925	10.6101	23.5459	30.7642	73.51202	6.7277	3.9611	0.3461
6	64	c	9/9/2004	17:54	-151.65	59.64167	10	9	8.916	10.6147	23.5391	30.7565	71.88219	6.57801	4.0237	0.3502
