Cruise	Station	Type	mon/day/yr	hh:mm	Lon (E)	Lat (N)	Bot. Depth [m]	Press	Depth [m]	Sigma	Salinity [psu]	oxper [%]	oxconc	Temperature [C]	tran [v]	fluor [v]
5	55	c	8/18/2004	4:09	-151.65	59.49167	20	1	0.99	23.7161	30.9847	84.09103	7.68376	10.6171	3.8531	0.3594
5	55	c	8/18/2004	4:09	-151.65	59.49167	20	2	1.981	23.7354	30.9957	83.73909	7.66176	10.5533	3.849	0.3653
5	55	c	8/18/2004	4:09	-151.65	59.49167	20	3	2.972	23.7461	31.003	83.50037	7.64447	10.5241	3.8456	0.3532
5	55	c	8/18/2004	4:09	-151.65	59.49167	20	4	3.963	23.7501	31.0055	83.38646	7.63592	10.5121	3.8515	0.344
5	55	c	8/18/2004	4:09	-151.65	59.49167	20	5	4.953	23.7624	31.0123	83.13427	7.6195	10.4703	3.855	0.3492
5	55	c	8/18/2004	4:09	-151.65	59.49167	20	6	5.944	23.7715	31.0178	83.05034	7.61632	10.4417	3.8544	0.3665
5	55	c	8/18/2004	4:09	-151.65	59.49167	20	7	6.934	23.772	31.0189	83.07421	7.61819	10.4434	3.8515	0.3473
5	55	c	8/18/2004	4:09	-151.65	59.49167	20	8	7.925	23.7705	31.0174	82.83678	7.5961	10.4457	3.8611	0.3729
5	55	c	8/18/2004	4:09	-151.65	59.49167	20	9	8.916	23.7723	31.018	82.55853	7.57188	10.4377	3.8492	0.3376
5	55	c	8/18/2004	4:09	-151.65	59.49167	20	10	9.906	23.7768	31.0204	82.63142	7.58098	10.4225	3.8556	0.3481
5	55	c	8/18/2004	4:09	-151.65	59.49167	20	11	10.897	23.7802	31.0226	82.72489	7.59118	10.4122	3.8646	0.3619
5	55	c	8/18/2004	4:09	-151.65	59.49167	20	12	11.888	23.7818	31.0231	82.74595	7.59427	10.4051	3.8626	0.3249
5	55	c	8/18/2004	4:09	-151.65	59.49167	20	13	12.878	23.7838	31.0246	82.66849	7.58793	10.4001	3.8535	0.3275
5	55	c	8/18/2004	4:09	-151.65	59.49167	20	14	13.869	23.7842	31.0244	82.54896	7.57742	10.3974	3.8576	0.3344
5	55	c	8/18/2004	4:09	-151.65	59.49167	20	15	14.859	23.7904	31.0274	82.33137	7.56109	10.3746	3.8583	0.3127
5	55	c	8/18/2004	4:09	-151.65	59.49167	20	16	15.85	23.7927	31.0294	82.23629	7.55307	10.3698	3.8615	0.3271
5	55	c	8/18/2004	4:09	-151.65	59.49167	20	17	16.84	23.7944	31.03	82.31437	7.56144	10.3624	3.8679	0.3202
5	55	c	8/18/2004	4:09	-151.65	59.49167	20	18	17.831	23.795	31.0307	82.35477	7.5651	10.3625	3.8592	0.3592
5	55	c	8/18/2004	4:09	-151.65	59.49167	20	19	18.822	23.7936	31.0295	82.23349	7.55349	10.3656	3.8611	0.3426
5	55	c	8/18/2004	4:09	-151.65	59.49167	20	20	19.812	23.7946	31.0302	82.18735	7.5497	10.3628	3.8485	0.3009
5	56	c	8/18/2004	4:21	-151.65	59.50833	100	1	0.991	23.4985	30.8459	92.34097	8.32851	11.2542	3.7178	0.7678
5	56	c	8/18/2004	4:21	-151.65	59.50833	100	2	1.981	23.5449	30.869	91.91122	8.31789	11.0914	3.7274	0.7351
5	56	c	8/18/2004	4:21	-151.65	59.50833	100	3	2.972	23.5576	30.8792	91.37803	8.27402	11.064	3.7122	0.7298
5	56	c	8/18/2004	4:21	-151.65	59.50833	100	4	3.963	23.5706	30.8846	90.55792	8.20855	11.0132	3.7542	0.7758
5	56	c	8/18/2004	4:21	-151.65	59.50833	100	5	4.953	23.5921	30.8969	89.72245	8.14452	10.9436	3.7359	0.7125
5	56	c	8/18/2004	4:21	-151.65	59.50833	100	6	5.944	23.606	30.905	87.86067	7.98264	10.9002	3.7453	0.5792
5	56	c	8/18/2004	4:21	-151.65	59.50833	100	7	6.935	23.6405	30.9244	86.12778	7.84362	10.7869	3.7957	0.454
5	56	c	8/18/2004	4:21	-151.65	59.50833	100	8	7.925	23.6819	30.9472	84.8185	7.74678	10.648	3.8611	0.4408
5	56	c	8/18/2004	4:21	-151.65	59.50833	100	9	8.916	23.7236	30.9726	83.96756	7.68988	10.5172	3.8883	0.3665
5	56	c	8/18/2004	4:21	-151.65	59.50833	100	10	9.906	23.7368	30.9811	83.45899	7.64943	10.4783	3.9001	0.3744
5	56	c	8/18/2004	4:21	-151.65	59.50833	100	11	10.897	23.7489	30.9873	82.85669	7.60111	10.4352	3.9161	0.3235
5	56	c	8/18/2004	4:21	-151.65	59.50833	100	12	11.887	23.77	31.0006	81.59175	7.4951	10.3706	3.9231	0.3029
5	56	c	8/18/2004	4:21	-151.65	59.50833	100	13	12.878	23.8104	31.0228	80.73535	7.43811	10.2317	3.9302	0.2455
5	56	c	8/18/2004	4:21	-151.65	59.50833	100	14	13.869	23.8378	31.0422	80.42798	7.42107	10.1573	3.9297	0.2914
5	56	c	8/18/2004	4:21	-151.65	59.50833	100	15	14.859	23.8463	31.0485	80.42235	7.42392	10.135	3.931	0.2722
5	56	c	8/18/2004	4:21	-151.65	59.50833	100	16	15.85	23.8516	31.0519	80.34046	7.41869	10.1198	3.9206	0.2652
5	56	c	8/18/2004	4:21	-151.65	59.50833	100	17	16.841	23.8543	31.0537	80.3367	7.41953	10.1121	3.9272	0.2651
5	56	c	8/18/2004	4:21	-151.65	59.50833	100	18	17.831	23.863	31.0607	80.31879	7.42087	10.0918	3.9211	0.2694
5	56	c	8/18/2004	4:21	-151.65	59.50833	100	19	18.821	23.8698	31.0662	80.28928	7.4204	10.0765	3.9228	0.2575
5	56	c	8/18/2004	4:21	-151.65	59.50833	100	20	19.812	23.8773	31.0717	80.15741	7.41113	10.0571	3.9409	0.3046
5	56	c	8/18/2004	4:21	-151.65	59.50833	100	21	20.803	23.8833	31.0755	80.18116	7.41623	10.0384	3.9279	0.2788
5	56	c	8/18/2004	4:21	-151.65	59.50833	100	22	21.793	23.8852	31.0766	80.15014	7.41421	10.0328	3.9359	0.2711
5	56	c	8/18/2004	4:21	-151.65	59.50833	100	23	22.784	23.8871	31.0778	80.10297	7.41089	10.0262	3.9355	0.2648
5	56	c	8/18/2004	4:21	-151.65	59.50833	100	24	23.774	23.8882	31.0784	79.95124	7.39737	10.0228	3.9439	0.2538
5	56	c	8/18/2004	4:21	-151.65	59.50833	100	25	24.765	23.8885	31.0783	79.96652	7.39916	10.0206	3.9303	0.2776
5	56	c	8/18/2004	4:21	-151.65	59.50833	100	26	25.755	23.889	31.0784	79.92187	7.39543	10.0181	3.9358	0.2537
5	56	c	8/18/2004	4:21	-151.65	59.50833	100	27	26.746	23.8888	31.0784	80.01072	7.40342	10.0195	3.9367	0.2751
5	56	c	8/18/2004	4:21	-151.65	59.50833	100	28	27.736	23.8897	31.0787	80.09869	7.41217	10.0157	3.9377	0.2559
5	56	c	8/18/2004	4:21	-151.65	59.50833	100	29	28.727	23.8923	31.0804	80.06345	7.41017	10.0075	3.9411	0.2629
5	56	c	8/18/2004	4:21	-151.65	59.50833	100	30	29.717	23.8927	31.0808	79.92301	7.39719	10.0073	3.9373	0.2725
5	56	c	8/18/2004	4:21	-151.65	59.50833	100	31	30.708	23.8926	31.0806	79.93637	7.39848	10.007	3.9384	0.2758
5	56	c	8/18/2004	4:21	-151.65	59.50833	100	32	31.698	23.8945	31.0819	79.92232	7.39806	10.0013	3.9435	0.2334
5	56	c	8/18/2004	4:21	-151.65	59.50833	100	33	32.689	23.8949	31.0824	79.92106	7.39785	10.0017	3.9374	0.2925
5	56	c	8/18/2004	4:21	-151.65	59.50833	100	34	33.679	23.8946	31.0822	79.81237	7.38765	10.0026	3.9275	0.2698
5	56	c	8/18/2004	4:21	-151.65	59.50833	100	35	34.67	23.8964	31.0833	79.65149	7.37362	9.997	3.9359	0.2494
5	56	c	8/18/2004	4:21	-151.65	59.50833	100	36	35.66	23.9009	31.0862	79.78971	7.38854	9.9832	3.9332	0.2387
5	56	c	8/18/2004	4:21	-151.65	59.50833	100	37	36.651	23.9058	31.0894	79.71946	7.3843	9.9684	3.9367	0.2555
5	56	c	8/18/2004	4:21	-151.65	59.50833	100	38	37.641	23.9084	31.0911	79.49273	7.36447	9.9608	3.9557	0.2452
5	56	c	8/18/2004	4:21	-151.65	59.50833	100	39	38.632	23.9131	31.0914	78.95857	7.3193	9.9341	3.9323	0.2342
5	56	c	8/18/2004	4:21	-151.65	59.50833	100	40	39.622	23.9184	31.0904	78.78774	7.30967	9.8961	3.8516	0.2474
5	56	c	8/18/2004	4:21	-151.65	59.50833	100	41	40.613	23.9194	31.0912	78.86347	7.31702	9.8939	3.8312	0.2675
5	56	c	8/18/2004	4:21	-151.65	59.50833	100	42	41.603	23.9196	31.0925	78.80835	7.31103	9.8989	3.8056	0.278
5	56	c	8/18/2004	4:21	-151.65	59.50833	100	43	42.594	23.9218	31.0939	78.78086	7.30951	9.8922	3.8076	0.2615
5	56	c	8/18/2004	4:21	-151.65	59.50833	100	44	43.584	23.9218	31.0946	78.91384	7.32126	9.8956	3.8065	0.2725
5	56	c	8/18/2004	4:21	-151.65	59.50833	100	45	44.575	23.9214	31.0956	78.93472	7.32197	9.9028	3.8256	0.2697
5	56	c	8/18/2004	4:21	-151.65	59.50833	100	46	45.565	23.9211	31.0958	78.84	7.31268	9.9059	3.8328	0.2364
5	56	c	8/18/2004	4:21	-151.65	59.50833	100	47	46.555	23.9237	31.0967	78.96278	7.32592	9.8943	3.8383	0.2471
5	56	c	8/18/2004	4:21	-151.65	59.50833	100	48	47.546	23.9247	31.0974	78.99973	7.32974	9.8916	3.8185	0.2824
5	56	c	8/18/2004	4:21	-151.65	59.50833	100	49	48.536	23.9256	31.0979	78.89634	7.32056	9.8889	3.8236	0.259
5	56	c	8/18/2004	4:21	-151.65	59.50833	100	50	49.526	23.927	31.098	78.79889	7.31281	9.881	3.7969	0.2659
5	56	c	8/18/2004	4:21	-151.65	59.50833	100	51	50.517	23.9278	31.0971	78.59758	7.29572	9.8714	3.8002	0.2652
5	56	c	8/18/2004	4:21	-151.65	59.50833	100	52	51.507	23.9288	31.0968	78.52486	7.29021	9.8638	3.769	0.2508
5	56	c	8/18/2004	4:21	-151.65	59.50833	100	53	52.498	23.9291	31.0974	78.6354	7.30025	9.865	3.7509	0.275
5	56	c	8/18/2004	4:21	-151.65	59.50833	100	54	53.488	23.9298	31.0978	78.53884	7.29162	9.8629	3.7593	0.2646
5	56	c	8/18/2004	4:21	-151.65	59.50833	100	55	54.479	23.9314	31.0992	78.52263	7.2906	9.8595	3.7494	0.2512
5	56	c	8/18/2004	4:21	-151.65	59.50833	100	56	55.469	23.9323	31.1001	78.4721	7.28596	9.8589	3.7248	0.251
5	56	c	8/18/2004	4:21	-151.65	59.50833	100	57	56.459	23.9327	31.1007	78.52028	7.29035	9.8593	3.7332	0.2519
5	56	c	8/18/2004	4:21	-151.65	59.50833	100	58	57.45	23.932	31.0999	78.53929	7.2921	9.8596	3.7404	0.287
5	56	c	8/18/2004	4:21	-151.65	59.50833	100	59	58.44	23.9367	31.1051	78.72839	7.30996	9.8562	3.7343	0.3106
5	56	c	8/18/2004	4:21	-151.65	59.50833	100	60	59.43	23.9402	31.1094	78.82258	7.31866	9.8553	3.7273	0.2968
5	56	c	8/18/2004	4:21	-151.65	59.50833	100	61	60.421	23.9405	31.1097	78.84777	7.32107	9.8548	3.7297	0.2743
5	56	c	8/18/2004	4:21	-151.65	59.50833	100	62	61.411	23.9405	31.1098	78.98051	7.33331	9.8552	3.7343	0.2821
5	56	c	8/18/2004	4:21	-151.65	59.50833	100	63	62.401	23.9466	31.1156	78.96368	7.33309	9.8453	3.7374	0.2962
5	56	c	8/18/2004	4:21	-151.65	59.50833	100	64	63.392	23.9489	31.1178	78.92321	7.3298	9.8418	3.7533	0.3129
5	56	c	8/18/2004	4:21	-151.65	59.50833	100	65	64.382	23.9506	31.1192	78.74446	7.31366	9.8386	3.7422	0.2766
5	56	c	8/18/2004	4:21	-151.65	59.50833	100	66	65.373	23.9541	31.1212	78.83637	7.3241	9.8263	3.765	0.3151
5	56	c	8/18/2004	4:21	-151.65	59.50833	100	67	66.363	23.9593	31.1248	78.845	7.32712	9.8117	3.6963	0.3363
5	56	c	8/18/2004	4:21	-151.65	59.50833	100	68	67.353	23.9577	31.1233	78.76244	7.31906	9.8145	3.6977	0.3091
5	56	c	8/18/2004	4:21	-151.65	59.50833	100	69	68.344	23.9611	31.1245	78.59198	7.30562	9.7993	3.6908	0.2862
5	56	c	8/18/2004	4:21	-151.65	59.50833	100	70	69.334	23.9629	31.1255	78.63679	7.31083	9.7926	3.6472	0.3187
5	56	c	8/18/2004	4:21	-151.65	59.50833	100	71	70.324	23.9631	31.1255	78.62702	7.31011	9.7915	3.6207	0.3249
5	56	c	8/18/2004	4:21	-151.65	59.50833	100	72	71.315	23.9635	31.1253	78.50774	7.29945	9.7889	3.6147	0.3179
5	56	c	8/18/2004	4:21	-151.65	59.50833	100	73	72.305	23.9638	31.1256	78.42695	7.29198	9.7885	3.6105	0.3249
5	56	c	8/18/2004	4:21	-151.65	59.50833	100	74	73.295	23.963	31.1236	78.31372	7.28234	9.7836	3.6123	0.3181
5	56	c	8/18/2004	4:21	-151.65	59.50833	100	75	74.286	23.9661	31.1254	78.27922	7.28076	9.7731	3.5711	0.3313
5	56	c	8/18/2004	4:21	-151.65	59.50833	100	76	75.276	23.9651	31.1245	78.18595	7.27176	9.7754	3.5175	0.2787
5	56	c	8/18/2004	4:21	-151.65	59.50833	100	77	76.266	23.9652	31.1229	78.20947	7.27536	9.767	3.5211	0.2806
5	56	c	8/18/2004	4:21	-151.65	59.50833	100	78	77.256	23.9656	31.1247	78.31994	7.28457	9.7732	3.5133	0.2637
5	56	c	8/18/2004	4:21	-151.65	59.50833	100	79	78.247	23.9633	31.1216	78.2486	7.27816	9.7726	3.5545	0.2766
5	56	c	8/18/2004	4:21	-151.65	59.50833	100	80	79.237	23.9649	31.1211	78.1552	7.2715	9.7602	3.5343	0.272
5	56	c	8/18/2004	4:21	-151.65	59.50833	100	81	80.227	23.9657	31.1218	78.17285	7.27332	9.7589	3.5303	0.2967
5	56	c	8/18/2004	4:21	-151.65	59.50833	100	82	81.217	23.9658	31.1226	78.02827	7.25928	9.7624	3.5201	0.3049
5	56	c	8/18/2004	4:21	-151.65	59.50833	100	83	82.208	23.9658	31.1233	78.02202	7.2581	9.7659	3.5016	0.2747
5	56	c	8/18/2004	4:21	-151.65	59.50833	100	84	83.198	23.9654	31.1216	78.05717	7.26239	9.76	3.4985	0.3279
5	56	c	8/18/2004	4:21	-151.65	59.50833	100	85	84.188	23.9659	31.1225	78.0353	7.26008	9.7614	3.4922	0.361
5	56	c	8/18/2004	4:21	-151.65	59.50833	100	86	85.178	23.9652	31.121	77.80562	7.23926	9.7585	3.5037	0.3164
5	56	c	8/18/2004	4:21	-151.65	59.50833	100	87	86.169	23.9663	31.1219	77.89876	7.2483	9.756	3.5133	0.3408
5	56	c	8/18/2004	4:21	-151.65	59.50833	100	88	87.159	23.966	31.1214	77.90156	7.24859	9.7559	3.4711	0.3105
5	56	c	8/18/2004	4:21	-151.65	59.50833	100	89	88.149	23.9661	31.1212	77.92805	7.25126	9.7546	3.4661	0.2922
5	56	c	8/18/2004	4:21	-151.65	59.50833	100	90	89.139	23.9661	31.1219	78.04119	7.26125	9.7578	3.4825	0.336
5	56	c	8/18/2004	4:21	-151.65	59.50833	100	91	90.13	23.9648	31.1214	77.98888	7.25553	9.7632	3.4685	0.2809
5	56	c	8/18/2004	4:21	-151.65	59.50833	100	92	91.12	23.9651	31.1214	78.02077	7.2588	9.7614	3.5128	0.3112
5	56	c	8/18/2004	4:21	-151.65	59.50833	100	93	92.11	23.9647	31.1202	77.97747	7.25527	9.7586	3.5007	0.3545
5	56	c	8/18/2004	4:21	-151.65	59.50833	100	94	93.1	23.9649	31.1209	77.89472	7.24713	9.7611	3.5012	0.3004
5	57	c	8/18/2004	4:37	-151.65	59.525	107	1	0.991	23.3626	30.7584	96.82228	8.66537	11.6379	3.6864	0.7545
5	57	c	8/18/2004	4:37	-151.65	59.525	107	2	1.981	23.3847	30.7799	96.41924	8.63381	11.6073	3.6566	0.9427
5	57	c	8/18/2004	4:37	-151.65	59.525	107	3	2.972	23.4504	30.8108	95.28751	8.57413	11.3726	3.5787	1.0058
5	57	c	8/18/2004	4:37	-151.65	59.525	107	4	3.963	23.4878	30.8348	94.8202	8.55044	11.2664	3.6218	0.9899
5	57	c	8/18/2004	4:37	-151.65	59.525	107	5	4.953	23.4947	30.8361	94.38051	8.51694	11.2327	3.637	1.0053
5	57	c	8/18/2004	4:37	-151.65	59.525	107	6	5.944	23.5082	30.8429	93.78309	8.47129	11.1858	3.627	0.9615
5	57	c	8/18/2004	4:37	-151.65	59.525	107	7	6.934	23.5178	30.8473	93.01282	8.4079	11.1506	3.6559	0.9339
5	57	c	8/18/2004	4:37	-151.65	59.525	107	8	7.925	23.5395	30.8556	92.73359	8.39828	11.0626	3.6544	0.937
5	57	c	8/18/2004	4:37	-151.65	59.525	107	9	8.916	23.5586	30.8682	92.73274	8.40735	11.0088	3.6517	0.9008
5	57	c	8/18/2004	4:37	-151.65	59.525	107	10	9.906	23.563	30.8708	92.52796	8.39107	10.9956	3.6353	1.0369
5	57	c	8/18/2004	4:37	-151.65	59.525	107	11	10.897	23.5733	30.8744	91.21856	8.27986	10.9527	3.618	0.9845
5	57	c	8/18/2004	4:37	-151.65	59.525	107	12	11.887	23.6086	30.8985	91.12013	8.2871	10.8562	3.6434	0.8691
5	57	c	8/18/2004	4:37	-151.65	59.525	107	13	12.878	23.6007	30.8932	91.11948	8.28341	10.8778	3.6742	0.8634
5	57	c	8/18/2004	4:37	-151.65	59.525	107	14	13.869	23.5992	30.8916	90.18466	8.19822	10.8795	3.6757	0.9023
5	57	c	8/18/2004	4:37	-151.65	59.525	107	15	14.859	23.6268	30.9081	88.77343	8.08423	10.7935	3.6843	0.7908
5	57	c	8/18/2004	4:37	-151.65	59.525	107	16	15.85	23.6512	30.9269	87.86593	8.01065	10.7364	3.7241	0.6911
5	57	c	8/18/2004	4:37	-151.65	59.525	107	17	16.84	23.668	30.9399	86.82813	7.92219	10.6971	3.7319	0.5652
5	57	c	8/18/2004	4:37	-151.65	59.525	107	18	17.831	23.6891	30.9559	86.04813	7.85897	10.6463	3.7729	0.4807
5	57	c	8/18/2004	4:37	-151.65	59.525	107	19	18.821	23.6948	30.959	85.40677	7.80364	10.6265	3.8497	0.5025
5	57	c	8/18/2004	4:37	-151.65	59.525	107	20	19.812	23.7019	30.9626	85.05401	7.77544	10.6017	3.8691	0.4781
5	57	c	8/18/2004	4:37	-151.65	59.525	107	21	20.803	23.7085	30.9656	84.94528	7.76964	10.5766	3.8687	0.4558
5	57	c	8/18/2004	4:37	-151.65	59.525	107	22	21.793	23.72	30.974	84.98215	7.77768	10.5468	3.8809	0.5103
5	57	c	8/18/2004	4:37	-151.65	59.525	107	23	22.784	23.7248	30.9776	85.04128	7.78486	10.5354	3.8634	0.4996
5	57	c	8/18/2004	4:37	-151.65	59.525	107	24	23.774	23.7262	30.9785	85.02525	7.784	10.5316	3.8814	0.5405
5	57	c	8/18/2004	4:37	-151.65	59.525	107	25	24.765	23.7272	30.9791	84.9924	7.78156	10.5281	3.8862	0.5159
5	57	c	8/18/2004	4:37	-151.65	59.525	107	26	25.755	23.73	30.9809	85.11081	7.79373	10.5198	3.8875	0.4861
5	57	c	8/18/2004	4:37	-151.65	59.525	107	27	26.746	23.7345	30.9844	85.06128	7.79084	10.5092	3.873	0.499
5	57	c	8/18/2004	4:37	-151.65	59.525	107	28	27.736	23.7392	30.9875	85.05138	7.79216	10.4953	3.8861	0.4614
5	57	c	8/18/2004	4:37	-151.65	59.525	107	29	28.727	23.7422	30.9901	85.25166	7.81121	10.4904	3.8792	0.4667
5	57	c	8/18/2004	4:37	-151.65	59.525	107	30	29.717	23.7487	30.9965	85.66988	7.85073	10.4816	3.8835	0.4861
5	57	c	8/18/2004	4:37	-151.65	59.525	107	31	30.708	23.7623	31.0074	85.49036	7.83901	10.451	3.8888	0.4966
5	57	c	8/18/2004	4:37	-151.65	59.525	107	32	31.698	23.7812	31.0207	85.1979	7.82037	10.3996	3.8857	0.488
5	57	c	8/18/2004	4:37	-151.65	59.525	107	33	32.689	23.7967	31.0312	85.00961	7.80996	10.3566	3.8555	0.5328
5	57	c	8/18/2004	4:37	-151.65	59.525	107	34	33.679	23.8044	31.0358	83.86202	7.7085	10.3318	3.8171	0.5772
5	57	c	8/18/2004	4:37	-151.65	59.525	107	35	34.67	23.846	31.0572	81.44616	7.51031	10.1811	3.8077	0.394
5	57	c	8/18/2004	4:37	-151.65	59.525	107	36	35.66	23.93	31.1067	80.18902	7.43789	9.9022	3.9378	0.2281
5	57	c	8/18/2004	4:37	-151.65	59.525	107	37	36.651	23.9548	31.1287	79.88519	7.41638	9.8554	4.0159	0.2068
5	57	c	8/18/2004	4:37	-151.65	59.525	107	38	37.641	23.953	31.1266	79.83369	7.41159	9.8561	4.0223	0.2315
5	57	c	8/18/2004	4:37	-151.65	59.525	107	39	38.632	23.9536	31.1269	79.58562	7.38883	9.8543	4.0254	0.2439
5	57	c	8/18/2004	4:37	-151.65	59.525	107	40	39.622	23.9533	31.1265	79.56586	7.38702	9.8543	4.0163	0.2239
5	57	c	8/18/2004	4:37	-151.65	59.525	107	41	40.613	23.9533	31.1265	79.61223	7.3913	9.8545	4.016	0.2176
5	57	c	8/18/2004	4:37	-151.65	59.525	107	42	41.603	23.9532	31.1264	79.59804	7.38998	9.8545	4.0177	0.2181
5	57	c	8/18/2004	4:37	-151.65	59.525	107	43	42.593	23.9532	31.1264	79.65077	7.39487	9.8546	4.0167	0.2082
5	57	c	8/18/2004	4:37	-151.65	59.525	107	44	43.584	23.9531	31.1262	79.47026	7.37811	9.8546	4.0141	0.2073
5	57	c	8/18/2004	4:37	-151.65	59.525	107	45	44.574	23.9534	31.1264	79.51742	7.38264	9.8536	4.0052	0.2014
5	57	c	8/18/2004	4:37	-151.65	59.525	107	46	45.565	23.954	31.1267	79.5243	7.38358	9.8517	4.0039	0.1919
5	57	c	8/18/2004	4:37	-151.65	59.525	107	47	46.555	23.9558	31.128	79.45598	7.37798	9.8468	4.0058	0.2002
5	57	c	8/18/2004	4:37	-151.65	59.525	107	48	47.546	23.9571	31.1288	79.47804	7.38073	9.8423	3.9812	0.2537
5	57	c	8/18/2004	4:37	-151.65	59.525	107	49	48.536	23.9563	31.1283	79.50658	7.38289	9.8455	3.9801	0.2024
5	57	c	8/18/2004	4:37	-151.65	59.525	107	50	49.527	23.9567	31.1286	79.22161	7.35661	9.8442	3.9823	0.2216
5	57	c	8/18/2004	4:37	-151.65	59.525	107	51	50.517	23.957	31.1284	79.26451	7.36103	9.8417	3.9793	0.2125
5	57	c	8/18/2004	4:37	-151.65	59.525	107	52	51.507	23.9604	31.1298	79.05984	7.34422	9.8278	3.9706	0.206
5	57	c	8/18/2004	4:37	-151.65	59.525	107	53	52.498	23.9641	31.1305	79.04471	7.3461	9.8075	3.9892	0.2129
5	57	c	8/18/2004	4:37	-151.65	59.525	107	54	53.488	23.9674	31.1327	78.9028	7.33424	9.7987	3.9811	0.2177
5	57	c	8/18/2004	4:37	-151.65	59.525	107	55	54.479	23.9726	31.135	78.82847	7.33073	9.7772	3.9703	0.1793
5	57	c	8/18/2004	4:37	-151.65	59.525	107	56	55.469	23.9787	31.1409	78.83138	7.33222	9.768	3.9772	0.2019
5	57	c	8/18/2004	4:37	-151.65	59.525	107	57	56.459	23.98	31.1408	78.62341	7.31429	9.7593	3.9763	0.221
5	57	c	8/18/2004	4:37	-151.65	59.525	107	58	57.45	23.982	31.1405	78.5827	7.31273	9.7457	3.9609	0.2295
5	57	c	8/18/2004	4:37	-151.65	59.525	107	59	58.44	23.9835	31.1403	78.45858	7.30285	9.7355	3.9576	0.1738
5	57	c	8/18/2004	4:37	-151.65	59.525	107	60	59.431	23.9852	31.1409	78.45838	7.30405	9.7279	3.952	0.2135
5	57	c	8/18/2004	4:37	-151.65	59.525	107	61	60.421	23.9853	31.1408	78.44127	7.30263	9.7268	3.9496	0.1786
5	57	c	8/18/2004	4:37	-151.65	59.525	107	62	61.411	23.9869	31.141	78.26666	7.28784	9.7177	3.951	0.1945
5	57	c	8/18/2004	4:37	-151.65	59.525	107	63	62.401	23.9878	31.142	78.11034	7.27338	9.7169	3.9516	0.1839
5	57	c	8/18/2004	4:37	-151.65	59.525	107	64	63.392	23.9877	31.1416	77.95467	7.25906	9.7159	3.945	0.1972
5	57	c	8/18/2004	4:37	-151.65	59.525	107	65	64.382	23.9882	31.1419	78.01551	7.26501	9.7141	3.9484	0.1867
5	57	c	8/18/2004	4:37	-151.65	59.525	107	66	65.373	23.989	31.1414	78.06456	7.27075	9.707	3.9411	0.1696
5	57	c	8/18/2004	4:37	-151.65	59.525	107	67	66.363	23.9906	31.1421	78.10758	7.27567	9.7011	3.9412	0.1642
5	57	c	8/18/2004	4:37	-151.65	59.525	107	68	67.353	23.9902	31.1416	78.02284	7.26783	9.7009	3.9337	0.2098
5	57	c	8/18/2004	4:37	-151.65	59.525	107	69	68.343	23.9902	31.1413	77.97152	7.26324	9.6998	3.9179	0.162
5	57	c	8/18/2004	4:37	-151.65	59.525	107	70	69.334	23.9908	31.142	77.90357	7.25694	9.6995	3.9014	0.1776
5	57	c	8/18/2004	4:37	-151.65	59.525	107	71	70.324	23.9912	31.141	77.83733	7.25201	9.6921	3.9001	0.1983
5	57	c	8/18/2004	4:37	-151.65	59.525	107	72	71.314	23.9935	31.1405	77.55224	7.22812	9.6756	3.8919	0.2118
5	57	c	8/18/2004	4:37	-151.65	59.525	107	73	72.304	23.9981	31.1422	77.38001	7.21542	9.6543	3.8816	0.2017
5	57	c	8/18/2004	4:37	-151.65	59.525	107	74	73.295	24.0007	31.1431	77.45679	7.2244	9.6427	3.8607	0.1679
5	57	c	8/18/2004	4:37	-151.65	59.525	107	75	74.286	24.0037	31.1449	77.41894	7.22236	9.6329	3.8779	0.1824
5	57	c	8/18/2004	4:37	-151.65	59.525	107	76	75.276	24.0037	31.1449	77.31409	7.21253	9.6333	3.8646	0.1755
5	57	c	8/18/2004	4:37	-151.65	59.525	107	77	76.266	24.0035	31.1448	77.2532	7.20675	9.6339	3.8498	0.189
5	57	c	8/18/2004	4:37	-151.65	59.525	107	78	77.256	24.0036	31.1443	77.21421	7.2037	9.6304	3.8429	0.1618
5	57	c	8/18/2004	4:37	-151.65	59.525	107	79	78.246	24.0064	31.1455	77.25088	7.20887	9.6192	3.8402	0.143
5	57	c	8/18/2004	4:37	-151.65	59.525	107	80	79.237	24.0065	31.1452	77.17132	7.20175	9.6173	3.8675	0.1611
5	57	c	8/18/2004	4:37	-151.65	59.525	107	81	80.227	24.0071	31.1454	77.15355	7.20051	9.6147	3.8618	0.1565
5	57	c	8/18/2004	4:37	-151.65	59.525	107	82	81.217	24.0081	31.1453	77.13285	7.19966	9.608	3.8801	0.1484
5	57	c	8/18/2004	4:37	-151.65	59.525	107	83	82.208	24.0106	31.1464	77.02635	7.19132	9.5977	3.8461	0.1884
5	57	c	8/18/2004	4:37	-151.65	59.525	107	84	83.198	24.0122	31.1471	76.8853	7.17913	9.5914	3.8511	0.1654
5	57	c	8/18/2004	4:37	-151.65	59.525	107	85	84.188	24.0141	31.1482	76.75194	7.1677	9.5847	3.8547	0.2071
5	57	c	8/18/2004	4:37	-151.65	59.525	107	86	85.178	24.0173	31.1488	76.63361	7.15938	9.5675	3.8381	0.1704
5	57	c	8/18/2004	4:37	-151.65	59.525	107	87	86.169	24.0214	31.1508	76.44309	7.14398	9.5518	3.8034	0.1551
5	57	c	8/18/2004	4:37	-151.65	59.525	107	88	87.159	24.0265	31.1523	76.20247	7.12542	9.5267	3.7866	0.141
5	57	c	8/18/2004	4:37	-151.65	59.525	107	89	88.149	24.0357	31.1569	76.15066	7.12604	9.4911	3.7302	0.1339
5	57	c	8/18/2004	4:37	-151.65	59.525	107	90	89.139	24.0378	31.1587	76.1059	7.12235	9.4875	3.6805	0.1055
5	57	c	8/18/2004	4:37	-151.65	59.525	107	91	90.13	24.0363	31.1578	76.10459	7.12154	9.492	3.6701	0.1589
5	57	c	8/18/2004	4:37	-151.65	59.525	107	92	91.12	24.0368	31.1576	76.02893	7.11515	9.4878	3.6971	0.1623
5	57	c	8/18/2004	4:37	-151.65	59.525	107	93	92.11	24.0385	31.1582	76.04752	7.118	9.4806	3.6692	0.1577
5	57	c	8/18/2004	4:37	-151.65	59.525	107	94	93.1	24.041	31.1591	76.01905	7.11712	9.4691	3.6286	0.1412
5	57	c	8/18/2004	4:37	-151.65	59.525	107	95	94.09	24.0421	31.1599	75.88502	7.10498	9.4663	3.6027	0.1357
5	57	c	8/18/2004	4:37	-151.65	59.525	107	96	95.08	24.0433	31.1598	75.82068	7.1003	9.4579	3.5641	0.161
5	57	c	8/18/2004	4:37	-151.65	59.525	107	97	96.07	24.0451	31.1609	75.86635	7.10548	9.4519	3.544	0.1315
5	57	c	8/18/2004	4:37	-151.65	59.525	107	98	97.061	24.0459	31.1612	75.81244	7.10095	9.4485	3.5087	0.1248
5	57	c	8/18/2004	4:37	-151.65	59.525	107	99	98.051	24.0468	31.1612	75.75833	7.09676	9.443	3.5254	0.1607
5	57	c	8/18/2004	4:37	-151.65	59.525	107	100	99.041	24.0487	31.1617	75.61841	7.08511	9.4337	3.4591	0.1508
5	57	c	8/18/2004	4:37	-151.65	59.525	107	101	100.031	24.0495	31.1624	75.68525	7.09158	9.4322	3.4486	0.1313
5	57	c	8/18/2004	4:37	-151.65	59.525	107	102	101.021	24.049	31.162	75.63547	7.08671	9.4336	3.4165	0.148
5	57	c	8/18/2004	4:37	-151.65	59.525	107	103	102.012	24.05	31.162	75.55787	7.08041	9.4274	3.3597	0.1478
5	57	c	8/18/2004	4:37	-151.65	59.525	107	104	103.002	24.0522	31.1627	75.32432	7.06023	9.4165	3.3442	0.1132
5	57	c	8/18/2004	4:37	-151.65	59.525	107	105	103.992	24.0553	31.1642	75.42733	7.07173	9.4044	3.2017	0.1673
5	58	c	8/18/2004	4:52	-151.65	59.54167	87	1	0.991	22.949	30.4128	99.37831	8.76281	12.4351	3.8438	0.4864
5	58	c	8/18/2004	4:52	-151.65	59.54167	87	2	1.981	23.0681	30.5385	97.35313	8.59883	12.3175	3.8108	0.5967
5	58	c	8/18/2004	4:52	-151.65	59.54167	87	3	2.972	23.1919	30.6322	93.75977	8.32559	12.0397	3.7832	0.5629
5	58	c	8/18/2004	4:52	-151.65	59.54167	87	4	3.963	23.3831	30.7556	90.73844	8.14325	11.5099	3.7966	0.5447
5	58	c	8/18/2004	4:52	-151.65	59.54167	87	5	4.953	23.5166	30.8396	89.50097	8.09576	11.1224	3.8218	0.6106
5	58	c	8/18/2004	4:52	-151.65	59.54167	87	6	5.944	23.5488	30.861	89.47262	8.10781	11.0334	3.8171	0.6398
5	58	c	8/18/2004	4:52	-151.65	59.54167	87	7	6.934	23.5501	30.8609	89.30262	8.09381	11.0255	3.793	0.6859
5	58	c	8/18/2004	4:52	-151.65	59.54167	87	8	7.925	23.5527	30.8615	89.48178	8.11219	11.0132	3.7874	0.7314
5	58	c	8/18/2004	4:52	-151.65	59.54167	87	9	8.916	23.5667	30.8697	89.82047	8.15034	10.9689	3.777	0.7193
5	58	c	8/18/2004	4:52	-151.65	59.54167	87	10	9.906	23.5742	30.8729	90.04526	8.17563	10.9404	3.7419	0.7577
5	58	c	8/18/2004	4:52	-151.65	59.54167	87	11	10.897	23.5849	30.876	89.67219	8.1502	10.892	3.7313	0.8843
5	58	c	8/18/2004	4:52	-151.65	59.54167	87	12	11.887	23.6081	30.884	87.96396	8.01177	10.7932	3.7176	0.7799
5	58	c	8/18/2004	4:52	-151.65	59.54167	87	13	12.878	23.6425	30.906	86.83328	7.92537	10.6913	3.7363	0.7082
5	58	c	8/18/2004	4:52	-151.65	59.54167	87	14	13.869	23.652	30.9117	85.83908	7.83943	10.6616	3.7674	0.8268
5	58	c	8/18/2004	4:52	-151.65	59.54167	87	15	14.859	23.6614	30.9177	85.39044	7.80286	10.6342	3.7482	0.7668
5	58	c	8/18/2004	4:52	-151.65	59.54167	87	16	15.85	23.6667	30.921	85.19293	7.78738	10.6182	3.7463	0.668
5	58	c	8/18/2004	4:52	-151.65	59.54167	87	17	16.84	23.6712	30.9238	85.02119	7.77389	10.6044	3.7705	0.6695
5	58	c	8/18/2004	4:52	-151.65	59.54167	87	18	17.831	23.6737	30.9253	84.68946	7.74479	10.5967	3.7993	0.6896
5	58	c	8/18/2004	4:52	-151.65	59.54167	87	19	18.821	23.6786	30.9281	84.46523	7.72692	10.5804	3.7965	0.6794
5	58	c	8/18/2004	4:52	-151.65	59.54167	87	20	19.812	23.6851	30.9325	84.12512	7.69864	10.5623	3.807	0.6214
5	58	c	8/18/2004	4:52	-151.65	59.54167	87	21	20.803	23.6913	30.9361	83.38536	7.63413	10.5422	3.8343	0.5792
5	58	c	8/18/2004	4:52	-151.65	59.54167	87	22	21.793	23.7147	30.9495	82.48117	7.56353	10.4649	3.8596	0.4785
5	58	c	8/18/2004	4:52	-151.65	59.54167	87	23	22.784	23.7519	30.976	81.82348	7.51837	10.3657	3.9152	0.4632
5	58	c	8/18/2004	4:52	-151.65	59.54167	87	24	23.774	23.7752	30.9899	81.15279	7.46836	10.291	3.9069	0.4131
5	58	c	8/18/2004	4:52	-151.65	59.54167	87	25	24.765	23.7949	31.0029	80.58654	7.42511	10.2332	3.8823	0.4781
5	58	c	8/18/2004	4:52	-151.65	59.54167	87	26	25.755	23.8214	31.019	80.12539	7.39576	10.148	3.8654	0.4386
5	58	c	8/18/2004	4:52	-151.65	59.54167	87	27	26.746	23.8522	31.0419	79.99398	7.39551	10.0688	3.8769	0.4643
5	58	c	8/18/2004	4:52	-151.65	59.54167	87	28	27.736	23.8587	31.0465	79.8767	7.38731	10.0513	3.8899	0.4584
5	58	c	8/18/2004	4:52	-151.65	59.54167	87	29	28.727	23.8662	31.0517	79.8068	7.38401	10.0304	3.888	0.4756
5	58	c	8/18/2004	4:52	-151.65	59.54167	87	30	29.718	23.8675	31.0525	79.73837	7.37824	10.0268	3.8904	0.483
5	58	c	8/18/2004	4:52	-151.65	59.54167	87	31	30.708	23.8738	31.0567	79.69278	7.37682	10.0084	3.8907	0.4613
5	58	c	8/18/2004	4:52	-151.65	59.54167	87	32	31.699	23.8755	31.0582	79.66633	7.37488	10.0049	3.8969	0.4381
5	58	c	8/18/2004	4:52	-151.65	59.54167	87	33	32.689	23.8756	31.058	79.62518	7.37131	10.0035	3.8839	0.4464
5	58	c	8/18/2004	4:52	-151.65	59.54167	87	34	33.68	23.8785	31.0597	79.53592	7.36446	9.9943	3.8736	0.4885
5	58	c	8/18/2004	4:52	-151.65	59.54167	87	35	34.67	23.8888	31.0657	79.31634	7.34954	9.9594	3.8842	0.4696
5	58	c	8/18/2004	4:52	-151.65	59.54167	87	36	35.66	23.9122	31.0833	79.09031	7.33755	9.8994	3.8705	0.4182
5	58	c	8/18/2004	4:52	-151.65	59.54167	87	37	36.651	23.9336	31.0992	79.00473	7.33789	9.844	3.8744	0.4834
5	58	c	8/18/2004	4:52	-151.65	59.54167	87	38	37.641	23.9406	31.1033	78.73857	7.31676	9.8207	3.8908	0.3952
5	58	c	8/18/2004	4:52	-151.65	59.54167	87	39	38.632	23.9454	31.1057	78.46826	7.29446	9.8026	3.9042	0.3414
5	58	c	8/18/2004	4:52	-151.65	59.54167	87	40	39.622	23.9498	31.1078	78.24906	7.27678	9.7854	3.9014	0.3268
5	58	c	8/18/2004	4:52	-151.65	59.54167	87	41	40.613	23.9576	31.1118	78.03679	7.2615	9.7566	3.9046	0.2414
5	58	c	8/18/2004	4:52	-151.65	59.54167	87	42	41.603	23.9703	31.1208	78.03651	7.26683	9.7209	3.9489	0.1832
5	58	c	8/18/2004	4:52	-151.65	59.54167	87	43	42.594	23.9758	31.1251	78.06352	7.27129	9.7077	3.9622	0.2423
5	58	c	8/18/2004	4:52	-151.65	59.54167	87	44	43.584	23.9752	31.1245	78.05825	7.27064	9.7088	3.9681	0.2144
5	58	c	8/18/2004	4:52	-151.65	59.54167	87	45	44.575	23.9796	31.1283	77.99396	7.26599	9.6995	3.9879	0.2036
5	58	c	8/18/2004	4:52	-151.65	59.54167	87	46	45.565	23.9805	31.1289	77.88997	7.25667	9.697	3.9974	0.2323
5	58	c	8/18/2004	4:52	-151.65	59.54167	87	47	46.555	23.9856	31.1325	77.94914	7.26429	9.683	3.9938	0.168
5	58	c	8/18/2004	4:52	-151.65	59.54167	87	48	47.546	23.9879	31.1344	77.76726	7.24817	9.6773	3.993	0.1599
5	58	c	8/18/2004	4:52	-151.65	59.54167	87	49	48.536	23.9889	31.1347	77.78249	7.25029	9.6729	3.9829	0.1897
5	58	c	8/18/2004	4:52	-151.65	59.54167	87	50	49.527	23.9906	31.1356	77.64401	7.23839	9.6664	3.9709	0.1648
5	58	c	8/18/2004	4:52	-151.65	59.54167	87	51	50.517	23.9925	31.1367	77.67319	7.24193	9.661	3.9746	0.1825
5	58	c	8/18/2004	4:52	-151.65	59.54167	87	52	51.508	23.9933	31.1373	77.72413	7.24701	9.6587	3.9639	0.2167
5	58	c	8/18/2004	4:52	-151.65	59.54167	87	53	52.498	23.995	31.1383	77.69397	7.24515	9.6526	3.9565	0.1656
5	58	c	8/18/2004	4:52	-151.65	59.54167	87	54	53.488	23.9967	31.1394	77.73889	7.25006	9.6478	3.961	0.1899
5	58	c	8/18/2004	4:52	-151.65	59.54167	87	55	54.478	23.9978	31.1402	77.64295	7.24158	9.6447	3.9499	0.1407
5	58	c	8/18/2004	4:52	-151.65	59.54167	87	56	55.469	23.999	31.1409	77.56951	7.23528	9.6411	3.9525	0.177
5	58	c	8/18/2004	4:52	-151.65	59.54167	87	57	56.459	24.0008	31.1421	77.48682	7.22831	9.6361	3.9618	0.1532
5	58	c	8/18/2004	4:52	-151.65	59.54167	87	58	57.45	24.0014	31.1425	77.59424	7.23876	9.6334	3.9638	0.2396
5	58	c	8/18/2004	4:52	-151.65	59.54167	87	59	58.44	24.0024	31.1432	77.47422	7.22787	9.6312	3.9679	0.1417
5	58	c	8/18/2004	4:52	-151.65	59.54167	87	60	59.431	24.0027	31.1433	77.55329	7.23549	9.6297	3.9623	0.1665
5	58	c	8/18/2004	4:52	-151.65	59.54167	87	61	60.421	24.0032	31.1437	77.32065	7.21395	9.6286	3.9646	0.1317
5	58	c	8/18/2004	4:52	-151.65	59.54167	87	62	61.411	24.0039	31.1441	77.38042	7.21986	9.6264	3.9619	0.1351
5	58	c	8/18/2004	4:52	-151.65	59.54167	87	63	62.401	24.0059	31.1455	77.35087	7.218	9.6204	3.9587	0.1299
5	58	c	8/18/2004	4:52	-151.65	59.54167	87	64	63.392	24.0068	31.1461	77.41438	7.22428	9.6181	3.9752	0.1447
5	58	c	8/18/2004	4:52	-151.65	59.54167	87	65	64.382	24.0101	31.1472	77.24886	7.21117	9.6032	3.9619	0.1233
5	58	c	8/18/2004	4:52	-151.65	59.54167	87	66	65.373	24.0139	31.1496	77.14567	7.20345	9.5907	3.9646	0.1321
5	58	c	8/18/2004	4:52	-151.65	59.54167	87	67	66.363	24.0163	31.1498	76.98624	7.19077	9.5768	3.9582	0.1386
5	58	c	8/18/2004	4:52	-151.65	59.54167	87	68	67.353	24.0205	31.1522	76.81279	7.17685	9.5619	3.9286	0.1383
5	58	c	8/18/2004	4:52	-151.65	59.54167	87	69	68.344	24.0233	31.153	76.70237	7.16862	9.5486	3.9078	0.134
5	58	c	8/18/2004	4:52	-151.65	59.54167	87	70	69.334	24.0274	31.1551	76.72214	7.17295	9.5326	3.888	0.173
5	58	c	8/18/2004	4:52	-151.65	59.54167	87	71	70.324	24.0295	31.1566	76.68166	7.16993	9.5273	3.8646	0.1387
5	58	c	8/18/2004	4:52	-151.65	59.54167	87	72	71.315	24.0299	31.1563	76.52218	7.15569	9.5232	3.8471	0.1099
5	58	c	8/18/2004	4:52	-151.65	59.54167	87	73	72.305	24.0323	31.157	76.25723	7.13282	9.5111	3.8335	0.1248
5	58	c	8/18/2004	4:52	-151.65	59.54167	87	74	73.295	24.0376	31.1588	76.10098	7.1219	9.4873	3.7948	0.1253
5	58	c	8/18/2004	4:52	-151.65	59.54167	87	75	74.285	24.0401	31.1612	76.02487	7.11542	9.4827	3.7392	0.11
5	58	c	8/18/2004	4:52	-151.65	59.54167	87	76	75.276	24.0418	31.1606	75.91435	7.10716	9.4697	3.7289	0.1125
5	58	c	8/18/2004	4:52	-151.65	59.54167	87	77	76.266	24.0463	31.1631	75.96055	7.11401	9.4531	3.6775	0.1098
5	58	c	8/18/2004	4:52	-151.65	59.54167	87	78	77.256	24.0466	31.1634	75.93105	7.11125	9.453	3.6161	0.1148
5	58	c	8/18/2004	4:52	-151.65	59.54167	87	79	78.246	24.0466	31.1634	75.93352	7.11156	9.4526	3.6002	0.1634
5	58	c	8/18/2004	4:52	-151.65	59.54167	87	80	79.237	24.0469	31.1634	75.76102	7.09555	9.4516	3.6122	0.1276
5	58	c	8/18/2004	4:52	-151.65	59.54167	87	81	80.227	24.0472	31.1634	75.64381	7.08485	9.4499	3.6082	0.1198
5	58	c	8/18/2004	4:52	-151.65	59.54167	87	82	81.217	24.0476	31.1635	75.7337	7.09364	9.4475	3.5974	0.1126
5	58	c	8/18/2004	4:52	-151.65	59.54167	87	83	82.208	24.0484	31.164	75.7101	7.09175	9.4453	3.579	0.1204
5	58	c	8/18/2004	4:52	-151.65	59.54167	87	84	83.198	24.0482	31.1638	75.74295	7.0948	9.4455	3.5811	0.1281
5	58	c	8/18/2004	4:52	-151.65	59.54167	87	85	84.188	24.048	31.1636	75.5725	7.0788	9.4459	3.5786	0.1311
5	58	c	8/18/2004	4:52	-151.65	59.54167	87	86	85.178	24.0486	31.1639	75.56102	7.07804	9.4437	3.5774	0.133
5	58	c	8/18/2004	4:52	-151.65	59.54167	87	87	86.168	24.0483	31.163	75.6286	7.08474	9.4417	3.5113	0.1269
5	59	c	8/18/2004	5:06	-151.65	59.55833	76	1	0.991	22.4308	29.914	103.89138	9.05562	13.1362	4.0064	0.2472
5	59	c	8/18/2004	5:06	-151.65	59.55833	76	2	1.981	22.837	30.2894	97.39407	8.57836	12.5219	3.9687	0.3152
5	59	c	8/18/2004	5:06	-151.65	59.55833	76	3	2.972	23.1696	30.5886	96.63606	8.59508	11.9772	3.9412	0.3728
5	59	c	8/18/2004	5:06	-151.65	59.55833	76	4	3.963	23.2345	30.6502	95.96636	8.54946	11.8829	3.9311	0.3789
5	59	c	8/18/2004	5:06	-151.65	59.55833	76	5	4.953	23.272	30.6788	93.65933	8.3575	11.7985	3.9029	0.4405
5	59	c	8/18/2004	5:06	-151.65	59.55833	76	6	5.944	23.3353	30.7177	91.83949	8.22569	11.6141	3.8384	0.4065
5	59	c	8/18/2004	5:06	-151.65	59.55833	76	7	6.934	23.3781	30.7388	88.58115	7.95807	11.4662	3.8857	0.3537
5	59	c	8/18/2004	5:06	-151.65	59.55833	76	8	7.925	23.4667	30.7901	86.75776	7.83869	11.1891	3.9714	0.3444
5	59	c	8/18/2004	5:06	-151.65	59.55833	76	9	8.916	23.498	30.81	85.95922	7.78101	11.0979	4.0053	0.3412
5	59	c	8/18/2004	5:06	-151.65	59.55833	76	10	9.906	23.5102	30.8181	85.79276	7.77133	11.0637	4.0179	0.263
5	59	c	8/18/2004	5:06	-151.65	59.55833	76	11	10.897	23.5204	30.8244	85.30088	7.73153	11.0336	4.0139	0.2812
5	59	c	8/18/2004	5:06	-151.65	59.55833	76	12	11.887	23.5362	30.8352	85.0628	7.7166	10.9909	4.0075	0.2997
5	59	c	8/18/2004	5:06	-151.65	59.55833	76	13	12.878	23.5488	30.8442	85.11261	7.72607	10.9588	3.9869	0.3558
5	59	c	8/18/2004	5:06	-151.65	59.55833	76	14	13.869	23.5728	30.8625	85.15958	7.7391	10.9016	3.9585	0.3929
5	59	c	8/18/2004	5:06	-151.65	59.55833	76	15	14.859	23.5885	30.8738	85.01904	7.73253	10.8615	3.9444	0.397
5	59	c	8/18/2004	5:06	-151.65	59.55833	76	16	15.85	23.6052	30.8846	84.70336	7.71144	10.8131	3.9394	0.3765
5	59	c	8/18/2004	5:06	-151.65	59.55833	76	17	16.84	23.622	30.896	84.16328	7.66954	10.7664	3.9508	0.3712
5	59	c	8/18/2004	5:06	-151.65	59.55833	76	18	17.831	23.6465	30.912	83.46478	7.61682	10.6962	3.943	0.3968
5	59	c	8/18/2004	5:06	-151.65	59.55833	76	19	18.821	23.6806	30.9359	83.17218	7.60423	10.6045	3.948	0.437
5	59	c	8/18/2004	5:06	-151.65	59.55833	76	20	19.812	23.697	30.947	83.04899	7.60001	10.559	3.9391	0.3525
5	59	c	8/18/2004	5:06	-151.65	59.55833	76	21	20.802	23.7083	30.9536	83.10847	7.61132	10.522	3.9342	0.3912
5	59	c	8/18/2004	5:06	-151.65	59.55833	76	22	21.793	23.7294	30.9668	83.2937	7.63843	10.4577	3.9426	0.3603
5	59	c	8/18/2004	5:06	-151.65	59.55833	76	23	22.784	23.737	30.9728	83.38717	7.64962	10.4404	3.9619	0.3707
5	59	c	8/18/2004	5:06	-151.65	59.55833	76	24	23.774	23.7384	30.9736	83.28051	7.64057	10.4358	3.9615	0.3788
5	59	c	8/18/2004	5:06	-151.65	59.55833	76	25	24.765	23.7433	30.9764	83.49879	7.66327	10.4191	3.9523	0.3833
5	59	c	8/18/2004	5:06	-151.65	59.55833	76	26	25.755	23.7627	30.9852	83.39631	7.66609	10.344	3.9483	0.4383
5	59	c	8/18/2004	5:06	-151.65	59.55833	76	27	26.746	23.784	30.9984	83.0436	7.64419	10.2778	3.9446	0.4069
5	59	c	8/18/2004	5:06	-151.65	59.55833	76	28	27.736	23.7899	31.0013	82.6271	7.60942	10.2557	3.9263	0.4733
5	59	c	8/18/2004	5:06	-151.65	59.55833	76	29	28.727	23.7971	31.0051	82.29224	7.58261	10.2305	3.9358	0.3966
5	59	c	8/18/2004	5:06	-151.65	59.55833	76	30	29.717	23.8077	31.0113	81.90668	7.55261	10.1956	3.9276	0.4168
5	59	c	8/18/2004	5:06	-151.65	59.55833	76	31	30.708	23.8141	31.0145	81.69332	7.53674	10.1718	3.9363	0.4173
5	59	c	8/18/2004	5:06	-151.65	59.55833	76	32	31.698	23.82	31.0182	81.47158	7.51912	10.1536	3.931	0.4108
5	59	c	8/18/2004	5:06	-151.65	59.55833	76	33	32.689	23.8216	31.0193	81.06395	7.48214	10.1494	3.9399	0.3472
5	59	c	8/18/2004	5:06	-151.65	59.55833	76	34	33.679	23.8425	31.0301	80.76938	7.46694	10.0737	3.9432	0.3462
5	59	c	8/18/2004	5:06	-151.65	59.55833	76	35	34.67	23.8723	31.051	80.4269	7.44799	9.9906	3.9741	0.3017
5	59	c	8/18/2004	5:06	-151.65	59.55833	76	36	35.66	23.8887	31.0622	79.89292	7.40579	9.9432	3.976	0.2876
5	59	c	8/18/2004	5:06	-151.65	59.55833	76	37	36.651	23.9105	31.0775	79.09174	7.34072	9.8823	3.9661	0.2649
5	59	c	8/18/2004	5:06	-151.65	59.55833	76	38	37.641	23.928	31.0895	78.67882	7.31002	9.8319	3.9746	0.239
5	59	c	8/18/2004	5:06	-151.65	59.55833	76	39	38.632	23.9445	31.1005	78.35636	7.28747	9.7831	3.9668	0.1888
5	59	c	8/18/2004	5:06	-151.65	59.55833	76	40	39.622	23.9613	31.1133	77.98504	7.25926	9.7402	3.9645	0.1995
5	59	c	8/18/2004	5:06	-151.65	59.55833	76	41	40.613	23.9787	31.1247	77.70803	7.24148	9.6873	3.951	0.1714
5	59	c	8/18/2004	5:06	-151.65	59.55833	76	42	41.603	23.9925	31.135	77.64423	7.24092	9.651	3.9225	0.1506
5	59	c	8/18/2004	5:06	-151.65	59.55833	76	43	42.594	23.9955	31.1369	77.39727	7.21926	9.6419	3.8927	0.1467
5	59	c	8/18/2004	5:06	-151.65	59.55833	76	44	43.584	23.9974	31.138	77.25012	7.20652	9.6355	3.8717	0.1487
5	59	c	8/18/2004	5:06	-151.65	59.55833	76	45	44.574	23.999	31.1388	77.32158	7.21416	9.6292	3.8598	0.1311
5	59	c	8/18/2004	5:06	-151.65	59.55833	76	46	45.565	24.001	31.1401	77.30963	7.21388	9.6236	3.8571	0.1516
5	59	c	8/18/2004	5:06	-151.65	59.55833	76	47	46.555	24.0019	31.1407	77.34193	7.21741	9.6203	3.858	0.1362
5	59	c	8/18/2004	5:06	-151.65	59.55833	76	48	47.546	24.0031	31.1415	77.20127	7.20475	9.6171	3.8494	0.1278
5	59	c	8/18/2004	5:06	-151.65	59.55833	76	49	48.536	24.0045	31.1423	77.19096	7.20457	9.6121	3.8572	0.1352
5	59	c	8/18/2004	5:06	-151.65	59.55833	76	50	49.526	24.0078	31.1444	77.09225	7.19691	9.6018	3.8505	0.157
5	59	c	8/18/2004	5:06	-151.65	59.55833	76	51	50.517	24.0107	31.1464	77.03483	7.19287	9.593	3.852	0.1212
5	59	c	8/18/2004	5:06	-151.65	59.55833	76	52	51.507	24.0115	31.1468	76.99034	7.1891	9.5905	3.8473	0.1053
5	59	c	8/18/2004	5:06	-151.65	59.55833	76	53	52.498	24.0125	31.1473	76.91788	7.18289	9.5869	3.8361	0.1196
5	59	c	8/18/2004	5:06	-151.65	59.55833	76	54	53.488	24.0129	31.1476	76.87179	7.17872	9.5859	3.8252	0.1058
5	59	c	8/18/2004	5:06	-151.65	59.55833	76	55	54.478	24.0135	31.148	76.96953	7.1881	9.5842	3.8174	0.1116
5	59	c	8/18/2004	5:06	-151.65	59.55833	76	56	55.469	24.0138	31.1482	76.83085	7.17535	9.583	3.8112	0.1047
5	59	c	8/18/2004	5:06	-151.65	59.55833	76	57	56.459	24.0144	31.1483	76.75786	7.16893	9.5804	3.7986	0.1074
5	59	c	8/18/2004	5:06	-151.65	59.55833	76	58	57.45	24.0146	31.1485	76.83812	7.1765	9.5799	3.7926	0.1139
5	59	c	8/18/2004	5:06	-151.65	59.55833	76	59	58.44	24.0151	31.1486	76.83708	7.17673	9.5779	3.7938	0.1181
5	59	c	8/18/2004	5:06	-151.65	59.55833	76	60	59.43	24.0159	31.1492	76.76754	7.17066	9.5751	3.773	0.2051
5	59	c	8/18/2004	5:06	-151.65	59.55833	76	61	60.421	24.0164	31.1495	76.76452	7.17052	9.574	3.7638	0.1143
5	59	c	8/18/2004	5:06	-151.65	59.55833	76	62	61.411	24.0162	31.1492	76.73426	7.16776	9.5737	3.7548	0.1134
5	59	c	8/18/2004	5:06	-151.65	59.55833	76	63	62.402	24.0184	31.1506	76.69249	7.16496	9.5665	3.7597	0.1211
5	59	c	8/18/2004	5:06	-151.65	59.55833	76	64	63.392	24.019	31.1509	76.59365	7.15595	9.565	3.7411	0.1273
5	59	c	8/18/2004	5:06	-151.65	59.55833	76	65	64.382	24.019	31.1508	76.56224	7.15307	9.5647	3.7391	0.136
5	59	c	8/18/2004	5:06	-151.65	59.55833	76	66	65.373	24.0206	31.1515	76.63385	7.16078	9.558	3.7318	0.1109
5	59	c	8/18/2004	5:06	-151.65	59.55833	76	67	66.363	24.0235	31.1533	76.546	7.15395	9.5489	3.7215	0.1125
5	59	c	8/18/2004	5:06	-151.65	59.55833	76	68	67.353	24.0249	31.1542	76.53698	7.15383	9.5441	3.7083	0.1257
5	59	c	8/18/2004	5:06	-151.65	59.55833	76	69	68.343	24.0275	31.1553	76.46225	7.14854	9.5332	3.6992	0.1157
5	59	c	8/18/2004	5:06	-151.65	59.55833	76	70	69.334	24.0303	31.1573	76.40751	7.14461	9.5252	3.6659	0.1178
5	59	c	8/18/2004	5:06	-151.65	59.55833	76	71	70.324	24.0353	31.1595	76.27676	7.13553	9.5048	3.644	0.1194
5	59	c	8/18/2004	5:06	-151.65	59.55833	76	72	71.315	24.0427	31.1646	76.16529	7.12834	9.4831	3.5849	0.1084
5	59	c	8/18/2004	5:06	-151.65	59.55833	76	73	72.305	24.044	31.1655	76.09981	7.12277	9.4793	3.5091	0.0999
5	59	c	8/18/2004	5:06	-151.65	59.55833	76	74	73.295	24.0445	31.1654	76.02285	7.11608	9.4761	3.4808	0.0988
5	59	c	8/18/2004	5:06	-151.65	59.55833	76	75	74.285	24.0458	31.1658	75.91392	7.10685	9.4699	3.4537	0.117
5	59	c	8/18/2004	5:06	-151.65	59.55833	76	76	75.276	24.0456	31.1658	75.85475	7.10109	9.4713	3.4303	0.1162
5	61	c	8/18/2004	5:30	-151.65	59.59167	36	1	0.991	21.5278	28.8406	101.75102	8.85604	13.5161	4.0585	0.1288
5	61	c	8/18/2004	5:30	-151.65	59.59167	36	2	1.981	22.418	29.9695	104.03868	9.00985	13.4208	4.0251	0.1978
5	61	c	8/18/2004	5:30	-151.65	59.59167	36	3	2.972	22.696	30.2354	103.68065	9.03474	13.046	3.9965	0.2622
5	61	c	8/18/2004	5:30	-151.65	59.59167	36	4	3.962	22.9041	30.3901	102.07294	8.9737	12.5808	3.9095	0.3886
5	61	c	8/18/2004	5:30	-151.65	59.59167	36	5	4.953	23.0312	30.5157	100.47267	8.85599	12.4218	3.8737	0.32
5	61	c	8/18/2004	5:30	-151.65	59.59167	36	6	5.944	23.1524	30.6211	98.91116	8.75218	12.2084	3.8854	0.2323
5	61	c	8/18/2004	5:30	-151.65	59.59167	36	7	6.934	23.2331	30.662	94.66328	8.42202	11.9409	3.991	0.2913
5	61	c	8/18/2004	5:30	-151.65	59.59167	36	8	7.925	23.3416	30.7154	91.18532	8.17504	11.5688	3.9621	0.4016
5	61	c	8/18/2004	5:30	-151.65	59.59167	36	9	8.916	23.3884	30.7414	89.37081	8.03714	11.4193	3.9616	0.3465
5	61	c	8/18/2004	5:30	-151.65	59.59167	36	10	9.906	23.3978	30.7462	88.84874	7.99552	11.387	3.9856	0.3349
5	61	c	8/18/2004	5:30	-151.65	59.59167	36	11	10.897	23.4196	30.7626	88.3193	7.9558	11.3362	3.9835	0.5384
5	61	c	8/18/2004	5:30	-151.65	59.59167	36	12	11.888	23.4442	30.78	87.57745	7.89888	11.2733	3.8644	0.6774
5	61	c	8/18/2004	5:30	-151.65	59.59167	36	13	12.878	23.4487	30.7831	87.36285	7.88141	11.2613	3.7266	0.7862
5	61	c	8/18/2004	5:30	-151.65	59.59167	36	14	13.869	23.4503	30.7845	87.12783	7.86058	11.2587	3.7072	0.76
5	61	c	8/18/2004	5:30	-151.65	59.59167	36	15	14.859	23.452	30.7866	86.98648	7.8478	11.2583	3.6884	0.8943
5	61	c	8/18/2004	5:30	-151.65	59.59167	36	16	15.85	23.4562	30.79	86.30988	7.78806	11.2496	3.6547	0.9205
5	61	c	8/18/2004	5:30	-151.65	59.59167	36	17	16.84	23.4931	30.8096	84.79832	7.67141	11.125	3.6815	0.7129
5	61	c	8/18/2004	5:30	-151.65	59.59167	36	18	17.831	23.5582	30.8525	84.29242	7.65402	10.9421	3.7368	0.4549
5	61	c	8/18/2004	5:30	-151.65	59.59167	36	19	18.821	23.5744	30.8645	84.38197	7.66818	10.9025	3.8688	0.457
5	61	c	8/18/2004	5:30	-151.65	59.59167	36	20	19.812	23.5909	30.8739	84.34174	7.67309	10.8486	3.9036	0.5195
5	61	c	8/18/2004	5:30	-151.65	59.59167	36	21	20.803	23.6305	30.8917	84.09207	7.6748	10.6976	3.8992	0.4356
5	61	c	8/18/2004	5:30	-151.65	59.59167	36	22	21.793	23.6798	30.917	82.80072	7.58488	10.5218	3.8827	0.7123
5	61	c	8/18/2004	5:30	-151.65	59.59167	36	23	22.784	23.7348	30.9438	81.69717	7.51621	10.3176	3.8102	0.3393
5	61	c	8/18/2004	5:30	-151.65	59.59167	36	24	23.774	23.7692	30.9572	80.79799	7.4567	10.1727	3.8242	0.332
5	61	c	8/18/2004	5:30	-151.65	59.59167	36	25	24.765	23.7959	30.9771	80.52759	7.44203	10.1044	3.7864	0.2504
5	61	c	8/18/2004	5:30	-151.65	59.59167	36	26	25.755	23.8005	30.9808	80.37203	7.42917	10.0942	3.7667	0.4147
5	61	c	8/18/2004	5:30	-151.65	59.59167	36	27	26.746	23.8029	30.9812	80.25302	7.42032	10.0809	3.7612	0.2926
5	61	c	8/18/2004	5:30	-151.65	59.59167	36	28	27.736	23.8071	30.9818	80.22884	7.42171	10.0587	3.7672	0.295
5	61	c	8/18/2004	5:30	-151.65	59.59167	36	29	28.727	23.814	30.9833	80.17997	7.4229	10.0235	3.7884	0.3611
5	61	c	8/18/2004	5:30	-151.65	59.59167	36	30	29.717	23.8222	30.9869	79.90652	7.40278	9.9908	3.8115	0.3135
5	61	c	8/18/2004	5:30	-151.65	59.59167	36	31	30.708	23.8326	30.9931	79.36378	7.35785	9.9562	3.8206	0.3047
5	61	c	8/18/2004	5:30	-151.65	59.59167	36	32	31.699	23.8538	31.0114	79.13512	7.34279	9.9133	3.7868	0.2975
5	61	c	8/18/2004	5:30	-151.65	59.59167	36	33	32.689	23.8573	31.0149	79.17992	7.34746	9.9092	3.7161	0.3171
5	61	c	8/18/2004	5:30	-151.65	59.59167	36	34	33.68	23.8577	31.0154	79.21447	7.35067	9.9089	3.6702	0.3758
5	61	c	8/18/2004	5:30	-151.65	59.59167	36	35	34.67	23.8577	31.0158	79.10442	7.34012	9.911	3.6464	0.4121
5	61	c	8/18/2004	5:30	-151.65	59.59167	36	36	35.66	23.8574	31.0156	78.96091	7.32655	9.9125	3.5308	0.5914
5	62	c	8/18/2004	5:42	-151.65	59.60833	30	1	0.991	21.9259	29.4339	104.54769	9.00834	13.8211	4.0615	0.1458
5	62	c	8/18/2004	5:42	-151.65	59.60833	30	2	1.981	22.4467	30.0075	106.3157	9.2042	13.4242	4.0448	0.1954
5	62	c	8/18/2004	5:42	-151.65	59.60833	30	3	2.972	22.7564	30.3072	105.74598	9.21576	13.0202	4.0223	0.1834
5	62	c	8/18/2004	5:42	-151.65	59.60833	30	4	3.962	22.9768	30.4892	105.61737	9.27544	12.6022	4.023	0.175
5	62	c	8/18/2004	5:42	-151.65	59.60833	30	5	4.953	23.0362	30.5523	104.81921	9.21256	12.5466	4.0492	0.1963
5	62	c	8/18/2004	5:42	-151.65	59.60833	30	6	5.944	23.0791	30.5811	102.68493	9.04446	12.4366	4.0361	0.2091
5	62	c	8/18/2004	5:42	-151.65	59.60833	30	7	6.934	23.133	30.6034	101.80355	9.00323	12.2395	4.0306	0.2689
5	62	c	8/18/2004	5:42	-151.65	59.60833	30	8	7.925	23.1744	30.6288	101.67789	9.01327	12.122	4.0268	0.2693
5	62	c	8/18/2004	5:42	-151.65	59.60833	30	9	8.915	23.1933	30.6379	100.91115	8.95711	12.0575	4.0226	0.2554
5	62	c	8/18/2004	5:42	-151.65	59.60833	30	10	9.906	23.2114	30.6419	100.63782	8.94838	11.9753	4.0188	0.4106
5	62	c	8/18/2004	5:42	-151.65	59.60833	30	11	10.897	23.2531	30.6788	99.65181	8.8723	11.9035	3.944	0.4551
5	62	c	8/18/2004	5:42	-151.65	59.60833	30	12	11.888	23.2543	30.6702	98.3668	8.76645	11.8603	3.895	0.4536
5	62	c	8/18/2004	5:42	-151.65	59.60833	30	13	12.878	23.2702	30.6778	98.45263	8.78413	11.8049	3.8842	0.465
5	62	c	8/18/2004	5:42	-151.65	59.60833	30	14	13.869	23.2851	30.6949	98.86749	8.82189	11.796	3.8696	0.6352
5	62	c	8/18/2004	5:42	-151.65	59.60833	30	15	14.859	23.2885	30.6968	98.6279	8.80241	11.7854	3.8795	0.4671
5	62	c	8/18/2004	5:42	-151.65	59.60833	30	16	15.85	23.2994	30.7064	98.97454	8.83633	11.7669	3.8738	0.4895
5	62	c	8/18/2004	5:42	-151.65	59.60833	30	17	16.841	23.3013	30.7074	98.66377	8.80974	11.7604	3.8648	0.5338
5	62	c	8/18/2004	5:42	-151.65	59.60833	30	18	17.831	23.3242	30.7257	96.71316	8.64352	11.7122	3.8729	0.4086
5	62	c	8/18/2004	5:42	-151.65	59.60833	30	19	18.821	23.3703	30.7508	93.02288	8.33893	11.5635	3.9397	0.4568
5	62	c	8/18/2004	5:42	-151.65	59.60833	30	20	19.812	23.4316	30.7706	88.26078	7.9557	11.3034	3.9338	0.4893
5	62	c	8/18/2004	5:42	-151.65	59.60833	30	21	20.803	23.5274	30.8286	86.58901	7.85161	11.0128	3.9278	0.4021
5	62	c	8/18/2004	5:42	-151.65	59.60833	30	22	21.793	23.5545	30.8441	84.44639	7.67114	10.9255	3.9229	0.4662
5	62	c	8/18/2004	5:42	-151.65	59.60833	30	23	22.784	23.6542	30.8917	82.74957	7.57563	10.5568	3.8713	0.3416
5	62	c	8/18/2004	5:42	-151.65	59.60833	30	24	23.774	23.7318	30.9409	81.7705	7.52236	10.3222	3.8334	0.2844
5	62	c	8/18/2004	5:42	-151.65	59.60833	30	25	24.765	23.7538	30.952	81.14382	7.47745	10.2417	3.8009	0.3179
5	62	c	8/18/2004	5:42	-151.65	59.60833	30	26	25.755	23.7689	30.9557	80.78384	7.45632	10.1675	3.7401	0.4125
5	62	c	8/18/2004	5:42	-151.65	59.60833	30	27	26.746	23.7805	30.9619	80.52718	7.43905	10.1267	3.5445	0.5257
5	62	c	8/18/2004	5:42	-151.65	59.60833	30	28	27.736	23.7835	30.9627	80.37457	7.42735	10.1118	3.428	0.5326
5	62	c	8/18/2004	5:42	-151.65	59.60833	30	29	28.727	23.7848	30.963	80.21201	7.41329	10.1059	3.3218	0.5459
5	62	c	8/18/2004	5:42	-151.65	59.60833	30	30	29.717	23.7855	30.9631	80.25732	7.41813	10.1019	3.2746	0.5919
5	63	c	8/18/2004	5:54	-151.65	59.625	27	1	0.991	21.9509	29.4325	105.02452	9.07472	13.6884	3.9927	0.1718
5	63	c	8/18/2004	5:54	-151.65	59.625	27	2	1.981	22.1859	29.7333	105.7169	9.12022	13.6743	4.0068	0.1847
5	63	c	8/18/2004	5:54	-151.65	59.625	27	3	2.972	22.4995	30.1063	106.32225	9.17636	13.5435	4.0364	0.2017
5	63	c	8/18/2004	5:54	-151.65	59.625	27	4	3.963	22.6596	30.25	107.065	9.28051	13.2933	4.0299	0.2242
5	63	c	8/18/2004	5:54	-151.65	59.625	27	5	4.953	22.7045	30.2927	108.35175	9.4016	13.2323	4.023	0.199
5	63	c	8/18/2004	5:54	-151.65	59.625	27	6	5.944	22.7548	30.3523	109.47042	9.49949	13.2104	4.0154	0.2091
5	63	c	8/18/2004	5:54	-151.65	59.625	27	7	6.934	22.824	30.431	111.25155	9.65818	13.1671	4.0226	0.1801
5	63	c	8/18/2004	5:54	-151.65	59.625	27	8	7.925	23.0286	30.5878	112.18695	9.81914	12.7329	4.0419	0.1571
5	63	c	8/18/2004	5:54	-151.65	59.625	27	9	8.916	23.1339	30.6503	111.35865	9.80559	12.4301	4.0686	0.209
5	63	c	8/18/2004	5:54	-151.65	59.625	27	10	9.906	23.2107	30.6951	111.36397	9.85056	12.2039	4.059	0.1767
5	63	c	8/18/2004	5:54	-151.65	59.625	27	11	10.897	23.2247	30.7052	110.62502	9.79147	12.1709	4.0715	0.1709
5	63	c	8/18/2004	5:54	-151.65	59.625	27	12	11.888	23.2488	30.7152	103.88237	9.21149	12.0817	4.0822	0.1555
5	63	c	8/18/2004	5:54	-151.65	59.625	27	13	12.878	23.3543	30.7521	97.2202	8.69735	11.6575	4.0839	0.227
5	63	c	8/18/2004	5:54	-151.65	59.625	27	14	13.869	23.41	30.7693	93.32822	8.39125	11.42	4.0631	0.3017
5	63	c	8/18/2004	5:54	-151.65	59.625	27	15	14.859	23.4256	30.7769	91.65456	8.25025	11.3656	4.0133	0.3471
5	63	c	8/18/2004	5:54	-151.65	59.625	27	16	15.85	23.432	30.7766	90.59973	8.16197	11.3279	4	0.3859
5	63	c	8/18/2004	5:54	-151.65	59.625	27	17	16.841	23.4446	30.7825	89.92909	8.1092	11.2826	3.9482	0.4723
5	63	c	8/18/2004	5:54	-151.65	59.625	27	18	17.831	23.4507	30.786	90.28059	8.14412	11.2634	3.9047	0.557
5	63	c	8/18/2004	5:54	-151.65	59.625	27	19	18.822	23.4525	30.7907	90.78622	8.1876	11.274	3.8723	0.5989
5	63	c	8/18/2004	5:54	-151.65	59.625	27	20	19.812	23.453	30.794	91.43691	8.24393	11.2862	3.8553	0.5828
5	63	c	8/18/2004	5:54	-151.65	59.625	27	21	20.803	23.4534	30.7949	91.64862	8.26278	11.2873	3.8376	0.5611
5	63	c	8/18/2004	5:54	-151.65	59.625	27	22	21.793	23.4572	30.7975	91.69592	8.26864	11.2776	3.8271	0.4922
5	63	c	8/18/2004	5:54	-151.65	59.625	27	23	22.784	23.4621	30.801	91.20708	8.22652	11.2656	3.802	0.514
5	63	c	8/18/2004	5:54	-151.65	59.625	27	24	23.775	23.4865	30.8138	87.84407	7.93674	11.1825	3.79	0.5828
5	63	c	8/18/2004	5:54	-151.65	59.625	27	25	24.765	23.5601	30.8522	85.1304	7.73203	10.93	3.7454	1.1286
5	63	c	8/18/2004	5:54	-151.65	59.625	27	26	25.755	23.5941	30.8747	83.86365	7.63193	10.8343	3.0492	1.9825
5	63	c	8/18/2004	5:54	-151.65	59.625	27	27	26.746	23.5984	30.8771	83.47559	7.59877	10.8207	2.1461	2.2316
5	64	c	8/18/2004	6:08	-151.65	59.64167	10	1	0.991	21.0946	28.2675	106.48199	9.31101	13.4664	3.8883	0.3046
5	64	c	8/18/2004	6:08	-151.65	59.64167	10	2	1.981	22.8274	30.4389	110.58041	9.5969	13.1802	3.9515	0.1604
5	64	c	8/18/2004	6:08	-151.65	59.64167	10	3	2.972	22.9478	30.5333	111.09821	9.68589	12.9345	4.0572	0.1496
5	64	c	8/18/2004	6:08	-151.65	59.64167	10	4	3.962	22.9839	30.5588	111.76724	9.7602	12.8492	4.0618	0.1539
5	64	c	8/18/2004	6:08	-151.65	59.64167	10	5	4.953	23.014	30.5829	110.51112	9.66117	12.7896	4.0714	0.152
5	64	c	8/18/2004	6:08	-151.65	59.64167	10	6	5.944	23.05	30.5784	108.51656	9.52914	12.5804	4.0329	0.2512
5	64	c	8/18/2004	6:08	-151.65	59.64167	10	7	6.935	23.0644	30.5811	106.99669	9.40855	12.515	4.0027	0.212
5	64	c	8/18/2004	6:08	-151.65	59.64167	10	8	7.925	23.0716	30.5784	106.64169	9.3873	12.4658	3.9695	0.2344
5	64	c	8/18/2004	6:08	-151.65	59.64167	10	9	8.916	23.0716	30.5787	106.53331	9.37753	12.4669	3.9703	0.223
5	64	c	8/18/2004	6:08	-151.65	59.64167	10	10	9.906	23.071	30.5765	106.39076	9.36628	12.461	3.9606	0.2353
