Cruise	Station	Type	mon/day/yr	hh:mm	Lon (E)	Lat (N)	Bot. Depth [m]	Press	Depth [m]	Temperature [C]	Sigma	Salinity [psu]	oxper [%]	oxconc	tran [v]	flour [v]
6	38	c	9/9/2004	8:47	-152.56667	60.00667	22	1	0.991	12.3187	20.6072	27.3603	85.11376	7.66854	3.6151	0.2741
6	38	c	9/9/2004	8:47	-152.56667	60.00667	22	2	1.981	12.6632	20.8642	27.773	84.42761	7.53127	3.7122	0.2485
6	38	c	9/9/2004	8:47	-152.56667	60.00667	22	3	2.972	12.7789	20.9216	27.8748	84.198	7.48768	3.7058	0.2361
6	38	c	9/9/2004	8:47	-152.56667	60.00667	22	4	3.963	12.8094	21.008	27.9938	83.7342	7.43607	3.7003	0.219
6	38	c	9/9/2004	8:47	-152.56667	60.00667	22	5	4.953	12.7617	21.0923	28.0915	83.58077	7.42544	3.5947	0.2098
6	38	c	9/9/2004	8:47	-152.56667	60.00667	22	6	5.944	12.7515	21.1087	28.1102	83.44103	7.41377	3.5437	0.2166
6	38	c	9/9/2004	8:47	-152.56667	60.00667	22	7	6.934	12.7365	21.1356	28.1414	83.45237	7.4157	3.4667	0.2092
6	38	c	9/9/2004	8:47	-152.56667	60.00667	22	8	7.925	12.7309	21.1474	28.1553	83.29478	7.40194	3.4489	0.213
6	38	c	9/9/2004	8:47	-152.56667	60.00667	22	9	8.916	12.7199	21.1746	28.1878	83.10206	7.38505	3.3916	0.2168
6	38	c	9/9/2004	8:47	-152.56667	60.00667	22	10	9.906	12.7179	21.181	28.1956	83.18053	7.39196	3.3793	0.2039
6	38	c	9/9/2004	8:47	-152.56667	60.00667	22	11	10.897	12.7188	21.1786	28.1926	83.1627	7.39038	3.3787	0.2033
6	38	c	9/9/2004	8:47	-152.56667	60.00667	22	12	11.888	12.7193	21.1782	28.1923	83.22235	7.39562	3.387	0.2078
6	38	c	9/9/2004	8:47	-152.56667	60.00667	22	13	12.878	12.7205	21.1749	28.1883	83.24849	7.39794	3.3944	0.2044
6	38	c	9/9/2004	8:47	-152.56667	60.00667	22	14	13.869	12.7173	21.1941	28.2123	83.19976	7.393	3.4104	0.2012
6	38	c	9/9/2004	8:47	-152.56667	60.00667	22	15	14.859	12.7144	21.2093	28.2312	83.13801	7.3871	3.3961	0.2046
6	38	c	9/9/2004	8:47	-152.56667	60.00667	22	16	15.849	12.715	21.2101	28.2323	82.95721	7.37089	3.4476	0.1981
6	39	c	9/9/2004	9:03	-152.53667	59.99667	31	1	0.991	12.5903	20.932	27.8435	83.1889	7.42909	3.8046	0.1819
6	39	c	9/9/2004	9:03	-152.53667	59.99667	31	2	1.981	12.5909	20.9577	27.8769	83.29527	7.43694	3.8031	0.1829
6	39	c	9/9/2004	9:03	-152.53667	59.99667	31	3	2.972	12.6172	20.9858	27.9194	83.43322	7.44311	3.7988	0.1863
6	39	c	9/9/2004	9:03	-152.53667	59.99667	31	4	3.963	12.6634	21.0114	27.9634	83.39228	7.43011	3.7925	0.1935
6	39	c	9/9/2004	9:03	-152.53667	59.99667	31	5	4.953	12.6742	21.0172	27.9735	83.36059	7.42511	3.7911	0.2005
6	39	c	9/9/2004	9:03	-152.53667	59.99667	31	6	5.944	12.7144	21.0344	28.0052	83.47811	7.42777	3.7871	0.1927
6	39	c	9/9/2004	9:03	-152.53667	59.99667	31	7	6.934	12.7728	21.0572	28.0487	83.40756	7.41028	3.7738	0.1992
6	39	c	9/9/2004	9:03	-152.53667	59.99667	31	8	7.925	12.7878	21.0612	28.0574	83.39194	7.40614	3.7625	0.1956
6	39	c	9/9/2004	9:03	-152.53667	59.99667	31	9	8.916	12.7978	21.065	28.0646	83.55002	7.41827	3.7566	0.2009
6	39	c	9/9/2004	9:03	-152.53667	59.99667	31	10	9.906	12.8021	21.0675	28.069	83.55479	7.41782	3.7583	0.2022
6	39	c	9/9/2004	9:03	-152.53667	59.99667	31	11	10.897	12.805	21.07	28.0728	83.43457	7.40651	3.7527	0.2003
6	39	c	9/9/2004	9:03	-152.53667	59.99667	31	12	11.887	12.7997	21.0837	28.0893	83.31988	7.3964	3.7493	0.2005
6	39	c	9/9/2004	9:03	-152.53667	59.99667	31	13	12.878	12.7679	21.1645	28.1862	82.90602	7.36019	3.7505	0.1899
6	39	c	9/9/2004	9:03	-152.53667	59.99667	31	14	13.869	12.7139	21.2317	28.2601	82.72977	7.34959	3.7583	0.1792
6	39	c	9/9/2004	9:03	-152.53667	59.99667	31	15	14.859	12.6977	21.2474	28.2765	82.71957	7.35045	3.7606	0.1831
6	39	c	9/9/2004	9:03	-152.53667	59.99667	31	16	15.85	12.656	21.2905	28.3223	82.6888	7.35213	3.7386	0.1767
6	39	c	9/9/2004	9:03	-152.53667	59.99667	31	17	16.84	12.6383	21.3077	28.3402	82.4449	7.3324	3.703	0.182
6	39	c	9/9/2004	9:03	-152.53667	59.99667	31	18	17.831	12.6009	21.3484	28.3839	82.44072	7.33586	3.6767	0.1697
6	39	c	9/9/2004	9:03	-152.53667	59.99667	31	19	18.821	12.5507	21.4019	28.4411	82.10828	7.31148	3.5184	0.1652
6	39	c	9/9/2004	9:03	-152.53667	59.99667	31	20	19.812	12.488	21.4735	28.5188	81.90064	7.2992	3.3357	0.1575
6	39	c	9/9/2004	9:03	-152.53667	59.99667	31	21	20.803	12.4513	21.5132	28.5614	81.55359	7.27203	3.0684	0.1506
6	39	c	9/9/2004	9:03	-152.53667	59.99667	31	22	21.793	12.428	21.54	28.5905	81.6686	7.28457	2.9421	0.1592
6	39	c	9/9/2004	9:03	-152.53667	59.99667	31	23	22.784	12.4258	21.5424	28.5931	81.70272	7.28784	2.89	0.1477
6	39	c	9/9/2004	9:03	-152.53667	59.99667	31	24	23.774	12.4245	21.5442	28.595	81.73834	7.29114	2.8831	0.1511
6	39	c	9/9/2004	9:03	-152.53667	59.99667	31	25	24.765	12.4191	21.5508	28.6023	81.45775	7.26662	2.8892	0.1503
6	40	c	9/9/2004	9:16	-152.51	59.98667	34	1	0.991	12.658	20.9477	27.8798	83.59012	7.45247	3.7307	0.1731
6	40	c	9/9/2004	9:16	-152.51	59.98667	34	2	1.981	12.6629	20.9545	27.8898	83.67245	7.45856	3.7289	0.1743
6	40	c	9/9/2004	9:16	-152.51	59.98667	34	3	2.972	12.6739	20.9782	27.9231	83.74302	7.46157	3.7392	0.178
6	40	c	9/9/2004	9:16	-152.51	59.98667	34	4	3.963	12.6855	20.9948	27.9471	83.74348	7.45865	3.7455	0.1779
6	40	c	9/9/2004	9:16	-152.51	59.98667	34	5	4.953	12.6898	20.999	27.9536	83.73899	7.45727	3.7535	0.1854
6	40	c	9/9/2004	9:16	-152.51	59.98667	34	6	5.944	12.6989	21.011	27.9712	83.75217	7.45619	3.7543	0.182
6	40	c	9/9/2004	9:16	-152.51	59.98667	34	7	6.934	12.7058	21.0184	27.9825	83.82632	7.46117	3.7555	0.1852
6	40	c	9/9/2004	9:16	-152.51	59.98667	34	8	7.925	12.7278	21.0441	28.021	83.75064	7.44917	3.7568	0.1891
6	40	c	9/9/2004	9:16	-152.51	59.98667	34	9	8.916	12.7347	21.0583	28.0409	83.61559	7.43513	3.7559	0.1885
6	40	c	9/9/2004	9:16	-152.51	59.98667	34	10	9.906	12.7276	21.0868	28.0761	83.31538	7.40793	3.7591	0.1863
6	40	c	9/9/2004	9:16	-152.51	59.98667	34	11	10.897	12.7147	21.1549	28.161	83.04447	7.38197	3.767	0.1722
6	40	c	9/9/2004	9:16	-152.51	59.98667	34	12	11.887	12.7073	21.207	28.2267	82.90199	7.36745	3.7655	0.1701
6	40	c	9/9/2004	9:16	-152.51	59.98667	34	13	12.878	12.7068	21.2274	28.2529	82.72604	7.3507	3.7609	0.1647
6	40	c	9/9/2004	9:16	-152.51	59.98667	34	14	13.869	12.7058	21.2383	28.2666	82.55441	7.33497	3.7575	0.1652
6	40	c	9/9/2004	9:16	-152.51	59.98667	34	15	14.859	12.6594	21.2977	28.3324	82.39518	7.32504	3.7487	0.153
6	40	c	9/9/2004	9:16	-152.51	59.98667	34	16	15.85	12.6221	21.3506	28.3918	82.29696	7.31941	3.7456	0.1547
6	40	c	9/9/2004	9:16	-152.51	59.98667	34	17	16.84	12.6039	21.3813	28.4272	82.20929	7.31283	3.7628	0.1498
6	40	c	9/9/2004	9:16	-152.51	59.98667	34	18	17.831	12.5759	21.4116	28.4596	82.07494	7.30375	3.7527	0.1512
6	40	c	9/9/2004	9:16	-152.51	59.98667	34	19	18.822	12.538	21.4567	28.5089	81.87849	7.28991	3.7116	0.1538
6	40	c	9/9/2004	9:16	-152.51	59.98667	34	20	19.812	12.4716	21.5295	28.5874	81.63663	7.2751	3.6284	0.1448
6	40	c	9/9/2004	9:16	-152.51	59.98667	34	21	20.803	12.418	21.5887	28.651	81.41684	7.26092	3.5314	0.1413
6	40	c	9/9/2004	9:16	-152.51	59.98667	34	22	21.793	12.4135	21.5941	28.657	81.40717	7.26049	3.5156	0.1371
6	40	c	9/9/2004	9:16	-152.51	59.98667	34	23	22.784	12.3829	21.6287	28.6944	81.0065	7.22778	3.5066	0.1347
6	40	c	9/9/2004	9:16	-152.51	59.98667	34	24	23.774	12.2761	21.746	28.8208	80.83028	7.22283	3.3582	0.1321
6	40	c	9/9/2004	9:16	-152.51	59.98667	34	25	24.765	12.213	21.8105	28.8894	80.62592	7.21121	3.0425	0.1323
6	40	c	9/9/2004	9:16	-152.51	59.98667	34	26	25.755	12.1632	21.8605	28.9423	80.62717	7.21662	2.8278	0.1345
6	40	c	9/9/2004	9:16	-152.51	59.98667	34	27	26.746	12.148	21.8747	28.957	80.60897	7.21668	2.6444	0.1308
6	40	c	9/9/2004	9:16	-152.51	59.98667	34	28	27.736	12.109	21.9138	28.9984	80.52373	7.21322	2.5536	0.1303
6	40	c	9/9/2004	9:16	-152.51	59.98667	34	29	28.727	12.0801	21.9414	29.0272	80.55514	7.2192	2.3831	0.126
6	41	c	9/9/2004	9:29	-152.48167	59.98733	31	1	0.991	12.6798	20.9507	27.8888	84.00589	7.48565	3.5052	0.2072
6	41	c	9/9/2004	9:29	-152.48167	59.98733	31	2	1.981	12.6901	20.9542	27.8958	84.14843	7.49638	3.5226	0.2152
6	41	c	9/9/2004	9:29	-152.48167	59.98733	31	3	2.972	12.6964	20.9724	27.9208	84.14948	7.49431	3.5559	0.2251
6	41	c	9/9/2004	9:29	-152.48167	59.98733	31	4	3.963	12.7022	20.9844	27.9378	84.18042	7.49534	3.573	0.2184
6	41	c	9/9/2004	9:29	-152.48167	59.98733	31	5	4.953	12.7139	20.9935	27.9522	84.14623	7.48977	3.5877	0.2126
6	41	c	9/9/2004	9:29	-152.48167	59.98733	31	6	5.944	12.712	21.0016	27.9622	84.14364	7.48936	3.601	0.2046
6	41	c	9/9/2004	9:29	-152.48167	59.98733	31	7	6.934	12.6911	21.0088	27.9666	84.08538	7.4873	3.6115	0.1957
6	41	c	9/9/2004	9:29	-152.48167	59.98733	31	8	7.925	12.6872	21.0185	27.9781	83.92043	7.4727	3.62	0.1942
6	41	c	9/9/2004	9:29	-152.48167	59.98733	31	9	8.915	12.6574	21.0359	27.9936	83.4722	7.43678	3.6292	0.1814
6	41	c	9/9/2004	9:29	-152.48167	59.98733	31	10	9.906	12.6246	21.054	28.0092	83.43957	7.43835	3.6624	0.1689
6	41	c	9/9/2004	9:29	-152.48167	59.98733	31	11	10.897	12.6389	21.1286	28.1089	83.27122	7.41647	3.6224	0.1814
6	41	c	9/9/2004	9:29	-152.48167	59.98733	31	12	11.887	12.6087	21.2393	28.2449	82.83627	7.37622	3.5452	0.1752
6	41	c	9/9/2004	9:29	-152.48167	59.98733	31	13	12.878	12.5435	21.3673	28.3948	82.45218	7.34535	3.4582	0.169
6	41	c	9/9/2004	9:29	-152.48167	59.98733	31	14	13.869	12.4964	21.4422	28.4805	82.17555	7.32413	3.3894	0.1599
6	41	c	9/9/2004	9:29	-152.48167	59.98733	31	15	14.859	12.459	21.4989	28.545	81.86423	7.29928	3.3609	0.1614
6	41	c	9/9/2004	9:29	-152.48167	59.98733	31	16	15.85	12.4271	21.5397	28.5901	81.43309	7.26373	3.3208	0.1523
6	41	c	9/9/2004	9:29	-152.48167	59.98733	31	17	16.84	12.3046	21.6933	28.7597	80.95615	7.23243	3.2493	0.1395
6	41	c	9/9/2004	9:29	-152.48167	59.98733	31	18	17.831	12.2228	21.7897	28.865	80.60435	7.20887	3.1001	0.1339
6	41	c	9/9/2004	9:29	-152.48167	59.98733	31	19	18.822	12.1562	21.8636	28.9449	80.37009	7.19458	3.0083	0.1267
6	41	c	9/9/2004	9:29	-152.48167	59.98733	31	20	19.812	12.0462	21.9699	29.0565	80.21855	7.19294	2.8719	0.1277
6	41	c	9/9/2004	9:29	-152.48167	59.98733	31	21	20.803	11.9636	22.042	29.1303	80.08401	7.19029	2.8434	0.1249
6	41	c	9/9/2004	9:29	-152.48167	59.98733	31	22	21.793	11.8619	22.1313	29.2221	79.96163	7.19089	2.7264	0.1245
6	41	c	9/9/2004	9:29	-152.48167	59.98733	31	23	22.784	11.7401	22.2413	29.3361	79.67262	7.17859	2.464	0.1377
6	41	c	9/9/2004	9:29	-152.48167	59.98733	31	24	23.774	11.5681	22.3992	29.5004	79.4863	7.18103	2.1	0.147
6	41	c	9/9/2004	9:29	-152.48167	59.98733	31	25	24.765	11.4436	22.5135	29.6197	79.57885	7.20338	1.7702	0.1613
6	42	c	9/9/2004	9:50	-152.42167	59.95667	26	1	0.991	12.7743	20.9385	27.8956	84.44157	7.50906	3.8186	0.2328
6	42	c	9/9/2004	9:50	-152.42167	59.95667	26	2	1.981	12.7563	20.9757	27.9394	84.22749	7.49084	3.8251	0.2291
6	42	c	9/9/2004	9:50	-152.42167	59.95667	26	3	2.972	12.7469	20.9816	27.9448	84.4132	7.5086	3.8257	0.2307
6	42	c	9/9/2004	9:50	-152.42167	59.95667	26	4	3.963	12.7577	20.9572	27.9157	84.35355	7.50294	3.8268	0.2274
6	42	c	9/9/2004	9:50	-152.42167	59.95667	26	5	4.953	12.7385	21.0111	27.981	84.07022	7.47775	3.8252	0.2213
6	42	c	9/9/2004	9:50	-152.42167	59.95667	26	6	5.944	12.6959	21.1271	28.1208	83.39559	7.41801	3.8313	0.2088
6	42	c	9/9/2004	9:50	-152.42167	59.95667	26	7	6.934	12.6415	21.2778	28.3026	82.86603	7.37107	3.8152	0.2025
6	42	c	9/9/2004	9:50	-152.42167	59.95667	26	8	7.925	12.5939	21.3554	28.3916	82.50084	7.34195	3.8203	0.1942
6	42	c	9/9/2004	9:50	-152.42167	59.95667	26	9	8.916	12.5096	21.4561	28.5018	81.90894	7.29736	3.8008	0.1841
6	42	c	9/9/2004	9:50	-152.42167	59.95667	26	10	9.906	12.3841	21.5927	28.6486	81.69996	7.29156	3.7398	0.1735
6	42	c	9/9/2004	9:50	-152.42167	59.95667	26	11	10.897	12.3517	21.6238	28.6811	81.67157	7.29259	3.6972	0.1715
6	42	c	9/9/2004	9:50	-152.42167	59.95667	26	12	11.887	12.351	21.6234	28.6804	81.58256	7.28478	3.6899	0.1712
6	42	c	9/9/2004	9:50	-152.42167	59.95667	26	13	12.878	12.3193	21.6563	28.7154	81.39433	7.27131	3.6863	0.1683
6	42	c	9/9/2004	9:50	-152.42167	59.95667	26	14	13.869	12.2818	21.6945	28.756	81.50718	7.28538	3.6564	0.1687
6	42	c	9/9/2004	9:50	-152.42167	59.95667	26	15	14.859	12.2923	21.6826	28.743	81.49712	7.28343	3.6494	0.1674
6	42	c	9/9/2004	9:50	-152.42167	59.95667	26	16	15.85	12.286	21.689	28.7497	81.49332	7.28378	3.656	0.1672
6	42	c	9/9/2004	9:50	-152.42167	59.95667	26	17	16.84	12.2714	21.7041	28.7659	81.43693	7.28027	3.651	0.1637
6	42	c	9/9/2004	9:50	-152.42167	59.95667	26	18	17.831	12.2687	21.7069	28.7687	81.3173	7.26988	3.6359	0.1621
6	42	c	9/9/2004	9:50	-152.42167	59.95667	26	19	18.821	12.251	21.7246	28.7875	81.33323	7.27319	3.633	0.1617
6	42	c	9/9/2004	9:50	-152.42167	59.95667	26	20	19.812	12.2452	21.7281	28.7906	81.31367	7.2722	3.6279	0.1633
6	42	c	9/9/2004	9:50	-152.42167	59.95667	26	21	20.803	12.2446	21.7289	28.7915	81.33257	7.27394	3.6278	0.1645
6	42	c	9/9/2004	9:50	-152.42167	59.95667	26	22	21.793	12.2161	21.7557	28.8195	81.31607	7.27563	3.6124	0.1629
6	42	c	9/9/2004	9:50	-152.42167	59.95667	26	23	22.784	12.2083	21.7622	28.826	81.22172	7.26811	3.5998	0.1643
6	42	c	9/9/2004	9:50	-152.42167	59.95667	26	24	23.774	12.2039	21.7661	28.83	81.23884	7.27014	3.5969	0.1591
6	42	c	9/9/2004	9:50	-152.42167	59.95667	26	25	24.765	12.1979	21.7706	28.8343	81.16079	7.26389	3.5942	0.1669
6	42	c	9/9/2004	9:50	-152.42167	59.95667	26	26	25.755	12.1981	21.7702	28.8338	81.21153	7.26844	3.5972	0.1632
6	43	c	9/9/2004	10:15	-152.36833	59.93833	50	1	0.991	12.9172	20.6465	27.552	84.83969	7.53772	3.8787	0.2246
6	43	c	9/9/2004	10:15	-152.36833	59.93833	50	2	1.981	12.9244	20.6489	27.5568	84.88012	7.53994	3.8749	0.2445
6	43	c	9/9/2004	10:15	-152.36833	59.93833	50	3	2.972	12.9216	20.6488	27.5561	84.95245	7.54684	3.8748	0.2408
6	43	c	9/9/2004	10:15	-152.36833	59.93833	50	4	3.962	12.9263	20.6553	27.5655	84.86413	7.53781	3.8724	0.2536
6	43	c	9/9/2004	10:15	-152.36833	59.93833	50	5	4.953	12.9224	20.6843	27.6021	84.87585	7.53776	3.8674	0.256
6	43	c	9/9/2004	10:15	-152.36833	59.93833	50	6	5.944	12.9069	20.7069	27.6276	84.92451	7.54335	3.8683	0.2588
6	43	c	9/9/2004	10:15	-152.36833	59.93833	50	7	6.934	12.8907	20.7245	27.6464	84.94186	7.5466	3.8638	0.2554
6	43	c	9/9/2004	10:15	-152.36833	59.93833	50	8	7.925	12.8871	20.7282	27.6503	84.77477	7.53216	3.864	0.2548
6	43	c	9/9/2004	10:15	-152.36833	59.93833	50	9	8.916	12.8735	20.7554	27.6822	84.57415	7.51502	3.8612	0.2628
6	43	c	9/9/2004	10:15	-152.36833	59.93833	50	10	9.906	12.8804	20.8117	27.7568	84.38987	7.49406	3.8509	0.2771
6	43	c	9/9/2004	10:15	-152.36833	59.93833	50	11	10.897	12.899	20.8342	27.7902	84.28627	7.48036	3.8392	0.2788
6	43	c	9/9/2004	10:15	-152.36833	59.93833	50	12	11.887	12.9026	20.8429	27.8023	83.979	7.45195	3.8413	0.2838
6	43	c	9/9/2004	10:15	-152.36833	59.93833	50	13	12.878	12.8729	20.8977	27.8661	83.33459	7.39649	3.8447	0.2634
6	43	c	9/9/2004	10:15	-152.36833	59.93833	50	14	13.869	12.7307	21.1224	28.1228	82.69421	7.35008	3.8525	0.2374
6	43	c	9/9/2004	10:15	-152.36833	59.93833	50	15	14.859	12.6699	21.2159	28.2292	82.27429	7.31737	3.863	0.2161
6	43	c	9/9/2004	10:15	-152.36833	59.93833	50	16	15.85	12.6482	21.2556	28.2752	82.19791	7.31185	3.8702	0.2098
6	43	c	9/9/2004	10:15	-152.36833	59.93833	50	17	16.84	12.6346	21.2826	28.3069	82.12825	7.30633	3.8742	0.205
6	43	c	9/9/2004	10:15	-152.36833	59.93833	50	18	17.831	12.6275	21.2982	28.3253	82.12303	7.30612	3.8763	0.2071
6	43	c	9/9/2004	10:15	-152.36833	59.93833	50	19	18.822	12.6189	21.3187	28.3498	82.07801	7.30234	3.876	0.2001
6	43	c	9/9/2004	10:15	-152.36833	59.93833	50	20	19.812	12.6147	21.3299	28.3632	82.0314	7.29824	3.8771	0.1946
6	43	c	9/9/2004	10:15	-152.36833	59.93833	50	21	20.803	12.6125	21.3386	28.3739	82.15217	7.30884	3.8802	0.1927
6	43	c	9/9/2004	10:15	-152.36833	59.93833	50	22	21.793	12.6032	21.3569	28.3953	81.98938	7.29482	3.8789	0.1892
6	43	c	9/9/2004	10:15	-152.36833	59.93833	50	23	22.784	12.5236	21.4727	28.5262	81.5898	7.26564	3.8764	0.1852
6	43	c	9/9/2004	10:15	-152.36833	59.93833	50	24	23.775	12.3907	21.6324	28.7011	81.34909	7.25684	3.8649	0.1655
6	43	c	9/9/2004	10:15	-152.36833	59.93833	50	25	24.765	12.3029	21.7254	28.8006	81.05334	7.23954	3.8524	0.1516
6	43	c	9/9/2004	10:15	-152.36833	59.93833	50	26	25.755	12.1924	21.8457	28.9299	80.87469	7.23481	3.8431	0.1412
6	43	c	9/9/2004	10:15	-152.36833	59.93833	50	27	26.746	12.1642	21.8709	28.956	80.77802	7.22936	3.8386	0.1405
6	43	c	9/9/2004	10:15	-152.36833	59.93833	50	28	27.736	12.1532	21.8766	28.9606	80.81148	7.23384	3.8382	0.1444
6	43	c	9/9/2004	10:15	-152.36833	59.93833	50	29	28.727	12.137	21.8871	28.9705	80.85648	7.23994	3.8384	0.145
6	43	c	9/9/2004	10:15	-152.36833	59.93833	50	30	29.717	12.1309	21.8913	28.9743	80.78952	7.23472	3.8416	0.1471
6	43	c	9/9/2004	10:15	-152.36833	59.93833	50	31	30.708	12.1257	21.8951	28.978	80.84387	7.24022	3.8445	0.1467
6	43	c	9/9/2004	10:15	-152.36833	59.93833	50	32	31.698	12.0853	21.9288	29.0122	80.73431	7.23512	3.8455	0.1481
6	43	c	9/9/2004	10:15	-152.36833	59.93833	50	33	32.689	12.0104	21.9955	29.0809	80.64914	7.23601	3.8487	0.1447
6	43	c	9/9/2004	10:15	-152.36833	59.93833	50	34	33.679	11.9614	22.0383	29.1247	80.60786	7.23793	3.851	0.1393
6	43	c	9/9/2004	10:15	-152.36833	59.93833	50	35	34.67	11.9333	22.0633	29.1505	80.47455	7.22916	3.8535	0.1355
6	43	c	9/9/2004	10:15	-152.36833	59.93833	50	36	35.66	11.8702	22.1217	29.2112	80.33578	7.22375	3.8514	0.1341
6	43	c	9/9/2004	10:15	-152.36833	59.93833	50	37	36.651	11.7799	22.2043	29.2971	80.42458	7.2419	3.8531	0.1357
6	43	c	9/9/2004	10:15	-152.36833	59.93833	50	38	37.641	11.7312	22.2463	29.3401	80.26513	7.23318	3.8508	0.1361
6	43	c	9/9/2004	10:15	-152.36833	59.93833	50	39	38.632	11.6873	22.2857	29.3809	80.37523	7.24811	3.8471	0.1314
6	43	c	9/9/2004	10:15	-152.36833	59.93833	50	40	39.622	11.6575	22.3115	29.4072	80.27147	7.24222	3.8462	0.1312
6	43	c	9/9/2004	10:15	-152.36833	59.93833	50	41	40.613	11.6119	22.3506	29.4474	80.16362	7.23778	3.842	0.1281
6	43	c	9/9/2004	10:15	-152.36833	59.93833	50	42	41.603	11.5347	22.4179	29.5165	79.95801	7.22814	3.8363	0.1343
6	43	c	9/9/2004	10:15	-152.36833	59.93833	50	43	42.593	11.423	22.5165	29.6184	79.85971	7.23209	3.8451	0.1355
6	43	c	9/9/2004	10:15	-152.36833	59.93833	50	44	43.584	11.2757	22.6467	29.7531	79.77858	7.24173	3.8458	0.1334
6	43	c	9/9/2004	10:15	-152.36833	59.93833	50	45	44.575	11.0898	22.8169	29.9309	79.8939	7.27341	3.8745	0.147
6	44	c	9/9/2004	10:35	-152.30833	59.91833	112	1	0.991	12.9699	20.5996	27.5039	84.85159	7.53261	3.7979	0.2144
6	44	c	9/9/2004	10:35	-152.30833	59.91833	112	2	1.981	12.9754	20.5986	27.504	84.88665	7.53484	3.8071	0.2162
6	44	c	9/9/2004	10:35	-152.30833	59.91833	112	3	2.972	12.976	20.5988	27.5044	84.82149	7.52894	3.8138	0.2266
6	44	c	9/9/2004	10:35	-152.30833	59.91833	112	4	3.962	12.9736	20.5987	27.5036	84.95085	7.54085	3.8097	0.2674
6	44	c	9/9/2004	10:35	-152.30833	59.91833	112	5	4.953	12.9856	20.6009	27.5094	84.9215	7.53607	3.8014	0.259
6	44	c	9/9/2004	10:35	-152.30833	59.91833	112	6	5.944	13.0242	20.6044	27.5231	84.79138	7.51774	3.8177	0.2454
6	44	c	9/9/2004	10:35	-152.30833	59.91833	112	7	6.934	13.0466	20.6057	27.5302	84.91045	7.52438	3.8216	0.2351
6	44	c	9/9/2004	10:35	-152.30833	59.91833	112	8	7.925	13.0537	20.6048	27.5307	84.82806	7.51594	3.8309	0.227
6	44	c	9/9/2004	10:35	-152.30833	59.91833	112	9	8.916	13.0423	20.6043	27.5273	84.88517	7.52297	3.8361	0.2185
6	44	c	9/9/2004	10:35	-152.30833	59.91833	112	10	9.906	13.0782	20.6135	27.5478	84.81881	7.51043	3.8407	0.2063
6	44	c	9/9/2004	10:35	-152.30833	59.91833	112	11	10.897	13.1137	20.6398	27.5905	84.83643	7.50436	3.8398	0.1933
6	44	c	9/9/2004	10:35	-152.30833	59.91833	112	12	11.888	13.1113	20.6859	27.6495	84.8576	7.50386	3.842	0.1922
6	44	c	9/9/2004	10:35	-152.30833	59.91833	112	13	12.878	13.1148	20.7166	27.6901	84.87113	7.50261	3.8498	0.1852
6	44	c	9/9/2004	10:35	-152.30833	59.91833	112	14	13.868	13.1103	20.7336	27.711	84.84517	7.50007	3.855	0.1888
6	44	c	9/9/2004	10:35	-152.30833	59.91833	112	15	14.859	13.0803	20.772	27.7535	84.83687	7.5021	3.8606	0.1827
6	44	c	9/9/2004	10:35	-152.30833	59.91833	112	16	15.85	13.0715	20.8195	27.8128	84.64853	7.48409	3.8679	0.1785
6	44	c	9/9/2004	10:35	-152.30833	59.91833	112	17	16.84	13.0233	20.9192	27.9302	84.28238	7.45387	3.8769	0.1714
6	44	c	9/9/2004	10:35	-152.30833	59.91833	112	18	17.831	12.953	20.9949	28.011	83.64463	7.40475	3.8826	0.1651
6	44	c	9/9/2004	10:35	-152.30833	59.91833	112	19	18.821	12.8067	21.1528	28.1802	83.12935	7.37421	3.8831	0.1588
6	44	c	9/9/2004	10:35	-152.30833	59.91833	112	20	19.812	12.6929	21.2427	28.2691	82.75027	7.35427	3.8734	0.1511
6	44	c	9/9/2004	10:35	-152.30833	59.91833	112	21	20.803	12.6059	21.3287	28.3595	82.22552	7.31704	3.8543	0.1458
6	44	c	9/9/2004	10:35	-152.30833	59.91833	112	22	21.793	12.4119	21.5719	28.6279	81.66019	7.28463	3.8376	0.1347
6	44	c	9/9/2004	10:35	-152.30833	59.91833	112	23	22.784	12.26	21.7581	28.8328	81.16351	7.25455	3.8153	0.1247
6	44	c	9/9/2004	10:35	-152.30833	59.91833	112	24	23.774	12.1436	21.8971	28.985	80.82137	7.23511	3.7971	0.1189
6	44	c	9/9/2004	10:35	-152.30833	59.91833	112	25	24.765	12.0527	21.9879	29.0811	80.15786	7.1854	3.7885	0.1198
6	44	c	9/9/2004	10:35	-152.30833	59.91833	112	26	25.755	11.5284	22.5269	29.656	80.08318	7.23413	3.7792	0.1147
6	44	c	9/9/2004	10:35	-152.30833	59.91833	112	27	26.746	11.3335	22.7152	29.8546	80.08733	7.25601	3.8123	0.1146
6	44	c	9/9/2004	10:35	-152.30833	59.91833	112	28	27.736	11.2521	22.7922	29.9357	80.27201	7.28188	3.8496	0.1317
6	44	c	9/9/2004	10:35	-152.30833	59.91833	112	29	28.727	11.2236	22.8099	29.952	80.22164	7.28108	3.8615	0.1305
6	44	c	9/9/2004	10:35	-152.30833	59.91833	112	30	29.718	11.1986	22.8274	29.9689	80.1479	7.27757	3.8709	0.1272
6	44	c	9/9/2004	10:35	-152.30833	59.91833	112	31	30.708	11.1258	22.8817	30.0227	79.79029	7.25411	3.8839	0.1311
6	44	c	9/9/2004	10:35	-152.30833	59.91833	112	32	31.699	10.862	23.1151	30.2649	79.72869	7.27926	3.9254	0.1569
6	44	c	9/9/2004	10:35	-152.30833	59.91833	112	33	32.689	10.4437	23.4406	30.5928	80.27073	7.38102	4.0204	0.2588
6	44	c	9/9/2004	10:35	-152.30833	59.91833	112	34	33.679	9.9993	23.7797	30.9342	80.4234	7.45175	4.1595	0.3513
6	44	c	9/9/2004	10:35	-152.30833	59.91833	112	35	34.67	9.746	23.9576	31.1098	80.22842	7.46729	4.2599	0.322
6	44	c	9/9/2004	10:35	-152.30833	59.91833	112	36	35.66	9.7076	23.9806	31.1314	79.99801	7.4512	4.2978	0.2887
6	44	c	9/9/2004	10:35	-152.30833	59.91833	112	37	36.651	9.7006	23.9831	31.1331	79.90414	7.44353	4.3015	0.2894
6	44	c	9/9/2004	10:35	-152.30833	59.91833	112	38	37.641	9.6925	23.9869	31.1363	79.77971	7.43312	4.3082	0.2726
6	44	c	9/9/2004	10:35	-152.30833	59.91833	112	39	38.632	9.6864	23.9892	31.138	79.5397	7.41169	4.3062	0.2702
6	44	c	9/9/2004	10:35	-152.30833	59.91833	112	40	39.622	9.6621	24.0039	31.1518	79.37157	7.39939	4.3104	0.2654
6	44	c	9/9/2004	10:35	-152.30833	59.91833	112	41	40.613	9.6487	24.0131	31.1608	79.32245	7.39659	4.3173	0.2539
6	44	c	9/9/2004	10:35	-152.30833	59.91833	112	42	41.603	9.6373	24.0204	31.1679	79.22537	7.38908	4.3282	0.2416
6	44	c	9/9/2004	10:35	-152.30833	59.91833	112	43	42.594	9.6301	24.0246	31.1718	79.15224	7.38327	4.3293	0.2424
6	44	c	9/9/2004	10:35	-152.30833	59.91833	112	44	43.584	9.6261	24.0264	31.1733	79.19226	7.38758	4.3384	0.2471
6	44	c	9/9/2004	10:35	-152.30833	59.91833	112	45	44.574	9.6227	24.0288	31.1756	79.0589	7.3756	4.339	0.2347
6	44	c	9/9/2004	10:35	-152.30833	59.91833	112	46	45.565	9.6199	24.0306	31.1773	79.0497	7.37512	4.3435	0.2405
6	44	c	9/9/2004	10:35	-152.30833	59.91833	112	47	46.555	9.6166	24.0326	31.1792	79.06225	7.37675	4.3407	0.2511
6	44	c	9/9/2004	10:35	-152.30833	59.91833	112	48	47.546	9.6115	24.0357	31.1821	78.98793	7.37051	4.3422	0.2262
6	44	c	9/9/2004	10:35	-152.30833	59.91833	112	49	48.536	9.5895	24.0515	31.1979	78.93014	7.368	4.3468	0.2518
6	44	c	9/9/2004	10:35	-152.30833	59.91833	112	50	49.527	9.5642	24.0689	31.215	78.90879	7.36935	4.3577	0.2312
6	44	c	9/9/2004	10:35	-152.30833	59.91833	112	51	50.517	9.5542	24.0751	31.2208	78.87176	7.36727	4.3727	0.2086
6	44	c	9/9/2004	10:35	-152.30833	59.91833	112	52	51.508	9.5505	24.0771	31.2227	78.81312	7.36231	4.3688	0.2358
6	44	c	9/9/2004	10:35	-152.30833	59.91833	112	53	52.498	9.5418	24.0816	31.2266	78.84274	7.36633	4.3788	0.216
6	44	c	9/9/2004	10:35	-152.30833	59.91833	112	54	53.488	9.5391	24.083	31.2278	78.68044	7.35156	4.3845	0.2099
6	44	c	9/9/2004	10:35	-152.30833	59.91833	112	55	54.479	9.5369	24.0838	31.2285	78.57519	7.34204	4.3821	0.2099
6	44	c	9/9/2004	10:35	-152.30833	59.91833	112	56	55.469	9.534	24.0852	31.2297	78.43151	7.32905	4.3861	0.2144
6	44	c	9/9/2004	10:35	-152.30833	59.91833	112	57	56.459	9.524	24.0902	31.234	78.15301	7.30444	4.3947	0.1843
6	44	c	9/9/2004	10:35	-152.30833	59.91833	112	58	57.45	9.5206	24.0916	31.2351	78.16659	7.30621	4.4014	0.1912
6	44	c	9/9/2004	10:35	-152.30833	59.91833	112	59	58.44	9.5201	24.0919	31.2353	78.2815	7.31704	4.3966	0.1801
6	44	c	9/9/2004	10:35	-152.30833	59.91833	112	60	59.43	9.5186	24.0926	31.2358	78.20901	7.31048	4.3984	0.1951
6	44	c	9/9/2004	10:35	-152.30833	59.91833	112	61	60.421	9.5124	24.0959	31.2388	78.09995	7.30116	4.3966	0.1806
6	44	c	9/9/2004	10:35	-152.30833	59.91833	112	62	61.411	9.506	24.0989	31.2414	77.91647	7.28492	4.4067	0.1633
6	44	c	9/9/2004	10:35	-152.30833	59.91833	112	63	62.401	9.4995	24.1029	31.2451	77.84239	7.27889	4.4018	0.1558
6	44	c	9/9/2004	10:35	-152.30833	59.91833	112	64	63.392	9.4972	24.1043	31.2465	77.85142	7.28005	4.4102	0.1559
6	44	c	9/9/2004	10:35	-152.30833	59.91833	112	65	64.382	9.4964	24.1049	31.247	77.88831	7.2836	4.4105	0.1684
6	44	c	9/9/2004	10:35	-152.30833	59.91833	112	66	65.373	9.4958	24.1053	31.2474	77.85999	7.28103	4.4079	0.1736
6	44	c	9/9/2004	10:35	-152.30833	59.91833	112	67	66.363	9.4965	24.1049	31.2471	77.98377	7.29249	4.4026	0.1632
6	44	c	9/9/2004	10:35	-152.30833	59.91833	112	68	67.353	9.4894	24.1093	31.2512	77.87307	7.28312	4.4102	0.1685
6	44	c	9/9/2004	10:35	-152.30833	59.91833	112	69	68.343	9.4863	24.1113	31.2531	77.95463	7.29117	4.4139	0.1567
6	44	c	9/9/2004	10:35	-152.30833	59.91833	112	70	69.334	9.485	24.1119	31.2536	77.82411	7.27915	4.4135	0.1525
6	44	c	9/9/2004	10:35	-152.30833	59.91833	112	71	70.324	9.4803	24.1142	31.2556	77.90491	7.28737	4.4113	0.1671
6	44	c	9/9/2004	10:35	-152.30833	59.91833	112	72	71.315	9.4791	24.1149	31.2562	77.82994	7.28052	4.4138	0.1691
6	44	c	9/9/2004	10:35	-152.30833	59.91833	112	73	72.305	9.4788	24.115	31.2563	77.69209	7.26768	4.4166	0.1523
6	44	c	9/9/2004	10:35	-152.30833	59.91833	112	74	73.295	9.4775	24.1157	31.2569	77.74286	7.27261	4.417	0.1536
6	44	c	9/9/2004	10:35	-152.30833	59.91833	112	75	74.285	9.4637	24.1235	31.2641	77.73939	7.27419	4.4169	0.1731
6	44	c	9/9/2004	10:35	-152.30833	59.91833	112	76	75.276	9.4385	24.1379	31.2774	78.35972	7.33576	4.4071	0.1521
6	44	c	9/9/2004	10:35	-152.30833	59.91833	112	77	76.266	9.4231	24.1467	31.2856	79.48447	7.44323	4.4069	0.164
6	44	c	9/9/2004	10:35	-152.30833	59.91833	112	78	77.256	9.4135	24.1521	31.2905	80.31968	7.52281	4.4042	0.1566
6	44	c	9/9/2004	10:35	-152.30833	59.91833	112	79	78.246	9.4138	24.1521	31.2905	80.92215	7.5792	4.3945	0.1566
6	44	c	9/9/2004	10:35	-152.30833	59.91833	112	80	79.237	9.4114	24.1533	31.2916	81.6174	7.64467	4.3918	0.1574
6	44	c	9/9/2004	10:35	-152.30833	59.91833	112	81	80.227	9.4104	24.154	31.2922	82.22657	7.70186	4.3924	0.156
6	44	c	9/9/2004	10:35	-152.30833	59.91833	112	82	81.217	9.4092	24.1546	31.2927	82.60474	7.73747	4.3885	0.1566
6	44	c	9/9/2004	10:35	-152.30833	59.91833	112	83	82.207	9.4085	24.1551	31.2933	83.21837	7.79504	4.3787	0.1205
6	45	c	9/9/2004	11:02	-152.25333	59.9	82	1	0.991	13.2055	19.3216	25.905	83.28514	7.43019	3.5126	0.1678
6	45	c	9/9/2004	11:02	-152.25333	59.9	82	2	1.981	13.2182	19.3526	25.9483	83.30151	7.42765	3.5258	0.1766
6	45	c	9/9/2004	11:02	-152.25333	59.9	82	3	2.972	13.2285	19.3903	25.9996	83.22014	7.41642	3.5514	0.1826
6	45	c	9/9/2004	11:02	-152.25333	59.9	82	4	3.963	13.247	19.4644	26.1	83.11123	7.39921	3.5825	0.178
6	45	c	9/9/2004	11:02	-152.25333	59.9	82	5	4.953	13.2655	19.5181	26.1741	83.01508	7.38437	3.6366	0.1751
6	45	c	9/9/2004	11:02	-152.25333	59.9	82	6	5.944	13.2841	19.5309	26.1952	82.92483	7.37247	3.6434	0.1802
6	45	c	9/9/2004	11:02	-152.25333	59.9	82	7	6.934	13.285	19.5662	26.2411	82.86542	7.36496	3.6534	0.1802
6	45	c	9/9/2004	11:02	-152.25333	59.9	82	8	7.925	13.2369	19.8295	26.5706	82.75378	7.34747	3.5658	0.1982
6	45	c	9/9/2004	11:02	-152.25333	59.9	82	9	8.916	13.1777	20.0989	26.9054	82.62033	7.32956	3.3732	0.2035
6	45	c	9/9/2004	11:02	-152.25333	59.9	82	10	9.906	12.9676	20.552	27.4415	82.29468	7.30882	3.2749	0.1925
6	45	c	9/9/2004	11:02	-152.25333	59.9	82	11	10.897	12.6653	20.9876	27.9329	81.93245	7.30115	3.345	0.1862
6	45	c	9/9/2004	11:02	-152.25333	59.9	82	12	11.888	12.273	21.5507	28.5682	81.83609	7.32475	3.5222	0.1794
6	45	c	9/9/2004	11:02	-152.25333	59.9	82	13	12.878	12.0561	21.8626	28.9204	82.33687	7.38765	3.6582	0.203
6	45	c	9/9/2004	11:02	-152.25333	59.9	82	14	13.869	11.8419	22.1787	29.279	83.73275	7.53062	3.7457	0.2568
6	45	c	9/9/2004	11:02	-152.25333	59.9	82	15	14.859	11.7633	22.3421	29.4716	85.41097	7.68525	3.7661	0.3232
6	45	c	9/9/2004	11:02	-152.25333	59.9	82	16	15.85	11.537	22.628	29.7886	89.2451	8.0538	3.7991	0.7037
6	45	c	9/9/2004	11:02	-152.25333	59.9	82	17	16.84	11.1927	22.9408	30.1139	93.48925	8.48234	3.7362	1.6012
6	45	c	9/9/2004	11:02	-152.25333	59.9	82	18	17.831	10.9302	23.1449	30.3185	92.34374	8.41552	3.5693	1.4845
6	45	c	9/9/2004	11:02	-152.25333	59.9	82	19	18.821	10.6565	23.3291	30.4956	90.49572	8.28738	3.667	1.1764
6	45	c	9/9/2004	11:02	-152.25333	59.9	82	20	19.812	10.5107	23.4027	30.5586	89.43639	8.21339	3.7603	1.0615
6	45	c	9/9/2004	11:02	-152.25333	59.9	82	21	20.803	10.4013	23.4799	30.6343	89.67534	8.25122	3.8091	1.1057
6	45	c	9/9/2004	11:02	-152.25333	59.9	82	22	21.793	10.3787	23.4987	30.6537	90.10469	8.29383	3.8146	1.2349
6	45	c	9/9/2004	11:02	-152.25333	59.9	82	23	22.784	10.3688	23.5092	30.6651	90.19594	8.30345	3.7687	1.234
6	45	c	9/9/2004	11:02	-152.25333	59.9	82	24	23.774	10.3086	23.5496	30.7041	89.84425	8.28	3.774	1.2037
6	45	c	9/9/2004	11:02	-152.25333	59.9	82	25	24.765	10.2626	23.5809	30.7345	89.44704	8.25017	3.7956	1.1745
6	45	c	9/9/2004	11:02	-152.25333	59.9	82	26	25.755	10.1822	23.6341	30.7859	88.54406	8.17872	3.807	1.0743
6	45	c	9/9/2004	11:02	-152.25333	59.9	82	27	26.746	10.1196	23.6764	30.8269	87.80225	8.11933	3.8636	0.9422
6	45	c	9/9/2004	11:02	-152.25333	59.9	82	28	27.736	10.0691	23.7116	30.8615	87.20953	8.07176	3.9084	0.9075
6	45	c	9/9/2004	11:02	-152.25333	59.9	82	29	28.727	9.9885	23.7691	30.9184	86.66661	8.03295	3.9542	0.8524
6	45	c	9/9/2004	11:02	-152.25333	59.9	82	30	29.717	9.9396	23.8034	30.9522	86.42203	8.01726	3.994	0.8659
6	45	c	9/9/2004	11:02	-152.25333	59.9	82	31	30.708	9.8856	23.8426	30.9913	86.23566	8.00758	4.0121	0.7868
6	45	c	9/9/2004	11:02	-152.25333	59.9	82	32	31.698	9.8646	23.858	31.0066	86.19856	8.00708	4.0323	0.7885
6	45	c	9/9/2004	11:02	-152.25333	59.9	82	33	32.689	9.867	23.8553	31.0036	86.29301	8.01559	4.0407	0.7697
6	45	c	9/9/2004	11:02	-152.25333	59.9	82	34	33.679	9.8463	23.8704	31.0186	86.29625	8.01882	4.0339	0.7205
6	45	c	9/9/2004	11:02	-152.25333	59.9	82	35	34.67	9.8179	23.8903	31.0383	86.14618	8.00893	4.0413	0.7567
6	45	c	9/9/2004	11:02	-152.25333	59.9	82	36	35.66	9.7771	23.9181	31.0656	85.93185	7.99485	4.0526	0.7547
6	45	c	9/9/2004	11:02	-152.25333	59.9	82	37	36.651	9.7257	23.9532	31.1	85.64492	7.97554	4.0677	0.6558
6	45	c	9/9/2004	11:02	-152.25333	59.9	82	38	37.641	9.7019	23.9682	31.1143	85.62122	7.97683	4.0924	0.6522
6	45	c	9/9/2004	11:02	-152.25333	59.9	82	39	38.632	9.6972	23.9712	31.1172	85.54908	7.97081	4.1219	0.6498
6	45	c	9/9/2004	11:02	-152.25333	59.9	82	40	39.622	9.6512	24.0038	31.1496	84.98444	7.92467	4.1351	0.5666
6	45	c	9/9/2004	11:02	-152.25333	59.9	82	41	40.613	9.6182	24.0262	31.1714	84.69325	7.90225	4.1633	0.5354
6	45	c	9/9/2004	11:02	-152.25333	59.9	82	42	41.603	9.6054	24.0348	31.1799	84.61825	7.89708	4.1819	0.5057
6	45	c	9/9/2004	11:02	-152.25333	59.9	82	43	42.593	9.5951	24.0423	31.1874	84.55044	7.89217	4.2017	0.5165
6	45	c	9/9/2004	11:02	-152.25333	59.9	82	44	43.584	9.583	24.0503	31.1951	84.45972	7.88546	4.2115	0.4649
6	45	c	9/9/2004	11:02	-152.25333	59.9	82	45	44.575	9.5741	24.0555	31.2	84.37171	7.87855	4.2249	0.4478
6	45	c	9/9/2004	11:02	-152.25333	59.9	82	46	45.565	9.5736	24.0555	31.1998	84.39796	7.8811	4.2352	0.4722
6	45	c	9/9/2004	11:02	-152.25333	59.9	82	47	46.555	9.5712	24.0568	31.201	84.40661	7.88227	4.2409	0.4833
6	45	c	9/9/2004	11:02	-152.25333	59.9	82	48	47.546	9.5646	24.061	31.205	84.38619	7.88132	4.2421	0.4423
6	45	c	9/9/2004	11:02	-152.25333	59.9	82	49	48.536	9.5528	24.0701	31.2142	84.4606	7.88989	4.2468	0.4451
6	45	c	9/9/2004	11:02	-152.25333	59.9	82	50	49.527	9.5485	24.0733	31.2175	84.48912	7.89315	4.2519	0.4441
6	45	c	9/9/2004	11:02	-152.25333	59.9	82	51	50.517	9.5419	24.0779	31.222	84.42859	7.88843	4.2516	0.4308
6	45	c	9/9/2004	11:02	-152.25333	59.9	82	52	51.507	9.537	24.0814	31.2254	84.35557	7.8823	4.2554	0.4237
6	45	c	9/9/2004	11:02	-152.25333	59.9	82	53	52.498	9.5334	24.0838	31.2278	84.29943	7.87757	4.2599	0.44
6	45	c	9/9/2004	11:02	-152.25333	59.9	82	54	53.488	9.5241	24.09	31.2338	84.35286	7.88389	4.2592	0.4215
6	45	c	9/9/2004	11:02	-152.25333	59.9	82	55	54.479	9.5151	24.0962	31.24	84.43238	7.89261	4.2684	0.4048
6	45	c	9/9/2004	11:02	-152.25333	59.9	82	56	55.469	9.511	24.0986	31.2421	84.33158	7.8838	4.2777	0.3743
6	45	c	9/9/2004	11:02	-152.25333	59.9	82	57	56.459	9.5072	24.1005	31.2438	84.24192	7.87601	4.2741	0.385
6	45	c	9/9/2004	11:02	-152.25333	59.9	82	58	57.45	9.5	24.1044	31.2472	84.14114	7.86768	4.2852	0.3774
6	45	c	9/9/2004	11:02	-152.25333	59.9	82	59	58.44	9.4963	24.1063	31.2489	84.17221	7.87114	4.2901	0.3483
6	45	c	9/9/2004	11:02	-152.25333	59.9	82	60	59.43	9.4959	24.1064	31.249	84.11859	7.86621	4.302	0.3634
6	45	c	9/9/2004	11:02	-152.25333	59.9	82	61	60.421	9.4956	24.1067	31.2492	84.15117	7.86929	4.3054	0.3341
6	45	c	9/9/2004	11:02	-152.25333	59.9	82	62	61.411	9.493	24.1081	31.2505	84.10095	7.86497	4.3029	0.3435
6	45	c	9/9/2004	11:02	-152.25333	59.9	82	63	62.401	9.4893	24.1103	31.2525	84.0469	7.86047	4.3098	0.3289
6	45	c	9/9/2004	11:02	-152.25333	59.9	82	64	63.392	9.4821	24.1147	31.2567	84.03118	7.86006	4.304	0.3665
6	45	c	9/9/2004	11:02	-152.25333	59.9	82	65	64.382	9.4779	24.1171	31.259	83.97831	7.85574	4.3095	0.3154
6	45	c	9/9/2004	11:02	-152.25333	59.9	82	66	65.373	9.4698	24.1223	31.264	83.88531	7.84821	4.3159	0.2917
6	45	c	9/9/2004	11:02	-152.25333	59.9	82	67	66.363	9.4501	24.1357	31.2771	83.71946	7.8355	4.3206	0.3103
6	45	c	9/9/2004	11:02	-152.25333	59.9	82	68	67.353	9.4206	24.157	31.2984	83.72288	7.83991	4.3256	0.2878
6	45	c	9/9/2004	11:02	-152.25333	59.9	82	69	68.343	9.3908	24.1814	31.3237	83.81873	7.85287	4.3169	0.2917
6	45	c	9/9/2004	11:02	-152.25333	59.9	82	70	69.334	9.3902	24.1813	31.3234	83.92791	7.86321	4.312	0.3062
6	45	c	9/9/2004	11:02	-152.25333	59.9	82	71	70.324	9.3912	24.1805	31.3226	83.86224	7.85694	4.3102	0.3062
6	45	c	9/9/2004	11:02	-152.25333	59.9	82	72	71.315	9.3923	24.1796	31.3215	83.74421	7.84573	4.312	0.3
6	46	c	9/9/2004	11:29	-152.2	59.88	73	1	0.991	13.0578	18.884	25.3028	83.20602	7.4743	3.5357	0.171
6	46	c	9/9/2004	11:29	-152.2	59.88	73	2	1.981	12.9339	19.226	25.7165	82.98387	7.45484	3.519	0.1914
6	46	c	9/9/2004	11:29	-152.2	59.88	73	3	2.972	12.4048	20.3949	27.1056	83.67537	7.53679	3.5408	0.2033
6	46	c	9/9/2004	11:29	-152.2	59.88	73	4	3.963	11.9107	21.6548	28.6189	93.32045	8.41522	3.5754	0.8106
6	46	c	9/9/2004	11:29	-152.2	59.88	73	5	4.953	11.61	22.3903	29.499	98.48298	8.88931	3.4248	1.3912
6	46	c	9/9/2004	11:29	-152.2	59.88	73	6	5.944	11.5674	22.4603	29.5796	99.73587	9.0061	3.3909	1.4664
6	46	c	9/9/2004	11:29	-152.2	59.88	73	7	6.934	11.5126	22.5234	29.6484	99.65964	9.00601	3.3654	1.6615
6	46	c	9/9/2004	11:29	-152.2	59.88	73	8	7.925	11.0894	22.9474	30.0997	99.45621	9.0448	3.3482	2.0335
6	46	c	9/9/2004	11:29	-152.2	59.88	73	9	8.916	10.7853	23.283	30.4644	96.70736	8.83295	3.3794	1.9382
6	46	c	9/9/2004	11:29	-152.2	59.88	73	10	9.906	10.5635	23.4609	30.6451	91.38179	8.37747	3.5027	1.3863
6	46	c	9/9/2004	11:29	-152.2	59.88	73	11	10.897	10.257	23.6174	30.7806	87.34483	8.05491	3.7305	0.8501
6	46	c	9/9/2004	11:29	-152.2	59.88	73	12	11.887	10.1705	23.6868	30.8513	85.85837	7.92942	3.9966	0.7811
6	46	c	9/9/2004	11:29	-152.2	59.88	73	13	12.878	10.1496	23.7056	30.871	85.35973	7.88604	4.0802	0.772
6	46	c	9/9/2004	11:29	-152.2	59.88	73	14	13.869	10.1476	23.707	30.8724	85.17697	7.86942	4.097	0.7581
6	46	c	9/9/2004	11:29	-152.2	59.88	73	15	14.859	10.146	23.7076	30.8728	85.09241	7.86187	4.0964	0.7491
6	46	c	9/9/2004	11:29	-152.2	59.88	73	16	15.85	10.1441	23.709	30.8741	85.10029	7.86286	4.0987	0.7327
6	46	c	9/9/2004	11:29	-152.2	59.88	73	17	16.84	10.1427	23.71	30.8751	85.16294	7.86885	4.1083	0.7325
6	46	c	9/9/2004	11:29	-152.2	59.88	73	18	17.831	10.1392	23.7124	30.8775	85.09053	7.86265	4.091	0.7386
6	46	c	9/9/2004	11:29	-152.2	59.88	73	19	18.822	10.1392	23.7122	30.8772	85.10478	7.86398	4.0936	0.6998
6	46	c	9/9/2004	11:29	-152.2	59.88	73	20	19.812	10.136	23.7143	30.8791	85.15626	7.8692	4.0899	0.7449
6	46	c	9/9/2004	11:29	-152.2	59.88	73	21	20.803	10.1277	23.7196	30.8841	85.23185	7.87738	4.0869	0.7018
6	46	c	9/9/2004	11:29	-152.2	59.88	73	22	21.793	10.1246	23.7213	30.8857	85.27299	7.88163	4.0836	0.7585
6	46	c	9/9/2004	11:29	-152.2	59.88	73	23	22.784	10.1209	23.7235	30.8877	85.27901	7.88274	4.0855	0.737
6	46	c	9/9/2004	11:29	-152.2	59.88	73	24	23.774	10.1094	23.7299	30.8934	85.23235	7.88015	4.0801	0.7262
6	46	c	9/9/2004	11:29	-152.2	59.88	73	25	24.765	10.0972	23.7369	30.8999	85.16191	7.87544	4.0747	0.728
6	46	c	9/9/2004	11:29	-152.2	59.88	73	26	25.755	10.0885	23.7418	30.9043	85.17655	7.87809	4.0723	0.7305
6	46	c	9/9/2004	11:29	-152.2	59.88	73	27	26.746	10.0842	23.7439	30.9061	85.12219	7.87372	4.0769	0.6938
6	46	c	9/9/2004	11:29	-152.2	59.88	73	28	27.736	10.0784	23.7469	30.9087	85.05222	7.86812	4.0868	0.7255
6	46	c	9/9/2004	11:29	-152.2	59.88	73	29	28.727	10.0753	23.7485	30.9101	84.99829	7.86359	4.0802	0.6755
6	46	c	9/9/2004	11:29	-152.2	59.88	73	30	29.717	10.0722	23.7505	30.912	85.01518	7.86561	4.0834	0.7007
6	46	c	9/9/2004	11:29	-152.2	59.88	73	31	30.708	10.0679	23.7533	30.9146	85.24594	7.88758	4.0839	0.7109
6	46	c	9/9/2004	11:29	-152.2	59.88	73	32	31.698	10.0651	23.7553	30.9166	85.28192	7.89131	4.0964	0.6664
6	46	c	9/9/2004	11:29	-152.2	59.88	73	33	32.689	10.0598	23.7583	30.9194	85.34646	7.89806	4.0966	0.6555
6	46	c	9/9/2004	11:29	-152.2	59.88	73	34	33.679	10.0522	23.7631	30.9239	85.32322	7.89701	4.1084	0.6363
6	46	c	9/9/2004	11:29	-152.2	59.88	73	35	34.67	10.046	23.7672	30.9279	85.40988	7.90593	4.1163	0.6329
6	46	c	9/9/2004	11:29	-152.2	59.88	73	36	35.66	10.0351	23.773	30.9329	85.36471	7.90339	4.117	0.5751
6	46	c	9/9/2004	11:29	-152.2	59.88	73	37	36.651	10.0247	23.7796	30.9392	85.41105	7.90919	4.1198	0.6251
6	46	c	9/9/2004	11:29	-152.2	59.88	73	38	37.641	10.0163	23.7857	30.9452	85.41377	7.91062	4.1314	0.589
6	46	c	9/9/2004	11:29	-152.2	59.88	73	39	38.632	9.9975	23.7987	30.958	85.22443	7.89572	4.1473	0.5736
6	46	c	9/9/2004	11:29	-152.2	59.88	73	40	39.622	9.9798	23.8108	30.9698	85.12066	7.88861	4.1627	0.5364
6	46	c	9/9/2004	11:29	-152.2	59.88	73	41	40.613	9.9583	23.8274	30.9867	84.82925	7.86451	4.1751	0.4795
6	46	c	9/9/2004	11:29	-152.2	59.88	73	42	41.603	9.9239	23.8528	31.0121	84.50152	7.83885	4.2102	0.422
6	46	c	9/9/2004	11:29	-152.2	59.88	73	43	42.594	9.8712	23.8849	31.0422	84.18484	7.81712	4.2191	0.3955
6	46	c	9/9/2004	11:29	-152.2	59.88	73	44	43.584	9.7915	23.9283	31.0815	83.99195	7.81108	4.2364	0.3974
6	46	c	9/9/2004	11:29	-152.2	59.88	73	45	44.575	9.7122	23.9694	31.1178	84.00211	7.82402	4.2553	0.3615
6	46	c	9/9/2004	11:29	-152.2	59.88	73	46	45.565	9.6711	23.9932	31.1399	83.96261	7.8264	4.2592	0.3662
6	46	c	9/9/2004	11:29	-152.2	59.88	73	47	46.555	9.6492	24.0062	31.1521	83.84687	7.81883	4.2717	0.3875
6	46	c	9/9/2004	11:29	-152.2	59.88	73	48	47.546	9.6094	24.0306	31.1752	83.47753	7.79015	4.2817	0.3478
6	46	c	9/9/2004	11:29	-152.2	59.88	73	49	48.536	9.5442	24.0726	31.2156	83.14605	7.76852	4.3041	0.3172
6	46	c	9/9/2004	11:29	-152.2	59.88	73	50	49.527	9.5113	24.0933	31.2356	83.02056	7.76151	4.3197	0.2996
6	46	c	9/9/2004	11:29	-152.2	59.88	73	51	50.517	9.483	24.1116	31.2532	82.86979	7.75145	4.3246	0.3099
6	46	c	9/9/2004	11:29	-152.2	59.88	73	52	51.507	9.46	24.1262	31.2673	82.69817	7.73867	4.3446	0.2832
6	46	c	9/9/2004	11:29	-152.2	59.88	73	53	52.498	9.4474	24.1339	31.2745	82.59376	7.73073	4.3388	0.2611
6	46	c	9/9/2004	11:29	-152.2	59.88	73	54	53.488	9.4402	24.1383	31.2787	82.59362	7.73176	4.3447	0.2465
6	46	c	9/9/2004	11:29	-152.2	59.88	73	55	54.479	9.4356	24.1409	31.2811	82.6693	7.73952	4.3487	0.2603
6	46	c	9/9/2004	11:29	-152.2	59.88	73	56	55.469	9.4316	24.1434	31.2835	82.64143	7.73748	4.3507	0.2472
6	46	c	9/9/2004	11:29	-152.2	59.88	73	57	56.459	9.417	24.1529	31.2927	82.58706	7.73448	4.3589	0.2372
6	46	c	9/9/2004	11:29	-152.2	59.88	73	58	57.45	9.4083	24.1584	31.298	82.61103	7.73795	4.3617	0.2297
6	46	c	9/9/2004	11:29	-152.2	59.88	73	59	58.44	9.4029	24.162	31.3014	82.61256	7.73887	4.3607	0.2327
6	46	c	9/9/2004	11:29	-152.2	59.88	73	60	59.43	9.4005	24.1637	31.3031	82.58959	7.73704	4.3634	0.238
6	46	c	9/9/2004	11:29	-152.2	59.88	73	61	60.421	9.3973	24.1659	31.3053	82.57602	7.73623	4.3655	0.2445
6	46	c	9/9/2004	11:29	-152.2	59.88	73	62	61.411	9.3968	24.1661	31.3055	82.60075	7.73862	4.3606	0.2393
6	46	c	9/9/2004	11:29	-152.2	59.88	73	63	62.402	9.3976	24.1661	31.3056	82.72303	7.74993	4.3742	0.2358
6	47	c	9/9/2004	12:03	-152.145	59.86333	47	1	0.991	11.1578	23.3338	30.6123	91.4161	8.27451	4.1408	0.3221
6	47	c	9/9/2004	12:03	-152.145	59.86333	47	2	1.981	11.0646	23.3584	30.6231	90.91874	8.24561	4.1183	0.4606
6	47	c	9/9/2004	12:03	-152.145	59.86333	47	3	2.972	11.0121	23.3806	30.6401	90.57772	8.2232	4.1224	0.571
6	47	c	9/9/2004	12:03	-152.145	59.86333	47	4	3.963	10.9852	23.3909	30.6473	90.20501	8.1938	4.1119	0.6398
6	47	c	9/9/2004	12:03	-152.145	59.86333	47	5	4.953	10.9673	23.3977	30.6521	89.86689	8.16602	4.1204	0.6693
6	47	c	9/9/2004	12:03	-152.145	59.86333	47	6	5.944	10.95	23.4042	30.6566	89.50424	8.13591	4.0975	0.7743
6	47	c	9/9/2004	12:03	-152.145	59.86333	47	7	6.934	10.9278	23.4109	30.6603	89.31402	8.12235	4.1012	0.7319
6	47	c	9/9/2004	12:03	-152.145	59.86333	47	8	7.925	10.9035	23.4178	30.6637	89.15457	8.11199	4.094	0.7653
6	47	c	9/9/2004	12:03	-152.145	59.86333	47	9	8.916	10.8853	23.4222	30.6654	89.08072	8.10839	4.0959	0.7171
6	47	c	9/9/2004	12:03	-152.145	59.86333	47	10	9.906	10.8731	23.4263	30.6679	88.92381	8.09615	4.1108	0.7074
6	47	c	9/9/2004	12:03	-152.145	59.86333	47	11	10.897	10.8626	23.4294	30.6697	88.97068	8.10218	4.108	0.713
6	47	c	9/9/2004	12:03	-152.145	59.86333	47	12	11.887	10.8549	23.4319	30.6711	88.81944	8.08968	4.1102	0.7029
6	47	c	9/9/2004	12:03	-152.145	59.86333	47	13	12.878	10.8419	23.4355	30.6729	88.55103	8.06745	4.1096	0.6694
6	47	c	9/9/2004	12:03	-152.145	59.86333	47	14	13.869	10.8246	23.44	30.6748	88.39012	8.05573	4.1196	0.611
6	47	c	9/9/2004	12:03	-152.145	59.86333	47	15	14.859	10.8111	23.4437	30.6765	88.4482	8.06332	4.1252	0.6224
6	47	c	9/9/2004	12:03	-152.145	59.86333	47	16	15.85	10.8084	23.4446	30.6772	88.33551	8.05348	4.1117	0.6087
6	47	c	9/9/2004	12:03	-152.145	59.86333	47	17	16.84	10.806	23.4459	30.6782	88.09908	8.03231	4.1156	0.6302
6	47	c	9/9/2004	12:03	-152.145	59.86333	47	18	17.831	10.8049	23.4477	30.6803	87.77328	8.00268	4.122	0.6616
6	47	c	9/9/2004	12:03	-152.145	59.86333	47	19	18.821	10.7883	23.4532	30.6837	87.45764	7.97663	4.1133	0.5933
6	47	c	9/9/2004	12:03	-152.145	59.86333	47	20	19.812	10.7409	23.4722	30.6978	87.13344	7.9546	4.1311	0.6016
6	47	c	9/9/2004	12:03	-152.145	59.86333	47	21	20.803	10.6557	23.5052	30.7216	86.86515	7.9437	4.1329	0.5895
6	47	c	9/9/2004	12:03	-152.145	59.86333	47	22	21.793	10.6172	23.5188	30.7308	86.66189	7.93136	4.1295	0.6509
6	47	c	9/9/2004	12:03	-152.145	59.86333	47	23	22.784	10.5822	23.5308	30.7385	86.54613	7.92647	4.123	0.6279
6	47	c	9/9/2004	12:03	-152.145	59.86333	47	24	23.774	10.5608	23.5383	30.7435	86.39551	7.91614	4.1194	0.6102
6	47	c	9/9/2004	12:03	-152.145	59.86333	47	25	24.765	10.5311	23.5486	30.7504	86.26253	7.90876	4.1234	0.6208
6	47	c	9/9/2004	12:03	-152.145	59.86333	47	26	25.755	10.4843	23.5657	30.7623	85.85702	7.87908	4.121	0.6181
6	47	c	9/9/2004	12:03	-152.145	59.86333	47	27	26.746	10.4374	23.5824	30.7736	85.56351	7.85969	4.1271	0.5687
6	47	c	9/9/2004	12:03	-152.145	59.86333	47	28	27.736	10.4151	23.5907	30.7794	85.37623	7.84604	4.1435	0.5463
6	47	c	9/9/2004	12:03	-152.145	59.86333	47	29	28.727	10.3784	23.6069	30.7924	85.15718	7.83159	4.1489	0.5659
6	47	c	9/9/2004	12:03	-152.145	59.86333	47	30	29.718	10.3306	23.6298	30.8117	84.96409	7.82112	4.1444	0.5778
6	47	c	9/9/2004	12:03	-152.145	59.86333	47	31	30.708	10.2025	23.6993	30.8736	83.83415	7.73589	4.132	0.5849
6	47	c	9/9/2004	12:03	-152.145	59.86333	47	32	31.698	9.9762	23.8318	30.9962	82.9675	7.6884	4.1565	0.5053
6	47	c	9/9/2004	12:03	-152.145	59.86333	47	33	32.689	9.9062	23.8718	31.0329	82.33758	7.64008	4.1861	0.4471
6	47	c	9/9/2004	12:03	-152.145	59.86333	47	34	33.679	9.8159	23.9242	31.0814	81.65379	7.58951	4.2016	0.3832
6	47	c	9/9/2004	12:03	-152.145	59.86333	47	35	34.67	9.7588	23.9578	31.1127	81.1234	7.54831	4.2347	0.3612
6	47	c	9/9/2004	12:03	-152.145	59.86333	47	36	35.66	9.7041	23.9894	31.142	80.61442	7.50869	4.2485	0.3256
6	47	c	9/9/2004	12:03	-152.145	59.86333	47	37	36.651	9.6453	24.0236	31.1737	80.16466	7.47507	4.2564	0.293
6	47	c	9/9/2004	12:03	-152.145	59.86333	47	38	37.641	9.5941	24.0539	31.2021	80.20256	7.48579	4.276	0.2777
6	47	c	9/9/2004	12:03	-152.145	59.86333	47	39	38.632	9.5492	24.08	31.2264	80.27522	7.49894	4.2917	0.2743
6	47	c	9/9/2004	12:03	-152.145	59.86333	47	40	39.622	9.5293	24.0914	31.237	80.36609	7.51026	4.3053	0.2499
6	47	c	9/9/2004	12:03	-152.145	59.86333	47	41	40.613	9.5215	24.0956	31.2407	80.63848	7.53685	4.3064	0.2433
6	47	c	9/9/2004	12:03	-152.145	59.86333	47	42	41.603	9.521	24.0956	31.2406	80.8254	7.55441	4.3094	0.2545
6	47	c	9/9/2004	12:03	-152.145	59.86333	47	43	42.594	9.5203	24.0957	31.2406	81.18696	7.58831	4.3097	0.249
6	47	c	9/9/2004	12:03	-152.145	59.86333	47	44	43.584	9.521	24.0953	31.2402	81.43729	7.61161	4.3086	0.2518
6	47	c	9/9/2004	12:03	-152.145	59.86333	47	45	44.574	9.5229	24.0935	31.2383	81.58224	7.62494	4.2946	0.2925
6	48	c	9/9/2004	12:29	-152.09333	59.845	37	1	0.991	11.0981	23.3301	30.5942	90.0578	8.16308	3.9371	0.414
6	48	c	9/9/2004	12:29	-152.09333	59.845	37	2	1.981	11.0925	23.3316	30.5949	90.05574	8.16384	3.9469	0.4045
6	48	c	9/9/2004	12:29	-152.09333	59.845	37	3	2.972	11.0605	23.3423	30.6014	89.93768	8.15849	3.9772	0.4491
6	48	c	9/9/2004	12:29	-152.09333	59.845	37	4	3.963	10.9994	23.366	30.6184	89.56391	8.13453	3.9874	0.5516
6	48	c	9/9/2004	12:29	-152.09333	59.845	37	5	4.953	10.9534	23.3877	30.636	88.98127	8.08882	3.9931	0.6307
6	48	c	9/9/2004	12:29	-152.09333	59.845	37	6	5.944	10.9248	23.4009	30.6468	88.60914	8.05947	3.999	0.7097
6	48	c	9/9/2004	12:29	-152.09333	59.845	37	7	6.934	10.9055	23.4099	30.654	88.22518	8.02756	4.0118	0.6525
6	48	c	9/9/2004	12:29	-152.09333	59.845	37	8	7.925	10.8757	23.4243	30.666	87.9345	8.0057	4.0277	0.6497
6	48	c	9/9/2004	12:29	-152.09333	59.845	37	9	8.916	10.8623	23.4315	30.6722	87.74094	7.99012	4.0493	0.5918
6	48	c	9/9/2004	12:29	-152.09333	59.845	37	10	9.906	10.8545	23.4355	30.6757	87.6121	7.97956	4.0561	0.5969
6	48	c	9/9/2004	12:29	-152.09333	59.845	37	11	10.897	10.8464	23.4406	30.6804	87.46287	7.96715	4.075	0.6006
6	48	c	9/9/2004	12:29	-152.09333	59.845	37	12	11.887	10.8387	23.4434	30.6824	86.99922	7.92614	4.0855	0.5735
6	48	c	9/9/2004	12:29	-152.09333	59.845	37	13	12.878	10.7071	23.4856	30.7078	86.33102	7.88666	4.093	0.5517
6	48	c	9/9/2004	12:29	-152.09333	59.845	37	14	13.869	10.5928	23.5325	30.7432	85.84544	7.86023	4.0944	0.5616
6	48	c	9/9/2004	12:29	-152.09333	59.845	37	15	14.859	10.5634	23.5473	30.7559	85.37036	7.82114	4.1037	0.5433
6	48	c	9/9/2004	12:29	-152.09333	59.845	37	16	15.85	10.4927	23.5735	30.7743	84.76962	7.77727	4.0992	0.5555
6	48	c	9/9/2004	12:29	-152.09333	59.845	37	17	16.84	10.3772	23.6197	30.8088	84.55009	7.77515	4.1075	0.5437
6	48	c	9/9/2004	12:29	-152.09333	59.845	37	18	17.831	10.3418	23.6382	30.8251	84.45939	7.77208	4.1056	0.5175
6	48	c	9/9/2004	12:29	-152.09333	59.845	37	19	18.821	10.2743	23.6714	30.8533	84.28092	7.76582	4.124	0.5103
6	48	c	9/9/2004	12:29	-152.09333	59.845	37	20	19.812	10.2236	23.6935	30.871	83.87158	7.73589	4.1391	0.5019
6	48	c	9/9/2004	12:29	-152.09333	59.845	37	21	20.803	10.1439	23.7349	30.9072	83.07931	7.67454	4.1563	0.4384
6	48	c	9/9/2004	12:29	-152.09333	59.845	37	22	21.793	9.9938	23.8195	30.9843	82.73632	7.66457	4.1814	0.4061
6	48	c	9/9/2004	12:29	-152.09333	59.845	37	23	22.784	9.9905	23.8202	30.9845	82.80533	7.6715	4.2009	0.4214
6	48	c	9/9/2004	12:29	-152.09333	59.845	37	24	23.774	9.9987	23.8143	30.9786	82.6487	7.65589	4.2032	0.412
6	48	c	9/9/2004	12:29	-152.09333	59.845	37	25	24.765	9.9532	23.8395	31.0015	82.24591	7.62515	4.214	0.4087
6	48	c	9/9/2004	12:29	-152.09333	59.845	37	26	25.755	9.838	23.9065	31.0635	81.43709	7.56652	4.2193	0.3303
6	48	c	9/9/2004	12:29	-152.09333	59.845	37	27	26.746	9.7644	23.9496	31.1035	81.27785	7.56217	4.2482	0.3079
6	48	c	9/9/2004	12:29	-152.09333	59.845	37	28	27.736	9.7626	23.9498	31.1033	81.2714	7.56189	4.2712	0.3238
6	48	c	9/9/2004	12:29	-152.09333	59.845	37	29	28.727	9.7681	23.9461	31.0997	81.29167	7.56303	4.2786	0.3286
6	48	c	9/9/2004	12:29	-152.09333	59.845	37	30	29.717	9.7597	23.9507	31.104	81.22134	7.55769	4.2781	0.3036
6	48	c	9/9/2004	12:29	-152.09333	59.845	37	31	30.708	9.7467	23.9583	31.111	81.14036	7.552	4.2855	0.2959
6	48	c	9/9/2004	12:29	-152.09333	59.845	37	32	31.698	9.7446	23.9593	31.1117	81.07341	7.54609	4.2869	0.3044
6	48	c	9/9/2004	12:29	-152.09333	59.845	37	33	32.689	9.7453	23.9587	31.1112	81.30166	7.56723	4.2919	0.2994
6	48	c	9/9/2004	12:29	-152.09333	59.845	37	34	33.679	9.7415	23.9609	31.1132	81.42608	7.57937	4.2929	0.2895
6	48	c	9/9/2004	12:29	-152.09333	59.845	37	35	34.67	9.741	23.9613	31.1135	81.65069	7.60034	4.2868	0.2873
6	48	c	9/9/2004	12:29	-152.09333	59.845	37	36	35.66	9.7369	23.9636	31.1157	81.87349	7.62167	4.2888	0.2883
6	48	c	9/9/2004	12:29	-152.09333	59.845	37	37	36.651	9.7361	23.9644	31.1164	82.15905	7.64836	4.294	0.2435
6	49	c	9/9/2004	12:55	-152.04	59.82667	35	1	0.991	10.6389	23.4417	30.6369	91.75907	8.39884	3.8729	0.7363
6	49	c	9/9/2004	12:55	-152.04	59.82667	35	2	1.981	10.6314	23.4454	30.64	91.72589	8.39702	3.8888	0.8064
6	49	c	9/9/2004	12:55	-152.04	59.82667	35	3	2.972	10.6352	23.4429	30.6376	91.94734	8.41672	3.8848	0.9097
6	49	c	9/9/2004	12:55	-152.04	59.82667	35	4	3.963	10.6326	23.443	30.6371	91.09118	8.33885	3.8878	0.9485
6	49	c	9/9/2004	12:55	-152.04	59.82667	35	5	4.953	10.5695	23.483	30.6748	88.25304	8.08825	3.9172	0.8468
6	49	c	9/9/2004	12:55	-152.04	59.82667	35	6	5.944	10.4907	23.5322	30.721	86.84389	7.97059	4.0506	0.7033
6	49	c	9/9/2004	12:55	-152.04	59.82667	35	7	6.934	10.468	23.5456	30.7333	86.25855	7.92022	4.0899	0.7104
6	49	c	9/9/2004	12:55	-152.04	59.82667	35	8	7.925	10.4533	23.5539	30.7409	85.90655	7.89008	4.0962	0.6961
6	49	c	9/9/2004	12:55	-152.04	59.82667	35	9	8.916	10.4429	23.5599	30.7463	85.65814	7.86879	4.11	0.6376
6	49	c	9/9/2004	12:55	-152.04	59.82667	35	10	9.906	10.4364	23.5639	30.7501	85.57071	7.8617	4.1192	0.6856
6	49	c	9/9/2004	12:55	-152.04	59.82667	35	11	10.897	10.4284	23.569	30.7548	85.39016	7.84626	4.1218	0.6206
6	49	c	9/9/2004	12:55	-152.04	59.82667	35	12	11.888	10.4215	23.5736	30.7592	85.16113	7.82618	4.1361	0.6009
6	49	c	9/9/2004	12:55	-152.04	59.82667	35	13	12.878	10.4127	23.5797	30.7651	84.90802	7.80414	4.1503	0.5969
6	49	c	9/9/2004	12:55	-152.04	59.82667	35	14	13.869	10.4036	23.5854	30.7706	84.68387	7.78483	4.1522	0.6241
6	49	c	9/9/2004	12:55	-152.04	59.82667	35	15	14.859	10.3908	23.5931	30.7776	84.53556	7.77303	4.1581	0.5641
6	49	c	9/9/2004	12:55	-152.04	59.82667	35	16	15.85	10.3602	23.61	30.7928	84.30028	7.75587	4.1659	0.5837
6	49	c	9/9/2004	12:55	-152.04	59.82667	35	17	16.84	10.3398	23.6215	30.8033	84.37752	7.76596	4.1804	0.6006
6	49	c	9/9/2004	12:55	-152.04	59.82667	35	18	17.831	10.3395	23.6215	30.8032	84.03816	7.73478	4.17	0.6067
6	49	c	9/9/2004	12:55	-152.04	59.82667	35	19	18.822	10.2487	23.6685	30.8442	83.15693	7.667	4.184	0.5424
6	49	c	9/9/2004	12:55	-152.04	59.82667	35	20	19.812	10.0791	23.7611	30.9272	82.48821	7.62991	4.2107	0.4952
6	49	c	9/9/2004	12:55	-152.04	59.82667	35	21	20.802	10.0021	23.8037	30.9657	82.26402	7.6203	4.2286	0.5242
6	49	c	9/9/2004	12:55	-152.04	59.82667	35	22	21.793	9.9998	23.8042	30.966	82.1206	7.6074	4.2265	0.5363
6	49	c	9/9/2004	12:55	-152.04	59.82667	35	23	22.784	9.989	23.8099	30.9709	82.04764	7.60221	4.2279	0.4986
6	49	c	9/9/2004	12:55	-152.04	59.82667	35	24	23.774	9.9764	23.8166	30.9769	81.93552	7.59366	4.2305	0.501
6	49	c	9/9/2004	12:55	-152.04	59.82667	35	25	24.765	9.9568	23.8274	30.9867	81.91341	7.59444	4.2373	0.4881
6	49	c	9/9/2004	12:55	-152.04	59.82667	35	26	25.755	9.9533	23.8291	30.9882	81.88021	7.59188	4.2358	0.4976
6	49	c	9/9/2004	12:55	-152.04	59.82667	35	27	26.746	9.9548	23.8281	30.9871	81.87285	7.59099	4.2358	0.4721
6	49	c	9/9/2004	12:55	-152.04	59.82667	35	28	27.736	9.9508	23.8302	30.989	81.7938	7.58426	4.2366	0.4563
6	49	c	9/9/2004	12:55	-152.04	59.82667	35	29	28.727	9.9365	23.8382	30.9962	81.69793	7.57742	4.2424	0.4314
6	49	c	9/9/2004	12:55	-152.04	59.82667	35	30	29.717	9.9297	23.8425	31.0003	81.57176	7.56665	4.2464	0.4312
6	49	c	9/9/2004	12:55	-152.04	59.82667	35	31	30.708	9.9236	23.8456	31.003	81.62787	7.57275	4.2448	0.4425
6	49	c	9/9/2004	12:55	-152.04	59.82667	35	32	31.698	9.9165	23.8499	31.007	81.58414	7.5697	4.2481	0.4468
6	49	c	9/9/2004	12:55	-152.04	59.82667	35	33	32.689	9.9157	23.8503	31.0073	81.50366	7.56235	4.2483	0.4166
6	50	c	9/9/2004	13:18	-151.98667	59.81	31	1	0.991	10.4083	23.5246	30.6937	83.54276	7.68287	4.1779	0.3117
6	50	c	9/9/2004	13:18	-151.98667	59.81	31	2	1.981	10.4174	23.5184	30.6877	83.62353	7.68904	4.1819	0.2728
6	50	c	9/9/2004	13:18	-151.98667	59.81	31	3	2.972	10.4145	23.5201	30.6893	83.5032	7.67839	4.193	0.3036
6	50	c	9/9/2004	13:18	-151.98667	59.81	31	4	3.962	10.3867	23.5335	30.7004	83.55337	7.68717	4.187	0.3622
6	50	c	9/9/2004	13:18	-151.98667	59.81	31	5	4.953	10.3923	23.5305	30.6978	83.58077	7.68888	4.1807	0.3853
6	50	c	9/9/2004	13:18	-151.98667	59.81	31	6	5.944	10.3912	23.5309	30.698	83.68751	7.69886	4.1886	0.4019
6	50	c	9/9/2004	13:18	-151.98667	59.81	31	7	6.934	10.3944	23.5292	30.6965	83.65967	7.69584	4.1958	0.4134
6	50	c	9/9/2004	13:18	-151.98667	59.81	31	8	7.925	10.406	23.5227	30.6907	83.7276	7.70041	4.1897	0.4146
6	50	c	9/9/2004	13:18	-151.98667	59.81	31	9	8.916	10.4028	23.5246	30.6924	83.72679	7.7008	4.1998	0.4026
6	50	c	9/9/2004	13:18	-151.98667	59.81	31	10	9.906	10.413	23.5191	30.6874	83.73386	7.69996	4.1897	0.4065
6	50	c	9/9/2004	13:18	-151.98667	59.81	31	11	10.897	10.4086	23.5215	30.6896	83.68004	7.69565	4.1906	0.4024
6	50	c	9/9/2004	13:18	-151.98667	59.81	31	12	11.887	10.4031	23.5247	30.6925	83.69585	7.69788	4.197	0.4212
6	50	c	9/9/2004	13:18	-151.98667	59.81	31	13	12.878	10.3972	23.5281	30.6956	83.71262	7.70027	4.1986	0.4014
6	50	c	9/9/2004	13:18	-151.98667	59.81	31	14	13.869	10.3825	23.5363	30.703	83.63034	7.69484	4.1976	0.395
6	50	c	9/9/2004	13:18	-151.98667	59.81	31	15	14.859	10.3745	23.5408	30.707	83.57215	7.69065	4.2009	0.4091
6	50	c	9/9/2004	13:18	-151.98667	59.81	31	16	15.85	10.3732	23.5413	30.7074	83.51698	7.68578	4.1977	0.3881
6	50	c	9/9/2004	13:18	-151.98667	59.81	31	17	16.84	10.3739	23.5408	30.7069	83.55596	7.68926	4.1951	0.4343
6	50	c	9/9/2004	13:18	-151.98667	59.81	31	18	17.831	10.3824	23.5362	30.7027	83.70116	7.7014	4.1916	0.4306
6	50	c	9/9/2004	13:18	-151.98667	59.81	31	19	18.821	10.3858	23.5348	30.7017	83.62568	7.69392	4.2075	0.409
6	50	c	9/9/2004	13:18	-151.98667	59.81	31	20	19.812	10.3653	23.5465	30.7123	83.5755	7.69226	4.1949	0.4096
6	50	c	9/9/2004	13:18	-151.98667	59.81	31	21	20.803	10.3741	23.5414	30.7075	83.33861	7.6692	4.1972	0.4141
6	50	c	9/9/2004	13:18	-151.98667	59.81	31	22	21.793	10.3437	23.5599	30.7249	83.31278	7.67111	4.1974	0.423
6	50	c	9/9/2004	13:18	-151.98667	59.81	31	23	22.784	10.3394	23.5624	30.7271	83.36086	7.67617	4.2024	0.3991
6	50	c	9/9/2004	13:18	-151.98667	59.81	31	24	23.774	10.338	23.5629	30.7275	83.33539	7.67403	4.1982	0.4222
6	50	c	9/9/2004	13:18	-151.98667	59.81	31	25	24.765	10.3406	23.5613	30.7259	83.32489	7.6727	4.2094	0.4289
6	50	c	9/9/2004	13:18	-151.98667	59.81	31	26	25.756	10.3434	23.5595	30.7241	83.30608	7.67059	4.1956	0.4266
6	50	c	9/9/2004	13:18	-151.98667	59.81	31	27	26.746	10.3442	23.559	30.7236	83.2331	7.66375	4.2028	0.3981
6	50	c	9/9/2004	13:18	-151.98667	59.81	31	28	27.736	10.3536	23.5538	30.7189	83.33812	7.67206	4.1975	0.4351
6	50	c	9/9/2004	13:18	-151.98667	59.81	31	29	28.727	10.3669	23.5463	30.7122	83.46519	7.68184	4.1851	0.4003
6	50	c	9/9/2004	13:18	-151.98667	59.81	31	30	29.717	10.3713	23.5443	30.7106	83.44576	7.67938	4.1751	0.4093
6	50	c	9/9/2004	13:18	-151.98667	59.81	31	31	30.708	10.3493	23.5567	30.7217	83.41775	7.67998	4.189	0.4036
6	51	c	9/9/2004	13:39	-151.95833	59.79833	27	1	0.991	10.3727	23.5191	30.6792	83.29665	7.66694	4.1915	0.2885
6	51	c	9/9/2004	13:39	-151.95833	59.79833	27	2	1.981	10.3689	23.5206	30.6802	83.23635	7.66199	4.1893	0.3457
6	51	c	9/9/2004	13:39	-151.95833	59.79833	27	3	2.972	10.3622	23.5238	30.6828	83.1623	7.65617	4.1918	0.4102
6	51	c	9/9/2004	13:39	-151.95833	59.79833	27	4	3.962	10.3607	23.5247	30.6837	83.14055	7.65439	4.1969	0.4319
6	51	c	9/9/2004	13:39	-151.95833	59.79833	27	5	4.953	10.3621	23.5236	30.6825	83.16048	7.65604	4.1982	0.408
6	51	c	9/9/2004	13:39	-151.95833	59.79833	27	6	5.944	10.3606	23.5244	30.6833	83.08884	7.64966	4.1937	0.4177
6	51	c	9/9/2004	13:39	-151.95833	59.79833	27	7	6.934	10.3644	23.5213	30.6801	83.22906	7.66209	4.1955	0.4143
6	51	c	9/9/2004	13:39	-151.95833	59.79833	27	8	7.925	10.3647	23.5211	30.6798	83.2595	7.66486	4.1997	0.4108
6	51	c	9/9/2004	13:39	-151.95833	59.79833	27	9	8.916	10.3668	23.5195	30.6783	83.28675	7.66707	4.192	0.3778
6	51	c	9/9/2004	13:39	-151.95833	59.79833	27	10	9.906	10.3699	23.5172	30.6759	83.19935	7.65862	4.1956	0.403
6	51	c	9/9/2004	13:39	-151.95833	59.79833	27	11	10.897	10.3697	23.5176	30.6763	83.22697	7.66118	4.1892	0.4008
6	51	c	9/9/2004	13:39	-151.95833	59.79833	27	12	11.888	10.3729	23.5152	30.6739	83.27233	7.66492	4.2072	0.4206
6	51	c	9/9/2004	13:39	-151.95833	59.79833	27	13	12.878	10.3739	23.5146	30.6732	83.24327	7.66212	4.2034	0.3916
6	51	c	9/9/2004	13:39	-151.95833	59.79833	27	14	13.869	10.3715	23.5165	30.6753	83.24781	7.66285	4.2058	0.416
6	51	c	9/9/2004	13:39	-151.95833	59.79833	27	15	14.859	10.3697	23.5179	30.6765	83.14608	7.65373	4.2047	0.4082
6	51	c	9/9/2004	13:39	-151.95833	59.79833	27	16	15.85	10.3627	23.5233	30.682	83.26262	7.66536	4.1995	0.4228
6	51	c	9/9/2004	13:39	-151.95833	59.79833	27	17	16.84	10.3612	23.5246	30.6833	83.31091	7.67	4.2073	0.4092
6	51	c	9/9/2004	13:39	-151.95833	59.79833	27	18	17.831	10.3634	23.523	30.6817	83.23381	7.66261	4.2017	0.4017
6	51	c	9/9/2004	13:39	-151.95833	59.79833	27	19	18.821	10.3621	23.524	30.6827	83.26	7.66519	4.2022	0.3908
6	51	c	9/9/2004	13:39	-151.95833	59.79833	27	20	19.812	10.3657	23.5213	30.6799	83.23829	7.66273	4.2069	0.3984
6	51	c	9/9/2004	13:39	-151.95833	59.79833	27	21	20.803	10.3652	23.5218	30.6806	83.1965	7.65892	4.206	0.4252
6	51	c	9/9/2004	13:39	-151.95833	59.79833	27	22	21.793	10.3532	23.5312	30.6899	83.1177	7.65325	4.2045	0.4162
6	51	c	9/9/2004	13:39	-151.95833	59.79833	27	23	22.784	10.345	23.5376	30.6965	83.13277	7.6557	4.2061	0.4238
6	51	c	9/9/2004	13:39	-151.95833	59.79833	27	24	23.774	10.3379	23.5433	30.7022	83.06116	7.65003	4.1989	0.4222
6	51	c	9/9/2004	13:39	-151.95833	59.79833	27	25	24.765	10.3357	23.5448	30.7036	82.99525	7.64425	4.2043	0.4255
6	51	c	9/9/2004	13:39	-151.95833	59.79833	27	26	25.755	10.3339	23.5464	30.7054	82.98659	7.64367	4.201	0.4318
6	51	c	9/9/2004	13:39	-151.95833	59.79833	27	27	26.746	10.3368	23.5443	30.7032	82.87975	7.63345	4.2039	0.4383
6	52	c	9/9/2004	13:59	-151.935	59.79	20	1	0.991	10.5344	23.4398	30.6119	83.49892	7.66154	4.1891	0.2483
6	52	c	9/9/2004	13:59	-151.935	59.79	20	2	1.981	10.5312	23.4406	30.6121	83.54552	7.66635	4.1906	0.3344
6	52	c	9/9/2004	13:59	-151.935	59.79	20	3	2.972	10.5311	23.4406	30.6122	83.56621	7.66825	4.1907	0.3386
6	52	c	9/9/2004	13:59	-151.935	59.79	20	4	3.963	10.5336	23.4392	30.6109	83.6076	7.6717	4.1974	0.3533
6	52	c	9/9/2004	13:59	-151.935	59.79	20	5	4.953	10.5319	23.4391	30.6103	83.55106	7.66683	4.1937	0.3885
6	52	c	9/9/2004	13:59	-151.935	59.79	20	6	5.944	10.5308	23.4396	30.6107	83.46935	7.65949	4.2033	0.3848
6	52	c	9/9/2004	13:59	-151.935	59.79	20	7	6.934	10.5315	23.4393	30.6105	83.56219	7.6679	4.2	0.3794
6	52	c	9/9/2004	13:59	-151.935	59.79	20	8	7.925	10.532	23.4392	30.6104	83.52372	7.6643	4.1952	0.3992
6	52	c	9/9/2004	13:59	-151.935	59.79	20	9	8.916	10.5329	23.4385	30.6097	83.57789	7.66915	4.2017	0.3954
6	52	c	9/9/2004	13:59	-151.935	59.79	20	10	9.906	10.5338	23.4381	30.6093	83.50749	7.66254	4.2	0.4194
6	52	c	9/9/2004	13:59	-151.935	59.79	20	11	10.897	10.5244	23.4431	30.6137	83.40146	7.65419	4.1879	0.4152
6	52	c	9/9/2004	13:59	-151.935	59.79	20	12	11.888	10.5152	23.4485	30.6186	83.44097	7.65912	4.1989	0.4247
6	52	c	9/9/2004	13:59	-151.935	59.79	20	13	12.878	10.5117	23.4509	30.621	83.32107	7.6486	4.2094	0.3958
6	52	c	9/9/2004	13:59	-151.935	59.79	20	14	13.869	10.5122	23.4505	30.6206	83.22416	7.63964	4.2045	0.3884
6	52	c	9/9/2004	13:59	-151.935	59.79	20	15	14.859	10.5113	23.4511	30.6211	83.21591	7.639	4.2044	0.3814
6	52	c	9/9/2004	13:59	-151.935	59.79	20	16	15.85	10.5125	23.4504	30.6203	83.26297	7.64315	4.2155	0.3956
6	52	c	9/9/2004	13:59	-151.935	59.79	20	17	16.84	10.5141	23.4493	30.6192	83.29505	7.64588	4.2058	0.3748
6	52	c	9/9/2004	13:59	-151.935	59.79	20	18	17.831	10.5151	23.4488	30.6189	83.34518	7.65034	4.2078	0.3995
6	52	c	9/9/2004	13:59	-151.935	59.79	20	19	18.821	10.5139	23.45	30.6201	83.32239	7.64839	4.2192	0.3624
6	52	c	9/9/2004	13:59	-151.935	59.79	20	20	19.812	10.5141	23.4499	30.62	83.24302	7.64107	4.2083	0.3722
6	53	c	9/9/2004	14:16	-151.905	59.78	13	1	0.991	10.7655	23.2649	30.4371	87.61461	8.00739	4.1106	0.3157
6	53	c	9/9/2004	14:16	-151.905	59.78	13	2	1.981	10.7519	23.2693	30.4398	87.70686	8.01807	4.1038	0.348
6	53	c	9/9/2004	14:16	-151.905	59.78	13	3	2.972	10.7512	23.2703	30.4409	87.65426	8.01332	4.1048	0.3721
6	53	c	9/9/2004	14:16	-151.905	59.78	13	4	3.963	10.7505	23.2726	30.4436	87.63339	8.0114	4.1125	0.4213
6	53	c	9/9/2004	14:16	-151.905	59.78	13	5	4.953	10.7467	23.2772	30.4488	87.48448	7.99819	4.1071	0.4565
6	53	c	9/9/2004	14:16	-151.905	59.78	13	6	5.944	10.7431	23.2812	30.4531	87.59402	8.00863	4.0976	0.4498
6	53	c	9/9/2004	14:16	-151.905	59.78	13	7	6.934	10.7416	23.2822	30.454	87.59159	8.00863	4.1028	0.4507
6	53	c	9/9/2004	14:16	-151.905	59.78	13	8	7.925	10.7414	23.2818	30.4534	87.52615	8.00269	4.1098	0.4714
6	53	c	9/9/2004	14:16	-151.905	59.78	13	9	8.916	10.7421	23.2814	30.453	87.41595	7.99252	4.1083	0.4522
6	53	c	9/9/2004	14:16	-151.905	59.78	13	10	9.906	10.7361	23.2866	30.4583	87.35846	7.98804	4.1053	0.4692
6	53	c	9/9/2004	14:16	-151.905	59.78	13	11	10.897	10.7342	23.2879	30.4596	87.3643	7.98885	4.1009	0.4879
6	53	c	9/9/2004	14:16	-151.905	59.78	13	12	11.887	10.7346	23.2873	30.4589	87.42201	7.99409	4.1018	0.4772
6	53	c	9/9/2004	14:16	-151.905	59.78	13	13	12.878	10.7367	23.2853	30.4568	87.35894	7.98806	4.1229	0.4776
6	54	c	9/9/2004	14:29	-151.88333	59.77167	12	1	0.991	10.9504	23.1124	30.2814	88.66793	8.07892	4.1207	0.2887
6	54	c	9/9/2004	14:29	-151.88333	59.77167	12	2	1.981	10.9315	23.1171	30.2834	88.75932	8.09048	4.136	0.2803
6	54	c	9/9/2004	14:29	-151.88333	59.77167	12	3	2.972	10.9334	23.1165	30.2829	88.7413	8.08852	4.1448	0.3155
6	54	c	9/9/2004	14:29	-151.88333	59.77167	12	4	3.963	10.9278	23.1181	30.2837	88.69954	8.08567	4.137	0.3284
6	54	c	9/9/2004	14:29	-151.88333	59.77167	12	5	4.953	10.9307	23.1173	30.2833	88.7599	8.09068	4.1536	0.317
6	54	c	9/9/2004	14:29	-151.88333	59.77167	12	6	5.944	10.9288	23.1177	30.2834	88.75837	8.09086	4.1462	0.3248
6	54	c	9/9/2004	14:29	-151.88333	59.77167	12	7	6.934	10.9272	23.118	30.2834	88.93292	8.10706	4.1548	0.3446
6	54	c	9/9/2004	14:29	-151.88333	59.77167	12	8	7.925	10.9222	23.1198	30.2846	88.9555	8.10994	4.168	0.3549
6	54	c	9/9/2004	14:29	-151.88333	59.77167	12	9	8.916	10.923	23.1196	30.2845	89.04324	8.1178	4.1565	0.3463
6	54	c	9/9/2004	14:29	-151.88333	59.77167	12	10	9.906	10.9223	23.1195	30.2843	89.09798	8.12294	4.1665	0.3261
6	54	c	9/9/2004	14:29	-151.88333	59.77167	12	11	10.897	10.9182	23.1209	30.2851	89.08647	8.12257	4.17	0.3226
6	54	c	9/9/2004	14:29	-151.88333	59.77167	12	12	11.887	10.9139	23.1221	30.2857	89.28722	8.1416	4.168	0.3514
