Cruise	Station	Type	mon/day/yr	hh:mm	Lon (E)	Lat (N)	Bot. Depth [m]	Press	Depth [m]	Sigma	Salinity [psu]	oxper [%]	oxconc	Temperature [C]	tran [v]	fluor [v]
5	38	c	8/16/2004	14:51	-152.56667	60.00667	22	1	0.991	20.1324	26.9795	87.78698	7.76379	13.303	2.7722	0.169
5	38	c	8/16/2004	14:51	-152.56667	60.00667	22	2	1.981	20.1336	26.98	87.86612	7.77142	13.299	2.773	0.1649
5	38	c	8/16/2004	14:51	-152.56667	60.00667	22	3	2.972	20.1484	26.9918	87.79346	7.76946	13.2682	2.7643	0.1826
5	38	c	8/16/2004	14:51	-152.56667	60.00667	22	4	3.963	20.1643	27.0045	87.69866	7.76568	13.2363	2.7474	0.2091
5	38	c	8/16/2004	14:51	-152.56667	60.00667	22	5	4.953	20.2014	27.0387	87.5952	7.7643	13.1788	2.7163	0.2439
5	38	c	8/16/2004	14:51	-152.56667	60.00667	22	6	5.944	20.2109	27.0469	87.38037	7.74754	13.1625	2.7058	0.243
5	38	c	8/16/2004	14:51	-152.56667	60.00667	22	7	6.934	20.2471	27.0828	87.10448	7.72872	13.1174	2.6914	0.2502
5	38	c	8/16/2004	14:51	-152.56667	60.00667	22	8	7.925	20.3725	27.2087	86.83394	7.7235	12.9654	2.5995	0.2539
5	38	c	8/16/2004	14:51	-152.56667	60.00667	22	9	8.916	20.4333	27.2723	86.49909	7.70084	12.903	2.5692	0.2422
5	38	c	8/16/2004	14:51	-152.56667	60.00667	22	10	9.906	20.5693	27.422	86.29419	7.69353	12.7922	2.411	0.2403
5	38	c	8/16/2004	14:51	-152.56667	60.00667	22	11	10.897	20.6625	27.5247	86.05636	7.67963	12.7174	2.2185	0.2325
5	38	c	8/16/2004	14:51	-152.56667	60.00667	22	12	11.888	20.7606	27.6354	85.80215	7.66284	12.6488	2.0166	0.2295
5	38	c	8/16/2004	14:51	-152.56667	60.00667	22	13	12.878	20.8288	27.7121	85.70724	7.65854	12.6008	1.8871	0.2239
5	38	c	8/16/2004	14:51	-152.56667	60.00667	22	14	13.869	20.8632	27.7507	85.74539	7.66416	12.5759	1.8181	0.2116
5	38	c	8/16/2004	14:51	-152.56667	60.00667	22	15	14.859	20.876	27.7654	85.7284	7.66324	12.568	1.7807	0.2274
5	38	c	8/16/2004	14:51	-152.56667	60.00667	22	16	15.85	20.8818	27.7719	85.7069	7.66167	12.5639	1.7614	0.2246
5	38	c	8/16/2004	14:51	-152.56667	60.00667	22	17	16.841	20.8885	27.7797	85.62496	7.65456	12.5603	1.7149	0.2197
5	38	c	8/16/2004	14:51	-152.56667	60.00667	22	18	17.831	20.894	27.7861	85.61562	7.65391	12.5573	1.7042	0.2228
5	38	c	8/16/2004	14:51	-152.56667	60.00667	22	19	18.822	20.8953	27.7876	85.61828	7.65417	12.5567	1.6778	0.2245
5	39	c	8/16/2004	14:41	-152.53667	59.99667	31	1	0.991	20.2173	27.1152	87.98283	7.75741	13.4079	3.0362	0.1631
5	39	c	8/16/2004	14:41	-152.53667	59.99667	31	2	1.981	20.2219	27.1174	87.97029	7.75872	13.3925	3.039	0.1597
5	39	c	8/16/2004	14:41	-152.53667	59.99667	31	3	2.972	20.2329	27.1159	87.87269	7.76068	13.3282	3.0418	0.1911
5	39	c	8/16/2004	14:41	-152.53667	59.99667	31	4	3.963	20.242	27.1149	87.67052	7.75141	13.2759	3.0782	0.2187
5	39	c	8/16/2004	14:41	-152.53667	59.99667	31	5	4.953	20.2599	27.1226	87.36447	7.73431	13.2125	3.0966	0.244
5	39	c	8/16/2004	14:41	-152.53667	59.99667	31	6	5.944	20.3564	27.2196	86.788	7.69743	13.0969	3.1049	0.2572
5	39	c	8/16/2004	14:41	-152.53667	59.99667	31	7	6.935	20.5659	27.4536	86.45695	7.68194	12.9428	3.2115	0.2594
5	39	c	8/16/2004	14:41	-152.53667	59.99667	31	8	7.925	20.5958	27.4865	86.20477	7.66186	12.9188	3.231	0.2604
5	39	c	8/16/2004	14:41	-152.53667	59.99667	31	9	8.916	20.6706	27.5687	85.82913	7.63445	12.8578	3.2151	0.256
5	39	c	8/16/2004	14:41	-152.53667	59.99667	31	10	9.906	20.7639	27.67	85.45276	7.60927	12.7767	3.2011	0.2262
5	39	c	8/16/2004	14:41	-152.53667	59.99667	31	11	10.897	20.8835	27.8001	85.22786	7.59979	12.6733	3.1583	0.2195
5	39	c	8/16/2004	14:41	-152.53667	59.99667	31	12	11.888	20.9213	27.8405	85.11872	7.594	12.6371	3.1354	0.2149
5	39	c	8/16/2004	14:41	-152.53667	59.99667	31	13	12.878	20.9837	27.9083	85.16491	7.60366	12.583	3.0394	0.2175
5	39	c	8/16/2004	14:41	-152.53667	59.99667	31	14	13.869	21.0074	27.9334	85.15892	7.60568	12.5599	3.0026	0.211
5	39	c	8/16/2004	14:41	-152.53667	59.99667	31	15	14.859	21.0086	27.9345	85.11008	7.60161	12.5578	3.0007	0.2146
5	39	c	8/16/2004	14:41	-152.53667	59.99667	31	16	15.85	21.0284	27.9558	84.93743	7.58802	12.5402	2.9713	0.2229
5	39	c	8/16/2004	14:41	-152.53667	59.99667	31	17	16.84	21.053	27.9826	84.85405	7.5828	12.5186	2.8824	0.2073
5	39	c	8/16/2004	14:41	-152.53667	59.99667	31	18	17.831	21.1314	28.0694	84.78725	7.58265	12.4572	2.6152	0.1999
5	39	c	8/16/2004	14:41	-152.53667	59.99667	31	19	18.822	21.1738	28.1165	84.66691	7.57503	12.424	2.5202	0.2003
5	39	c	8/16/2004	14:41	-152.53667	59.99667	31	20	19.812	21.2171	28.1649	84.65967	7.57723	12.3923	2.4445	0.1981
5	39	c	8/16/2004	14:41	-152.53667	59.99667	31	21	20.803	21.2302	28.1792	84.54044	7.5677	12.3811	2.3337	0.1934
5	39	c	8/16/2004	14:41	-152.53667	59.99667	31	22	21.793	21.2395	28.1897	84.50174	7.56477	12.3747	2.4094	0.1901
5	39	c	8/16/2004	14:41	-152.53667	59.99667	31	23	22.784	21.2725	28.2269	84.45441	7.56254	12.3514	2.1973	0.1936
5	39	c	8/16/2004	14:41	-152.53667	59.99667	31	24	23.774	21.2802	28.2353	84.44189	7.56207	12.3449	2.1119	0.1921
5	39	c	8/16/2004	14:41	-152.53667	59.99667	31	25	24.765	21.3087	28.2672	84.42431	7.56232	12.3243	1.947	0.1991
5	39	c	8/16/2004	14:41	-152.53667	59.99667	31	26	25.755	21.3095	28.268	84.44201	7.56404	12.3232	1.9069	0.1937
5	39	c	8/16/2004	14:41	-152.53667	59.99667	31	27	26.745	21.3162	28.2756	84.49312	7.56883	12.3197	1.937	0.1933
5	39	c	8/16/2004	14:41	-152.53667	59.99667	31	26	25.78	21.2915	28.2504	84.98078	7.60982	12.3427	1.6753	-0.018
5	40	c	8/16/2004	14:30	-152.51	59.98667	34	1	0.991	20.8623	27.8461	85.77216	7.59675	12.9787	3.2733	0.1466
5	40	c	8/16/2004	14:30	-152.51	59.98667	34	2	1.981	20.8486	27.8301	85.59925	7.5811	12.9855	3.2827	0.1478
5	40	c	8/16/2004	14:30	-152.51	59.98667	34	3	2.972	20.8681	27.839	85.52871	7.58524	12.9182	3.2996	0.1685
5	40	c	8/16/2004	14:30	-152.51	59.98667	34	4	3.962	20.9051	27.8646	85.60536	7.60582	12.8251	3.2839	0.1923
5	40	c	8/16/2004	14:30	-152.51	59.98667	34	5	4.953	20.9101	27.8679	85.56852	7.60443	12.8125	3.2823	0.1942
5	40	c	8/16/2004	14:30	-152.51	59.98667	34	6	5.944	20.9089	27.8678	85.57167	7.60368	12.8188	3.2778	0.1982
5	40	c	8/16/2004	14:30	-152.51	59.98667	34	7	6.934	20.9084	27.8666	85.63712	7.60994	12.8165	3.2852	0.1991
5	40	c	8/16/2004	14:30	-152.51	59.98667	34	8	7.925	20.9056	27.8644	85.53174	7.59973	12.8224	3.2918	0.1998
5	40	c	8/16/2004	14:30	-152.51	59.98667	34	9	8.916	20.908	27.8646	85.41287	7.59108	12.8104	3.2968	0.2
5	40	c	8/16/2004	14:30	-152.51	59.98667	34	10	9.906	20.9382	27.8874	85.39336	7.5992	12.7426	3.2731	0.2065
5	40	c	8/16/2004	14:30	-152.51	59.98667	34	11	10.897	20.956	27.9034	85.38562	7.60259	12.7127	3.2525	0.2019
5	40	c	8/16/2004	14:30	-152.51	59.98667	34	12	11.887	20.9631	27.9102	85.30921	7.597	12.7032	3.2378	0.2
5	40	c	8/16/2004	14:30	-152.51	59.98667	34	13	12.878	20.9729	27.9195	85.25286	7.59379	12.6893	3.2279	0.1985
5	40	c	8/16/2004	14:30	-152.51	59.98667	34	14	13.869	20.9972	27.943	85.15817	7.5896	12.6561	3.2023	0.2009
5	40	c	8/16/2004	14:30	-152.51	59.98667	34	15	14.859	21.0361	27.9834	85.05659	7.58531	12.6147	3.1432	0.2008
5	40	c	8/16/2004	14:30	-152.51	59.98667	34	16	15.85	21.0415	27.9889	84.83759	7.56658	12.6081	3.1126	0.2024
5	40	c	8/16/2004	14:30	-152.51	59.98667	34	17	16.84	21.0985	28.0473	84.72382	7.56405	12.5437	3.0343	0.2004
5	40	c	8/16/2004	14:30	-152.51	59.98667	34	18	17.831	21.1486	28.0991	84.47972	7.54869	12.4886	2.9255	0.196
5	40	c	8/16/2004	14:30	-152.51	59.98667	34	19	18.821	21.2043	28.1588	84.2027	7.52949	12.4366	2.7294	0.1886
5	40	c	8/16/2004	14:30	-152.51	59.98667	34	20	19.812	21.3658	28.3338	84.0985	7.53504	12.293	2.4002	0.1923
5	40	c	8/16/2004	14:30	-152.51	59.98667	34	21	20.803	21.4645	28.4411	84.00132	7.53526	12.2064	1.8408	0.196
5	40	c	8/16/2004	14:30	-152.51	59.98667	34	22	21.793	21.5064	28.4871	83.98787	7.53744	12.172	1.5996	0.1923
5	40	c	8/16/2004	14:30	-152.51	59.98667	34	23	22.784	21.4992	28.4788	83.96986	7.53553	12.1762	1.7297	0.1936
5	40	c	8/16/2004	14:30	-152.51	59.98667	34	24	23.774	21.5029	28.4829	83.92359	7.53168	12.1731	1.6963	0.1924
5	40	c	8/16/2004	14:30	-152.51	59.98667	34	25	24.765	21.5047	28.4848	83.94291	7.53363	12.1712	1.7001	0.1953
5	40	c	8/16/2004	14:30	-152.51	59.98667	34	26	25.755	21.5175	28.499	83.83091	7.52448	12.1615	1.5894	0.1976
5	40	c	8/16/2004	14:30	-152.51	59.98667	34	27	26.746	21.5315	28.5144	83.81027	7.52372	12.1502	1.4256	0.1978
5	40	c	8/16/2004	14:30	-152.51	59.98667	34	28	27.736	21.5342	28.5174	83.83703	7.52638	12.1478	1.3527	0.2014
5	40	c	8/16/2004	14:30	-152.51	59.98667	34	29	28.727	21.5364	28.5198	83.94962	7.53654	12.1467	1.3353	0.1998
5	41	c	8/16/2004	14:20	-152.48167	59.98733	31	1	0.991	21.4175	28.466	85.19092	7.58204	12.5678	3.377	0.1189
5	41	c	8/16/2004	14:20	-152.48167	59.98733	31	2	1.981	21.4166	28.4639	85.13834	7.57803	12.5642	3.3839	0.1196
5	41	c	8/16/2004	14:20	-152.48167	59.98733	31	3	2.972	21.4493	28.4856	84.99706	7.57838	12.4778	3.3749	0.1363
5	41	c	8/16/2004	14:20	-152.48167	59.98733	31	4	3.962	21.492	28.5181	84.91603	7.58519	12.3815	3.3519	0.1547
5	41	c	8/16/2004	14:20	-152.48167	59.98733	31	5	4.953	21.5026	28.5258	84.88721	7.58637	12.356	3.3374	0.1664
5	41	c	8/16/2004	14:20	-152.48167	59.98733	31	6	5.944	21.5119	28.5325	84.78305	7.58038	12.3336	3.3259	0.1863
5	41	c	8/16/2004	14:20	-152.48167	59.98733	31	7	6.934	21.5224	28.5399	84.81338	7.58695	12.3076	3.3228	0.1936
5	41	c	8/16/2004	14:20	-152.48167	59.98733	31	8	7.925	21.5306	28.5468	84.77332	7.58563	12.2916	3.3184	0.1913
5	41	c	8/16/2004	14:20	-152.48167	59.98733	31	9	8.916	21.5514	28.5646	84.58626	7.57427	12.2532	3.29	0.1979
5	41	c	8/16/2004	14:20	-152.48167	59.98733	31	10	9.906	21.5798	28.5928	84.44532	7.56623	12.2167	3.2474	0.2027
5	41	c	8/16/2004	14:20	-152.48167	59.98733	31	11	10.897	21.6604	28.6752	84.22546	7.5577	12.1237	3.1102	0.1929
5	41	c	8/16/2004	14:20	-152.48167	59.98733	31	12	11.887	21.7006	28.7166	84.06399	7.54853	12.0787	3.0574	0.1923
5	41	c	8/16/2004	14:20	-152.48167	59.98733	31	13	12.878	21.7555	28.7736	83.92485	7.54308	12.0186	2.9805	0.1947
5	41	c	8/16/2004	14:20	-152.48167	59.98733	31	14	13.869	21.8021	28.8223	83.78561	7.53622	11.9694	2.9234	0.1931
5	41	c	8/16/2004	14:20	-152.48167	59.98733	31	15	14.859	21.8478	28.8717	83.71027	7.53386	11.9278	2.7968	0.1847
5	41	c	8/16/2004	14:20	-152.48167	59.98733	31	16	15.85	21.86	28.8847	83.69578	7.53384	11.916	2.739	0.1846
5	41	c	8/16/2004	14:20	-152.48167	59.98733	31	17	16.84	21.8658	28.8908	83.75459	7.53978	11.9103	2.7115	0.1857
5	41	c	8/16/2004	14:20	-152.48167	59.98733	31	18	17.831	21.8712	28.8967	83.71674	7.53692	11.9052	2.6868	0.1835
5	41	c	8/16/2004	14:20	-152.48167	59.98733	31	19	18.821	21.8815	28.9077	83.6753	7.53422	11.8957	2.648	0.1802
5	41	c	8/16/2004	14:20	-152.48167	59.98733	31	20	19.812	21.8837	28.91	83.63169	7.53057	11.8933	2.6135	0.1845
5	41	c	8/16/2004	14:20	-152.48167	59.98733	31	21	20.803	21.9048	28.9334	83.48251	7.51869	11.8769	2.4295	0.1894
5	41	c	8/16/2004	14:20	-152.48167	59.98733	31	22	21.793	21.9685	29.0045	83.29749	7.50652	11.8284	1.9448	0.2006
5	41	c	8/16/2004	14:20	-152.48167	59.98733	31	23	22.784	22.0495	29.0943	83.23673	7.50714	11.7646	1.4236	0.2148
5	41	c	8/16/2004	14:20	-152.48167	59.98733	31	24	23.774	22.0781	29.1259	83.24452	7.51006	11.7417	1.1742	0.228
5	41	c	8/16/2004	14:20	-152.48167	59.98733	31	25	24.765	22.0759	29.123	83.27055	7.51252	11.7418	1.2242	0.2205
5	41	c	8/16/2004	14:20	-152.48167	59.98733	31	26	25.755	22.0568	29.102	83.22617	7.50702	11.7572	1.4391	0.222
5	41	c	8/16/2004	14:20	-152.48167	59.98733	31	27	26.746	22.1069	29.1581	83.24038	7.51164	11.7203	0.9802	0.2337
5	42	c	8/16/2004	14:02	-152.42167	59.95667	26	1	0.991	20.7479	27.705	85.04179	7.53408	13.0075	3.2222	0.1217
5	42	c	8/16/2004	14:02	-152.42167	59.95667	26	2	1.981	21.0811	28.061	84.52953	7.52197	12.6942	3.2201	0.1421
5	42	c	8/16/2004	14:02	-152.42167	59.95667	26	3	2.972	21.2499	28.2398	84.49719	7.5372	12.5286	3.2107	0.1556
5	42	c	8/16/2004	14:02	-152.42167	59.95667	26	4	3.963	21.3709	28.3701	84.39563	7.53988	12.4174	3.2238	0.1739
5	42	c	8/16/2004	14:02	-152.42167	59.95667	26	5	4.953	21.4327	28.4371	84.41246	7.54701	12.3629	3.2301	0.1914
5	42	c	8/16/2004	14:02	-152.42167	59.95667	26	6	5.944	21.492	28.5016	84.42156	7.55315	12.3111	3.236	0.1919
5	42	c	8/16/2004	14:02	-152.42167	59.95667	26	7	6.935	21.5303	28.5441	84.46861	7.56009	12.2818	3.2366	0.1901
5	42	c	8/16/2004	14:02	-152.42167	59.95667	26	8	7.925	21.5351	28.549	84.39295	7.55392	12.2766	3.2444	0.1952
5	42	c	8/16/2004	14:02	-152.42167	59.95667	26	9	8.916	21.5671	28.5856	84.34574	7.55127	12.2562	3.2352	0.1893
5	42	c	8/16/2004	14:02	-152.42167	59.95667	26	10	9.906	21.5895	28.611	84.36824	7.55448	12.2413	3.2324	0.1882
5	42	c	8/16/2004	14:02	-152.42167	59.95667	26	11	10.897	21.5874	28.6082	84.36055	7.55395	12.2411	3.2313	0.1918
5	42	c	8/16/2004	14:02	-152.42167	59.95667	26	12	11.887	21.6506	28.6801	84.32673	7.55421	12.1998	3.218	0.196
5	42	c	8/16/2004	14:02	-152.42167	59.95667	26	13	12.878	21.6891	28.7224	84.37795	7.56192	12.1682	3.2126	0.1955
5	42	c	8/16/2004	14:02	-152.42167	59.95667	26	14	13.869	21.6734	28.7043	84.36222	7.55992	12.1772	3.2122	0.1965
5	42	c	8/16/2004	14:02	-152.42167	59.95667	26	15	14.859	21.6859	28.7192	84.3996	7.56345	12.1717	3.1981	0.188
5	42	c	8/16/2004	14:02	-152.42167	59.95667	26	16	15.85	21.6861	28.7195	84.33941	7.55791	12.1725	3.2024	0.1923
5	42	c	8/16/2004	14:02	-152.42167	59.95667	26	17	16.84	21.6962	28.7306	84.27218	7.55268	12.1643	3.2059	0.19
5	42	c	8/16/2004	14:02	-152.42167	59.95667	26	18	17.831	21.6946	28.7285	84.07027	7.53473	12.1641	3.1767	0.1942
5	42	c	8/16/2004	14:02	-152.42167	59.95667	26	19	18.822	21.8146	28.8608	83.7095	7.51182	12.0669	3.1445	0.1933
5	42	c	8/16/2004	14:02	-152.42167	59.95667	26	20	19.812	22.1726	29.2536	83.41255	7.51528	11.7659	3.0728	0.1877
5	42	c	8/16/2004	14:02	-152.42167	59.95667	26	21	20.803	22.3877	29.4867	83.41697	7.53608	11.5725	3.032	0.1984
5	42	c	8/16/2004	14:02	-152.42167	59.95667	26	22	21.793	22.4786	29.5843	83.3845	7.5427	11.4856	2.9118	0.1933
5	42	c	8/16/2004	14:02	-152.42167	59.95667	26	23	22.784	22.4852	29.5911	83.41785	7.54651	11.4787	2.736	0.1915
5	43	c	8/16/2004	13:44	-152.36833	59.93833	50	1	0.991	20.7782	27.7197	84.75942	7.5246	12.9056	2.9668	0.1255
5	43	c	8/16/2004	13:44	-152.36833	59.93833	50	2	1.981	20.7947	27.737	84.73	7.52383	12.8889	2.9791	0.1223
5	43	c	8/16/2004	13:44	-152.36833	59.93833	50	3	2.972	20.8034	27.7432	84.65199	7.52005	12.8674	3.003	0.1381
5	43	c	8/16/2004	13:44	-152.36833	59.93833	50	4	3.963	20.8157	27.7535	84.60418	7.51899	12.8443	2.9961	0.148
5	43	c	8/16/2004	13:44	-152.36833	59.93833	50	5	4.953	20.8609	27.802	84.56829	7.52015	12.8029	2.9876	0.1706
5	43	c	8/16/2004	13:44	-152.36833	59.93833	50	6	5.944	20.926	27.8726	84.57308	7.52634	12.7461	2.9687	0.1702
5	43	c	8/16/2004	13:44	-152.36833	59.93833	50	7	6.934	20.9586	27.9083	84.60648	7.53193	12.7193	2.9758	0.1691
5	43	c	8/16/2004	13:44	-152.36833	59.93833	50	8	7.925	20.9743	27.9252	84.47995	7.52223	12.7046	2.9681	0.1827
5	43	c	8/16/2004	13:44	-152.36833	59.93833	50	9	8.916	21.0027	27.9566	84.44972	7.52159	12.6825	2.9787	0.1774
5	43	c	8/16/2004	13:44	-152.36833	59.93833	50	10	9.906	21.0366	27.9938	84.43771	7.52319	12.6549	2.9908	0.1749
5	43	c	8/16/2004	13:44	-152.36833	59.93833	50	11	10.897	21.0562	28.0154	84.44616	7.52542	12.6394	2.9913	0.1809
5	43	c	8/16/2004	13:44	-152.36833	59.93833	50	12	11.888	21.0762	28.0375	84.44081	7.5264	12.6238	2.9856	0.1782
5	43	c	8/16/2004	13:44	-152.36833	59.93833	50	13	12.878	21.0893	28.0521	84.36135	7.52024	12.6138	2.9964	0.1743
5	43	c	8/16/2004	13:44	-152.36833	59.93833	50	14	13.869	21.0997	28.0635	84.37931	7.52268	12.6052	2.9882	0.1727
5	43	c	8/16/2004	13:44	-152.36833	59.93833	50	15	14.859	21.1234	28.0901	84.35175	7.52172	12.5881	2.9939	0.1782
5	43	c	8/16/2004	13:44	-152.36833	59.93833	50	16	15.85	21.1573	28.1276	84.28911	7.51864	12.5614	3	0.177
5	43	c	8/16/2004	13:44	-152.36833	59.93833	50	17	16.84	21.2036	28.179	84.31454	7.52422	12.5257	3.0138	0.1812
5	43	c	8/16/2004	13:44	-152.36833	59.93833	50	18	17.831	21.2246	28.2018	84.20472	7.51625	12.5076	3.0039	0.1771
5	43	c	8/16/2004	13:44	-152.36833	59.93833	50	19	18.822	21.3521	28.3435	84.15261	7.5207	12.4095	3.0111	0.1778
5	43	c	8/16/2004	13:44	-152.36833	59.93833	50	20	19.812	21.4675	28.4698	84.17348	7.53213	12.313	3.0431	0.1805
5	43	c	8/16/2004	13:44	-152.36833	59.93833	50	21	20.803	21.4337	28.4323	84.20771	7.53274	12.3392	3.0353	0.183
5	43	c	8/16/2004	13:44	-152.36833	59.93833	50	22	21.793	21.4097	28.4057	84.14554	7.52536	12.3583	3.0216	0.1915
5	43	c	8/16/2004	13:44	-152.36833	59.93833	50	23	22.784	21.4921	28.4973	83.90834	7.51005	12.2948	3.0428	0.1765
5	43	c	8/16/2004	13:44	-152.36833	59.93833	50	24	23.774	21.659	28.6827	83.88985	7.52056	12.1651	3.1035	0.1824
5	43	c	8/16/2004	13:44	-152.36833	59.93833	50	25	24.765	21.6969	28.7238	83.86733	7.52199	12.1316	3.1044	0.1767
5	43	c	8/16/2004	13:44	-152.36833	59.93833	50	26	25.755	21.7077	28.7358	83.83457	7.51981	12.1235	3.1095	0.1743
5	43	c	8/16/2004	13:44	-152.36833	59.93833	50	27	26.746	21.8071	28.8461	83.83297	7.52696	12.0461	3.136	0.1766
5	43	c	8/16/2004	13:44	-152.36833	59.93833	50	28	27.736	21.9208	28.9715	83.73156	7.52692	11.9534	3.1451	0.1804
5	43	c	8/16/2004	13:44	-152.36833	59.93833	50	29	28.727	21.9572	29.011	83.79805	7.53617	11.9217	3.1394	0.1798
5	43	c	8/16/2004	13:44	-152.36833	59.93833	50	30	29.717	21.9338	28.9854	83.72052	7.52725	11.9412	3.1449	0.1825
5	43	c	8/16/2004	13:44	-152.36833	59.93833	50	31	30.708	22.0756	29.1423	83.6871	7.53515	11.8282	3.1385	0.1878
5	43	c	8/16/2004	13:44	-152.36833	59.93833	50	32	31.698	22.1347	29.2071	83.64244	7.53619	11.7782	3.1387	0.1872
5	43	c	8/16/2004	13:44	-152.36833	59.93833	50	33	32.689	22.2199	29.3013	83.66531	7.54497	11.7095	3.127	0.194
5	43	c	8/16/2004	13:44	-152.36833	59.93833	50	34	33.679	22.2386	29.3216	83.64809	7.54505	11.6935	3.1289	0.191
5	43	c	8/16/2004	13:44	-152.36833	59.93833	50	35	34.67	22.2585	29.3436	83.69292	7.55074	11.677	3.1207	0.1929
5	44	c	8/16/2004	13:22	-152.30833	59.91833	112	1	0.991	21.643	28.6956	84.36227	7.53942	12.3066	3.2111	0.1257
5	44	c	8/16/2004	13:22	-152.30833	59.91833	112	2	1.981	21.6787	28.726	84.33904	7.54672	12.2396	3.2307	0.1324
5	44	c	8/16/2004	13:22	-152.30833	59.91833	112	3	2.972	21.6994	28.745	84.33123	7.5505	12.2064	3.2354	0.1515
5	44	c	8/16/2004	13:22	-152.30833	59.91833	112	4	3.963	21.7359	28.7805	84.30607	7.55458	12.1568	3.223	0.1796
5	44	c	8/16/2004	13:22	-152.30833	59.91833	112	5	4.953	21.7569	28.8021	84.10493	7.53937	12.1331	3.2144	0.1824
5	44	c	8/16/2004	13:22	-152.30833	59.91833	112	6	5.944	21.8985	28.9522	83.99534	7.54529	11.992	3.1717	0.1955
5	44	c	8/16/2004	13:22	-152.30833	59.91833	112	7	6.934	21.9584	29.0161	83.98055	7.55027	11.9345	3.1647	0.1805
5	44	c	8/16/2004	13:22	-152.30833	59.91833	112	8	7.925	21.9687	29.0275	84.02024	7.55468	11.926	3.1607	0.1949
5	44	c	8/16/2004	13:22	-152.30833	59.91833	112	9	8.915	21.9275	28.9824	84.01118	7.55027	11.9613	3.1759	0.1984
5	44	c	8/16/2004	13:22	-152.30833	59.91833	112	10	9.906	21.9588	29.0167	83.96051	7.54837	11.9349	3.1385	0.1946
5	44	c	8/16/2004	13:22	-152.30833	59.91833	112	11	10.897	21.9627	29.0205	83.95398	7.54843	11.9298	3.1201	0.1969
5	44	c	8/16/2004	13:22	-152.30833	59.91833	112	12	11.887	22.0115	29.074	84.00943	7.55757	11.8886	3.1002	0.2001
5	44	c	8/16/2004	13:22	-152.30833	59.91833	112	13	12.878	22.0425	29.1082	83.97888	7.55726	11.8637	3.0982	0.196
5	44	c	8/16/2004	13:22	-152.30833	59.91833	112	14	13.869	22.0312	29.0951	84.02098	7.56064	11.87	3.0775	0.1991
5	44	c	8/16/2004	13:22	-152.30833	59.91833	112	15	14.859	22.0426	29.1077	83.84979	7.54603	11.8614	3.0776	0.1897
5	44	c	8/16/2004	13:22	-152.30833	59.91833	112	16	15.85	22.0419	29.107	83.90348	7.55082	11.8619	3.064	0.2
5	44	c	8/16/2004	13:22	-152.30833	59.91833	112	17	16.84	22.0252	29.0885	83.69703	7.53092	11.8755	3.0753	0.1977
5	44	c	8/16/2004	13:22	-152.30833	59.91833	112	18	17.831	22.2211	29.3069	83.68817	7.54405	11.7261	3.0142	0.1902
5	44	c	8/16/2004	13:22	-152.30833	59.91833	112	19	18.821	22.2509	29.3391	83.72143	7.55002	11.6985	2.9608	0.1958
5	44	c	8/16/2004	13:22	-152.30833	59.91833	112	20	19.812	22.2142	29.2981	83.59869	7.53638	11.7262	3.0403	0.1976
5	44	c	8/16/2004	13:22	-152.30833	59.91833	112	21	20.803	22.2813	29.3737	83.57984	7.53886	11.6785	2.9676	0.188
5	44	c	8/16/2004	13:22	-152.30833	59.91833	112	22	21.793	22.3472	29.4472	83.63649	7.54869	11.6282	2.9486	0.1891
5	44	c	8/16/2004	13:22	-152.30833	59.91833	112	23	22.784	22.3252	29.4223	83.59098	7.5432	11.6439	2.9431	0.1974
5	44	c	8/16/2004	13:22	-152.30833	59.91833	112	24	23.774	22.366	29.4683	83.52502	7.53982	11.6148	2.9007	0.1893
5	44	c	8/16/2004	13:22	-152.30833	59.91833	112	25	24.765	22.405	29.5121	83.47154	7.53758	11.5862	2.8668	0.1813
5	44	c	8/16/2004	13:22	-152.30833	59.91833	112	26	25.755	22.4474	29.5596	83.50372	7.54331	11.5551	2.8397	0.1954
5	44	c	8/16/2004	13:22	-152.30833	59.91833	112	27	26.746	22.4486	29.5611	83.53267	7.54594	11.5545	2.829	0.1991
5	44	c	8/16/2004	13:22	-152.30833	59.91833	112	28	27.736	22.4349	29.5453	83.46742	7.53935	11.5634	2.8447	0.19
5	44	c	8/16/2004	13:22	-152.30833	59.91833	112	29	28.727	22.4563	29.5696	83.42504	7.53668	11.5492	2.795	0.1941
5	44	c	8/16/2004	13:22	-152.30833	59.91833	112	30	29.717	22.4628	29.5769	83.48345	7.54242	11.5442	2.7782	0.1915
5	44	c	8/16/2004	13:22	-152.30833	59.91833	112	31	30.708	22.4645	29.5788	83.51235	7.54517	11.5428	2.7909	0.1951
5	44	c	8/16/2004	13:22	-152.30833	59.91833	112	32	31.698	22.4668	29.5814	83.41681	7.53664	11.5414	2.7798	0.1949
5	44	c	8/16/2004	13:22	-152.30833	59.91833	112	33	32.689	22.4743	29.5898	83.42445	7.53778	11.5362	2.7639	0.1945
5	44	c	8/16/2004	13:22	-152.30833	59.91833	112	34	33.679	22.4771	29.5929	83.31247	7.52788	11.534	2.7596	0.1903
5	44	c	8/16/2004	13:22	-152.30833	59.91833	112	35	34.67	22.4758	29.5913	83.47091	7.54223	11.5343	2.7849	0.1889
5	44	c	8/16/2004	13:22	-152.30833	59.91833	112	36	35.66	22.4772	29.5929	83.38705	7.53472	11.5334	2.7854	0.1933
5	44	c	8/16/2004	13:22	-152.30833	59.91833	112	37	36.651	22.4812	29.5971	83.40068	7.53634	11.5298	2.8179	0.186
5	44	c	8/16/2004	13:22	-152.30833	59.91833	112	38	37.641	22.4818	29.5978	83.45425	7.54124	11.5292	2.8119	0.191
5	44	c	8/16/2004	13:22	-152.30833	59.91833	112	39	38.632	22.4794	29.595	83.33796	7.53062	11.5307	2.8318	0.1913
5	44	c	8/16/2004	13:22	-152.30833	59.91833	112	40	39.622	22.4812	29.5969	83.30249	7.52758	11.5292	2.8517	0.1901
5	44	c	8/16/2004	13:22	-152.30833	59.91833	112	41	40.613	22.479	29.5944	83.37117	7.53361	11.531	2.846	0.1893
5	44	c	8/16/2004	13:22	-152.30833	59.91833	112	42	41.603	22.4817	29.5975	83.29359	7.52679	11.5289	2.8603	0.1958
5	44	c	8/16/2004	13:22	-152.30833	59.91833	112	43	42.594	22.4894	29.6058	83.41258	7.53823	11.5223	2.8741	0.1884
5	44	c	8/16/2004	13:22	-152.30833	59.91833	112	44	43.584	22.4906	29.6072	83.35748	7.5333	11.5216	2.8772	0.1921
5	44	c	8/16/2004	13:22	-152.30833	59.91833	112	45	44.575	22.497	29.6141	83.38451	7.53635	11.5158	2.8951	0.1969
5	44	c	8/16/2004	13:22	-152.30833	59.91833	112	46	45.565	22.4984	29.6157	83.35966	7.53422	11.5147	2.8939	0.1959
5	44	c	8/16/2004	13:22	-152.30833	59.91833	112	47	46.555	22.5066	29.6245	83.21429	7.52183	11.5075	2.9301	0.1909
5	44	c	8/16/2004	13:22	-152.30833	59.91833	112	48	47.546	22.5437	29.6656	83.30167	7.53259	11.478	3.0091	0.191
5	44	c	8/16/2004	13:22	-152.30833	59.91833	112	49	48.536	22.5683	29.6929	83.39079	7.54265	11.4578	3.0081	0.1898
5	44	c	8/16/2004	13:22	-152.30833	59.91833	112	50	49.527	22.59	29.7171	83.2693	7.53321	11.4413	3.0507	0.193
5	44	c	8/16/2004	13:22	-152.30833	59.91833	112	51	50.517	22.6057	29.7346	83.28564	7.53576	11.4296	3.054	0.1882
5	44	c	8/16/2004	13:22	-152.30833	59.91833	112	52	51.507	22.6252	29.7564	83.27858	7.53649	11.4149	3.0625	0.1896
5	44	c	8/16/2004	13:22	-152.30833	59.91833	112	53	52.498	22.6178	29.7481	83.32416	7.54015	11.4202	3.0738	0.1881
5	44	c	8/16/2004	13:22	-152.30833	59.91833	112	54	53.488	22.6394	29.7722	83.23633	7.53363	11.4044	3.0912	0.1925
5	44	c	8/16/2004	13:22	-152.30833	59.91833	112	55	54.479	22.656	29.7908	83.27658	7.53848	11.3917	3.0864	0.1856
5	44	c	8/16/2004	13:22	-152.30833	59.91833	112	56	55.469	22.6535	29.7878	83.29884	7.54039	11.3932	3.0836	0.1881
5	44	c	8/16/2004	13:22	-152.30833	59.91833	112	57	56.459	22.6675	29.8035	83.25774	7.53758	11.3831	3.0919	0.184
5	44	c	8/16/2004	13:22	-152.30833	59.91833	112	58	57.45	22.6763	29.8133	83.25972	7.53847	11.3759	3.0947	0.1812
5	44	c	8/16/2004	13:22	-152.30833	59.91833	112	59	58.44	22.6909	29.8294	83.2724	7.54072	11.3645	3.0918	0.1899
5	44	c	8/16/2004	13:22	-152.30833	59.91833	112	60	59.43	22.6892	29.8276	83.31005	7.544	11.3658	3.0984	0.1839
5	44	c	8/16/2004	13:22	-152.30833	59.91833	112	61	60.421	22.6936	29.8325	83.38913	7.55147	11.3625	3.0989	0.1834
5	44	c	8/16/2004	13:22	-152.30833	59.91833	112	62	61.411	22.7355	29.8793	83.19747	7.53704	11.331	3.0971	0.1877
5	44	c	8/16/2004	13:22	-152.30833	59.91833	112	63	62.402	22.7646	29.9116	83.14616	7.53465	11.3078	3.0969	0.1896
5	44	c	8/16/2004	13:22	-152.30833	59.91833	112	64	63.392	22.799	29.9495	83.23668	7.5457	11.2794	3.0929	0.1869
5	44	c	8/16/2004	13:22	-152.30833	59.91833	112	65	64.382	22.8239	29.9764	83.23636	7.54811	11.2567	3.1021	0.1833
5	44	c	8/16/2004	13:22	-152.30833	59.91833	112	66	65.372	22.8304	29.9834	83.1894	7.54454	11.2505	3.1008	0.1905
5	44	c	8/16/2004	13:22	-152.30833	59.91833	112	67	66.363	22.8467	30.001	83.29866	7.55601	11.2359	3.0812	0.1982
5	45	c	8/16/2004	13:03	-152.25333	59.9	82	1	0.99	23.0625	30.2656	85.1665	7.72388	11.1685	3.6575	0.1547
5	45	c	8/16/2004	13:03	-152.25333	59.9	82	2	1.982	23.0494	30.2524	84.90331	7.69793	11.1848	3.6826	0.1458
5	45	c	8/16/2004	13:03	-152.25333	59.9	82	3	2.972	23.06	30.261	84.87409	7.6986	11.1624	3.6725	0.1648
5	45	c	8/16/2004	13:03	-152.25333	59.9	82	4	3.962	23.0644	30.2649	84.95967	7.70746	11.1548	3.6687	0.1908
5	45	c	8/16/2004	13:03	-152.25333	59.9	82	5	4.953	23.0736	30.2733	84.95173	7.70886	11.1397	3.6625	0.2035
5	45	c	8/16/2004	13:03	-152.25333	59.9	82	6	5.944	23.0807	30.2799	84.91312	7.7069	11.1285	3.6548	0.2145
5	45	c	8/16/2004	13:03	-152.25333	59.9	82	7	6.935	23.0847	30.2838	84.68921	7.68736	11.1228	3.6498	0.2293
5	45	c	8/16/2004	13:03	-152.25333	59.9	82	8	7.925	23.098	30.2965	84.65542	7.68695	11.1032	3.6459	0.2284
5	45	c	8/16/2004	13:03	-152.25333	59.9	82	9	8.916	23.1102	30.3082	84.57806	7.68236	11.0852	3.6388	0.2431
5	45	c	8/16/2004	13:03	-152.25333	59.9	82	10	9.906	23.1165	30.3147	84.60435	7.68564	11.078	3.6319	0.2732
5	45	c	8/16/2004	13:03	-152.25333	59.9	82	11	10.897	23.1186	30.3162	84.40765	7.66862	11.0725	3.6326	0.2799
5	45	c	8/16/2004	13:03	-152.25333	59.9	82	12	11.887	23.1414	30.3366	84.21332	7.65669	11.0322	3.6046	0.2579
5	45	c	8/16/2004	13:03	-152.25333	59.9	82	13	12.878	23.1533	30.3476	84.06731	7.64607	11.0131	3.5742	0.2805
5	45	c	8/16/2004	13:03	-152.25333	59.9	82	14	13.869	23.1625	30.3557	83.9964	7.64209	10.996	3.5325	0.28
5	45	c	8/16/2004	13:03	-152.25333	59.9	82	15	14.859	23.1595	30.3528	84.06667	7.64787	11.0005	3.5695	0.263
5	45	c	8/16/2004	13:03	-152.25333	59.9	82	16	15.85	23.1499	30.3439	84.13115	7.65148	11.0166	3.5744	0.2718
5	45	c	8/16/2004	13:03	-152.25333	59.9	82	17	16.84	23.1452	30.3395	84.1097	7.64847	11.0242	3.5914	0.2591
5	45	c	8/16/2004	13:03	-152.25333	59.9	82	18	17.831	23.1558	30.3491	84.07746	7.6481	11.0061	3.5702	0.249
5	45	c	8/16/2004	13:03	-152.25333	59.9	82	19	18.821	23.1656	30.358	84.01198	7.64457	10.9889	3.5382	0.2498
5	45	c	8/16/2004	13:03	-152.25333	59.9	82	20	19.812	23.1661	30.3587	83.97645	7.64121	10.9895	3.5395	0.2508
5	45	c	8/16/2004	13:03	-152.25333	59.9	82	21	20.802	23.1666	30.3591	83.96232	7.64014	10.9881	3.5345	0.2441
5	45	c	8/16/2004	13:03	-152.25333	59.9	82	22	21.793	23.161	30.354	83.91869	7.6348	10.9978	3.5467	0.26
5	45	c	8/16/2004	13:03	-152.25333	59.9	82	23	22.784	23.158	30.3512	84.0215	7.64338	11.0032	3.5566	0.2441
5	45	c	8/16/2004	13:03	-152.25333	59.9	82	24	23.774	23.1611	30.3542	83.99792	7.64188	10.9985	3.55	0.2517
5	45	c	8/16/2004	13:03	-152.25333	59.9	82	25	24.765	23.1624	30.3555	84.02375	7.64439	10.9971	3.5509	0.2414
5	45	c	8/16/2004	13:03	-152.25333	59.9	82	26	25.755	23.1631	30.356	84.0463	7.64667	10.9956	3.5482	0.2575
5	45	c	8/16/2004	13:03	-152.25333	59.9	82	27	26.746	23.1633	30.3561	83.94034	7.63712	10.995	3.5429	0.258
5	45	c	8/16/2004	13:03	-152.25333	59.9	82	28	27.736	23.162	30.3551	84.02998	7.64484	10.998	3.5496	0.2503
5	45	c	8/16/2004	13:03	-152.25333	59.9	82	29	28.727	23.1562	30.35	84.06347	7.64636	11.0086	3.5694	0.2507
5	45	c	8/16/2004	13:03	-152.25333	59.9	82	30	29.718	23.1558	30.3496	84.06172	7.64604	11.0097	3.5665	0.2441
5	45	c	8/16/2004	13:03	-152.25333	59.9	82	31	30.708	23.156	30.3499	84.03605	7.64368	11.0097	3.5602	0.2536
5	45	c	8/16/2004	13:03	-152.25333	59.9	82	32	31.698	23.1546	30.3485	84.15544	7.6543	11.0116	3.5742	0.2586
5	45	c	8/16/2004	13:03	-152.25333	59.9	82	33	32.689	23.1595	30.353	84.09276	7.64968	11.0038	3.5565	0.2395
5	45	c	8/16/2004	13:03	-152.25333	59.9	82	34	33.679	23.1723	30.3638	83.95045	7.64049	10.9781	3.5146	0.2486
5	45	c	8/16/2004	13:03	-152.25333	59.9	82	35	34.67	23.1697	30.3615	83.89837	7.63503	10.9831	3.5238	0.2485
5	45	c	8/16/2004	13:03	-152.25333	59.9	82	36	35.661	23.1712	30.363	83.98222	7.64289	10.9813	3.5414	0.2659
5	45	c	8/16/2004	13:03	-152.25333	59.9	82	37	36.651	23.178	30.3693	83.97465	7.64374	10.9702	3.496	0.2483
5	45	c	8/16/2004	13:03	-152.25333	59.9	82	38	37.641	23.1867	30.3776	83.82335	7.63175	10.9571	3.4752	0.2434
5	45	c	8/16/2004	13:03	-152.25333	59.9	82	39	38.632	23.2161	30.4052	83.72127	7.62885	10.9107	3.4543	0.2659
5	45	c	8/16/2004	13:03	-152.25333	59.9	82	40	39.622	23.2106	30.3996	83.79051	7.63431	10.9175	3.4652	0.2392
5	45	c	8/16/2004	13:03	-152.25333	59.9	82	41	40.613	23.2129	30.402	83.69547	7.62599	10.9147	3.4766	0.2623
5	45	c	8/16/2004	13:03	-152.25333	59.9	82	42	41.603	23.2213	30.4103	83.77355	7.63448	10.9041	3.4543	0.2507
5	45	c	8/16/2004	13:03	-152.25333	59.9	82	43	42.594	23.2178	30.4069	83.80191	7.63642	10.9089	3.4623	0.2533
5	45	c	8/16/2004	13:03	-152.25333	59.9	82	44	43.584	23.2102	30.3994	83.76407	7.63155	10.9196	3.4672	0.2466
5	45	c	8/16/2004	13:03	-152.25333	59.9	82	45	44.574	23.2109	30.4001	83.82194	7.63698	10.9184	3.4706	0.2463
5	45	c	8/16/2004	13:03	-152.25333	59.9	82	46	45.565	23.2126	30.4019	83.73578	7.62935	10.9166	3.4838	0.255
5	45	c	8/16/2004	13:03	-152.25333	59.9	82	47	46.555	23.2221	30.4111	83.67558	7.62557	10.9037	3.4496	0.2659
5	45	c	8/16/2004	13:03	-152.25333	59.9	82	48	47.546	23.232	30.4208	83.77701	7.63671	10.8896	3.4309	0.2544
5	45	c	8/16/2004	13:03	-152.25333	59.9	82	49	48.536	23.2277	30.4165	83.72044	7.63077	10.8955	3.4358	0.2509
5	45	c	8/16/2004	13:03	-152.25333	59.9	82	50	49.527	23.2253	30.4143	83.72418	7.63054	10.8996	3.4426	0.2595
5	45	c	8/16/2004	13:03	-152.25333	59.9	82	51	50.517	23.2271	30.416	83.66074	7.62512	10.8969	3.4503	0.2571
5	45	c	8/16/2004	13:03	-152.25333	59.9	82	52	51.507	23.2318	30.4206	83.56572	7.61728	10.8906	3.4311	0.263
5	45	c	8/16/2004	13:03	-152.25333	59.9	82	53	52.498	23.233	30.4216	83.57709	7.61864	10.8884	3.4386	0.2525
5	45	c	8/16/2004	13:03	-152.25333	59.9	82	54	53.488	23.2319	30.4206	83.71017	7.63054	10.8901	3.4479	0.2584
5	45	c	8/16/2004	13:03	-152.25333	59.9	82	55	54.479	23.2282	30.4169	83.79473	7.63762	10.8949	3.4402	0.2653
5	45	c	8/16/2004	13:03	-152.25333	59.9	82	56	55.469	23.2267	30.4154	83.66703	7.62572	10.8969	3.4538	0.2555
5	45	c	8/16/2004	13:03	-152.25333	59.9	82	57	56.459	23.2296	30.4183	83.69721	7.6289	10.8935	3.4377	0.2573
5	45	c	8/16/2004	13:03	-152.25333	59.9	82	58	57.45	23.2273	30.4159	83.6293	7.6224	10.896	3.4481	0.274
5	45	c	8/16/2004	13:03	-152.25333	59.9	82	59	58.44	23.2248	30.4133	83.72528	7.63071	10.8994	3.4498	0.2539
5	45	c	8/16/2004	13:03	-152.25333	59.9	82	60	59.431	23.227	30.4157	83.67998	7.62691	10.8968	3.4372	0.2589
5	45	c	8/16/2004	13:03	-152.25333	59.9	82	61	60.421	23.2673	30.4563	83.52649	7.61934	10.8464	3.3483	0.2753
5	45	c	8/16/2004	13:03	-152.25333	59.9	82	62	61.411	23.2691	30.458	83.44419	7.61224	10.8435	3.3459	0.2657
5	45	c	8/16/2004	13:03	-152.25333	59.9	82	63	62.402	23.2741	30.4633	83.5262	7.62037	10.8381	3.3415	0.2722
5	45	c	8/16/2004	13:03	-152.25333	59.9	82	64	63.392	23.2888	30.4784	83.64004	7.63278	10.8215	3.3053	0.2741
5	45	c	8/16/2004	13:03	-152.25333	59.9	82	65	64.382	23.2957	30.4856	83.7354	7.64244	10.8137	3.2945	0.2766
5	46	c	8/16/2004	12:39	-152.2	59.88	73	2	1.981	23.5379	30.8042	86.38126	7.86363	10.8397	3.8523	0.1886
5	46	c	8/16/2004	12:39	-152.2	59.88	73	3	2.972	23.5529	30.8115	86.39786	7.87425	10.7846	3.8478	0.1992
5	46	c	8/16/2004	12:39	-152.2	59.88	73	4	3.963	23.5535	30.8124	86.44131	7.87797	10.7857	3.839	0.1891
5	46	c	8/16/2004	12:39	-152.2	59.88	73	5	4.953	23.5544	30.8135	86.42072	7.87607	10.7855	3.8361	0.2026
5	46	c	8/16/2004	12:39	-152.2	59.88	73	6	5.944	23.5577	30.8154	86.42854	7.87848	10.7751	3.8419	0.2227
5	46	c	8/16/2004	12:39	-152.2	59.88	73	7	6.934	23.5542	30.8126	86.44534	7.87887	10.7825	3.8446	0.2415
5	46	c	8/16/2004	12:39	-152.2	59.88	73	8	7.925	23.5571	30.8149	86.50065	7.88487	10.7764	3.8348	0.2489
5	46	c	8/16/2004	12:39	-152.2	59.88	73	9	8.916	23.5556	30.8137	86.48035	7.8825	10.7797	3.8424	0.2722
5	46	c	8/16/2004	12:39	-152.2	59.88	73	10	9.906	23.5542	30.8126	86.36969	7.87191	10.783	3.8423	0.2843
5	46	c	8/16/2004	12:39	-152.2	59.88	73	11	10.897	23.5596	30.8171	86.34149	7.87094	10.7723	3.8388	0.3066
5	46	c	8/16/2004	12:39	-152.2	59.88	73	12	11.887	23.5677	30.8236	86.35479	7.8749	10.7545	3.8234	0.3288
5	46	c	8/16/2004	12:39	-152.2	59.88	73	13	12.878	23.5716	30.827	86.33609	7.87431	10.7471	3.8263	0.3587
5	46	c	8/16/2004	12:39	-152.2	59.88	73	14	13.869	23.5796	30.8342	86.31219	7.87416	10.7332	3.8252	0.3485
5	46	c	8/16/2004	12:39	-152.2	59.88	73	15	14.859	23.5927	30.846	86.28621	7.87523	10.7098	3.8086	0.3688
5	46	c	8/16/2004	12:39	-152.2	59.88	73	16	15.85	23.6098	30.8616	86.22226	7.87358	10.681	3.7982	0.3557
5	46	c	8/16/2004	12:39	-152.2	59.88	73	17	16.84	23.6202	30.8711	86.23134	7.87698	10.6634	3.7939	0.3745
5	46	c	8/16/2004	12:39	-152.2	59.88	73	18	17.831	23.6237	30.8743	86.24407	7.87896	10.6577	3.7829	0.3657
5	46	c	8/16/2004	12:39	-152.2	59.88	73	19	18.821	23.6266	30.8771	86.1895	7.87468	10.6528	3.7843	0.3797
5	46	c	8/16/2004	12:39	-152.2	59.88	73	20	19.812	23.625	30.8755	86.19464	7.87475	10.6556	3.7833	0.3682
5	46	c	8/16/2004	12:39	-152.2	59.88	73	21	20.802	23.6274	30.8777	86.17067	7.87317	10.6514	3.7884	0.3872
5	46	c	8/16/2004	12:39	-152.2	59.88	73	22	21.793	23.6278	30.878	86.27809	7.88312	10.6506	3.7966	0.3951
5	46	c	8/16/2004	12:39	-152.2	59.88	73	23	22.784	23.6251	30.8753	86.24114	7.87915	10.6548	3.7811	0.364
5	46	c	8/16/2004	12:39	-152.2	59.88	73	24	23.774	23.6272	30.8774	86.24612	7.88006	10.6515	3.7863	0.3587
5	46	c	8/16/2004	12:39	-152.2	59.88	73	25	24.765	23.625	30.8754	86.24966	7.87985	10.6552	3.7821	0.3609
5	46	c	8/16/2004	12:39	-152.2	59.88	73	26	25.755	23.619	30.8697	86.2059	7.87444	10.665	3.8049	0.3481
5	46	c	8/16/2004	12:39	-152.2	59.88	73	27	26.746	23.6184	30.8693	86.1432	7.86852	10.6663	3.7984	0.374
5	46	c	8/16/2004	12:39	-152.2	59.88	73	28	27.737	23.6241	30.8745	86.21913	7.87682	10.6568	3.7967	0.3587
5	46	c	8/16/2004	12:39	-152.2	59.88	73	29	28.727	23.6176	30.8684	86.1827	7.87199	10.6674	3.8017	0.3502
5	46	c	8/16/2004	12:39	-152.2	59.88	73	30	29.717	23.6232	30.8736	86.209	7.87569	10.6583	3.8025	0.3651
5	46	c	8/16/2004	12:39	-152.2	59.88	73	31	30.708	23.6146	30.8655	86.2287	7.87546	10.6724	3.7998	0.3676
5	46	c	8/16/2004	12:39	-152.2	59.88	73	32	31.698	23.6123	30.8632	86.16282	7.86899	10.6757	3.7965	0.3696
5	46	c	8/16/2004	12:39	-152.2	59.88	73	33	32.689	23.6175	30.8681	86.18675	7.87234	10.6675	3.8029	0.3744
5	46	c	8/16/2004	12:39	-152.2	59.88	73	34	33.679	23.6185	30.8691	86.09914	7.86453	10.6661	3.8055	0.3775
5	46	c	8/16/2004	12:39	-152.2	59.88	73	35	34.67	23.6169	30.8675	86.09338	7.86368	10.6685	3.7981	0.3847
5	46	c	8/16/2004	12:39	-152.2	59.88	73	36	35.66	23.6358	30.8851	86.08468	7.8673	10.6378	3.7912	0.3684
5	46	c	8/16/2004	12:39	-152.2	59.88	73	37	36.651	23.6522	30.9007	86.11401	7.87358	10.6124	3.7758	0.3565
5	46	c	8/16/2004	12:39	-152.2	59.88	73	38	37.641	23.6486	30.8972	86.09985	7.8715	10.6179	3.7722	0.3751
5	46	c	8/16/2004	12:39	-152.2	59.88	73	39	38.632	23.6469	30.8955	86.03884	7.86563	10.6202	3.7928	0.375
5	46	c	8/16/2004	12:39	-152.2	59.88	73	40	39.622	23.6453	30.894	86.05669	7.86682	10.6232	3.7853	0.3579
5	46	c	8/16/2004	12:39	-152.2	59.88	73	41	40.613	23.6505	30.8989	86.06666	7.869	10.6144	3.7871	0.375
5	46	c	8/16/2004	12:39	-152.2	59.88	73	42	41.603	23.6546	30.9026	86.0801	7.87113	10.6081	3.7785	0.3431
5	46	c	8/16/2004	12:39	-152.2	59.88	73	43	42.594	23.6579	30.9058	86.09056	7.87284	10.6028	3.7869	0.3525
5	46	c	8/16/2004	12:39	-152.2	59.88	73	44	43.584	23.6537	30.902	85.95873	7.85976	10.6099	3.7808	0.3607
5	46	c	8/16/2004	12:39	-152.2	59.88	73	45	44.574	23.6606	30.9083	85.95825	7.86133	10.5987	3.7777	0.3766
5	46	c	8/16/2004	12:39	-152.2	59.88	73	46	45.565	23.662	30.9096	86.018	7.86708	10.5966	3.7776	0.3517
5	46	c	8/16/2004	12:39	-152.2	59.88	73	47	46.555	23.6636	30.911	86.00016	7.86592	10.5935	3.7669	0.3696
5	46	c	8/16/2004	12:39	-152.2	59.88	73	48	47.546	23.6647	30.9119	85.96916	7.86338	10.5915	3.7815	0.3651
5	46	c	8/16/2004	12:39	-152.2	59.88	73	49	48.536	23.6637	30.9109	86.01843	7.86766	10.5931	3.7805	0.3642
5	46	c	8/16/2004	12:39	-152.2	59.88	73	50	49.527	23.6649	30.9121	86.077	7.87328	10.5912	3.7758	0.3569
5	46	c	8/16/2004	12:39	-152.2	59.88	73	51	50.517	23.6654	30.9125	86.0303	7.86915	10.5903	3.7805	0.3666
5	46	c	8/16/2004	12:39	-152.2	59.88	73	52	51.507	23.6657	30.9128	86.03545	7.86967	10.59	3.7728	0.3667
5	46	c	8/16/2004	12:39	-152.2	59.88	73	53	52.498	23.6629	30.9102	85.94003	7.86026	10.5947	3.7725	0.3654
5	46	c	8/16/2004	12:39	-152.2	59.88	73	54	53.488	23.6656	30.9128	85.98478	7.86496	10.5904	3.7687	0.3557
5	46	c	8/16/2004	12:39	-152.2	59.88	73	55	54.479	23.6697	30.9168	85.97137	7.86449	10.5848	3.7731	0.3711
5	46	c	8/16/2004	12:39	-152.2	59.88	73	56	55.469	23.6756	30.9228	86.01386	7.86921	10.5783	3.7826	0.3708
5	46	c	8/16/2004	12:39	-152.2	59.88	73	57	56.459	23.6756	30.9228	86.04645	7.87226	10.5779	3.7841	0.3532
5	46	c	8/16/2004	12:39	-152.2	59.88	73	58	57.45	23.6764	30.9237	85.94075	7.86264	10.5774	3.783	0.3475
5	46	c	8/16/2004	12:39	-152.2	59.88	73	59	58.44	23.6778	30.9253	85.87812	7.85702	10.5762	3.7836	0.3408
5	46	c	8/16/2004	12:39	-152.2	59.88	73	60	59.43	23.6776	30.9251	85.89288	7.85818	10.5774	3.7907	0.3512
5	46	c	8/16/2004	12:39	-152.2	59.88	73	61	60.421	23.6778	30.9251	85.89937	7.85896	10.5763	3.7969	0.3411
5	46	c	8/16/2004	12:39	-152.2	59.88	73	62	61.411	23.678	30.9253	85.92963	7.86172	10.5763	3.8002	0.3429
5	46	c	8/16/2004	12:39	-152.2	59.88	73	63	62.402	23.6778	30.9253	85.89355	7.85824	10.5773	3.7993	0.3287
5	46	c	8/16/2004	12:39	-152.2	59.88	73	64	63.392	23.6776	30.9255	85.93311	7.86158	10.5789	3.8057	0.3389
5	46	c	8/16/2004	12:39	-152.2	59.88	73	65	64.382	23.6777	30.9254	85.92747	7.86118	10.5783	3.7942	0.3442
5	46	c	8/16/2004	12:39	-152.2	59.88	73	66	65.373	23.6779	30.9256	85.97039	7.86505	10.5786	3.7905	0.3082
5	47	c	8/16/2004	12:19	-152.145	59.86333	47	1	0.991	23.4745	30.7577	85.82228	7.78811	10.9979	3.8716	0.2009
5	47	c	8/16/2004	12:19	-152.145	59.86333	47	2	1.981	23.4752	30.7577	86.24572	7.82724	10.9938	3.871	0.1791
5	47	c	8/16/2004	12:19	-152.145	59.86333	47	3	2.972	23.4754	30.7566	86.13936	7.8187	10.9876	3.8709	0.1941
5	47	c	8/16/2004	12:19	-152.145	59.86333	47	4	3.963	23.4765	30.7568	86.27333	7.8317	10.9826	3.8593	0.2088
5	47	c	8/16/2004	12:19	-152.145	59.86333	47	5	4.953	23.4765	30.7567	86.25215	7.82984	10.9823	3.8682	0.2179
5	47	c	8/16/2004	12:19	-152.145	59.86333	47	6	5.944	23.4764	30.7569	86.29285	7.83322	10.9841	3.8638	0.2314
5	47	c	8/16/2004	12:19	-152.145	59.86333	47	7	6.934	23.4762	30.7568	86.21562	7.82608	10.9848	3.8673	0.2319
5	47	c	8/16/2004	12:19	-152.145	59.86333	47	8	7.925	23.4762	30.7565	86.17991	7.82311	10.9834	3.865	0.2473
5	47	c	8/16/2004	12:19	-152.145	59.86333	47	9	8.916	23.4763	30.7564	86.15953	7.82145	10.9823	3.87	0.2782
5	47	c	8/16/2004	12:19	-152.145	59.86333	47	10	9.907	23.4763	30.7563	86.19564	7.82476	10.9821	3.8599	0.2737
5	47	c	8/16/2004	12:19	-152.145	59.86333	47	11	10.897	23.4765	30.7564	86.33276	7.83725	10.9818	3.8689	0.2889
5	47	c	8/16/2004	12:19	-152.145	59.86333	47	12	11.887	23.4765	30.7564	86.3562	7.83944	10.9815	3.8619	0.2818
5	47	c	8/16/2004	12:19	-152.145	59.86333	47	13	12.878	23.4767	30.7564	86.34437	7.83848	10.9808	3.8616	0.2939
5	47	c	8/16/2004	12:19	-152.145	59.86333	47	14	13.869	23.4766	30.7561	86.39113	7.84284	10.9802	3.8607	0.3163
5	47	c	8/16/2004	12:19	-152.145	59.86333	47	15	14.859	23.4763	30.7557	86.3112	7.83561	10.9801	3.8638	0.3053
5	47	c	8/16/2004	12:19	-152.145	59.86333	47	16	15.85	23.4765	30.7561	86.32431	7.83671	10.9806	3.8641	0.3001
5	47	c	8/16/2004	12:19	-152.145	59.86333	47	17	16.84	23.4766	30.7562	86.38134	7.84182	10.9809	3.8659	0.2905
5	47	c	8/16/2004	12:19	-152.145	59.86333	47	18	17.831	23.4765	30.7562	86.27668	7.83222	10.9815	3.8663	0.2793
5	47	c	8/16/2004	12:19	-152.145	59.86333	47	19	18.821	23.4764	30.756	86.33558	7.83759	10.9814	3.8627	0.2824
5	47	c	8/16/2004	12:19	-152.145	59.86333	47	20	19.812	23.4767	30.7564	86.31682	7.83588	10.9814	3.8614	0.282
5	47	c	8/16/2004	12:19	-152.145	59.86333	47	21	20.803	23.4768	30.7563	86.37535	7.84131	10.9807	3.861	0.2766
5	47	c	8/16/2004	12:19	-152.145	59.86333	47	22	21.793	23.477	30.7565	86.28308	7.83296	10.9805	3.8624	0.2784
5	47	c	8/16/2004	12:19	-152.145	59.86333	47	23	22.784	23.4768	30.7563	86.31856	7.83614	10.9808	3.8615	0.2889
5	47	c	8/16/2004	12:19	-152.145	59.86333	47	24	23.774	23.4768	30.7563	86.19455	7.82489	10.9807	3.8651	0.2784
5	47	c	8/16/2004	12:19	-152.145	59.86333	47	25	24.765	23.4769	30.7563	86.22017	7.82726	10.9805	3.8658	0.3139
5	47	c	8/16/2004	12:19	-152.145	59.86333	47	26	25.755	23.4767	30.7561	86.36736	7.84063	10.9805	3.8638	0.2941
5	47	c	8/16/2004	12:19	-152.145	59.86333	47	27	26.746	23.477	30.7563	86.42367	7.84582	10.98	3.8652	0.2904
5	47	c	8/16/2004	12:19	-152.145	59.86333	47	28	27.736	23.477	30.7562	86.4207	7.84559	10.9798	3.8643	0.2766
5	47	c	8/16/2004	12:19	-152.145	59.86333	47	29	28.727	23.4769	30.7562	86.3443	7.83849	10.9807	3.8667	0.2905
5	47	c	8/16/2004	12:19	-152.145	59.86333	47	30	29.717	23.4766	30.756	86.34208	7.83813	10.9817	3.8671	0.2947
5	47	c	8/16/2004	12:19	-152.145	59.86333	47	31	30.708	23.477	30.7564	86.30771	7.83511	10.981	3.8649	0.2913
5	47	c	8/16/2004	12:19	-152.145	59.86333	47	32	31.698	23.4769	30.7564	86.39149	7.84264	10.9815	3.8646	0.2986
5	47	c	8/16/2004	12:19	-152.145	59.86333	47	33	32.689	23.4768	30.7564	86.28487	7.83283	10.9822	3.8719	0.3041
5	47	c	8/16/2004	12:19	-152.145	59.86333	47	34	33.679	23.4765	30.756	86.34695	7.83839	10.9828	3.8697	0.2817
5	47	c	8/16/2004	12:19	-152.145	59.86333	47	35	34.67	23.4764	30.7558	86.40588	7.84378	10.9826	3.8675	0.2842
5	47	c	8/16/2004	12:19	-152.145	59.86333	47	36	35.66	23.4765	30.7562	86.32558	7.8363	10.9836	3.8649	0.2886
5	47	c	8/16/2004	12:19	-152.145	59.86333	47	37	36.651	23.4765	30.7561	86.2106	7.82596	10.983	3.8683	0.2971
5	47	c	8/16/2004	12:19	-152.145	59.86333	47	38	37.641	23.4765	30.756	86.15048	7.8205	10.9831	3.8639	0.3025
5	47	c	8/16/2004	12:19	-152.145	59.86333	47	39	38.632	23.4765	30.7561	86.15548	7.8209	10.9834	3.8577	0.3005
5	47	c	8/16/2004	12:19	-152.145	59.86333	47	40	39.622	23.4768	30.7565	86.26201	7.83057	10.9833	3.8637	0.2928
5	47	c	8/16/2004	12:19	-152.145	59.86333	47	41	40.613	23.4769	30.7566	86.37177	7.84047	10.9836	3.8697	0.2907
5	47	c	8/16/2004	12:19	-152.145	59.86333	47	42	41.603	23.4769	30.7566	86.35633	7.83902	10.9839	3.868	0.2956
5	47	c	8/16/2004	12:19	-152.145	59.86333	47	43	42.594	23.4769	30.7567	86.37925	7.84109	10.984	3.8681	0.2763
5	48	c	8/16/2004	12:29	-152.09333	59.845	37	1	0.99	23.2901	30.6309	85.34707	7.66911	11.4887	3.8344	0.1954
5	48	c	8/16/2004	11:59	-152.09333	59.845	37	2	1.981	23.281	30.6297	85.28071	7.65553	11.5351	3.8392	0.162
5	48	c	8/16/2004	11:59	-152.09333	59.845	37	3	2.972	23.2858	30.6298	85.32082	7.66351	11.5086	3.8493	0.166
5	48	c	8/16/2004	11:59	-152.09333	59.845	37	4	3.963	23.2874	30.6299	85.31257	7.66413	11.5003	3.8279	0.1927
5	48	c	8/16/2004	11:59	-152.09333	59.845	37	5	4.953	23.2884	30.6298	85.22992	7.6577	11.4943	3.8183	0.2108
5	48	c	8/16/2004	11:59	-152.09333	59.845	37	6	5.944	23.2888	30.63	85.26548	7.66115	11.4927	3.8071	0.2263
5	48	c	8/16/2004	11:59	-152.09333	59.845	37	7	6.935	23.2887	30.6298	85.34786	7.66853	11.4929	3.8064	0.2317
5	48	c	8/16/2004	11:59	-152.09333	59.845	37	8	7.925	23.2887	30.6298	85.25193	7.65992	11.4929	3.8113	0.2318
5	48	c	8/16/2004	11:59	-152.09333	59.845	37	9	8.916	23.2885	30.6296	85.26211	7.66075	11.4935	3.807	0.2355
5	48	c	8/16/2004	11:59	-152.09333	59.845	37	10	9.906	23.2885	30.6297	85.21821	7.6568	11.4935	3.8014	0.2298
5	48	c	8/16/2004	11:59	-152.09333	59.845	37	11	10.897	23.2883	30.6295	85.23849	7.6585	11.4943	3.8051	0.2371
5	48	c	8/16/2004	11:59	-152.09333	59.845	37	12	11.887	23.2883	30.6295	85.24098	7.6587	11.4944	3.8066	0.2276
5	48	c	8/16/2004	11:59	-152.09333	59.845	37	13	12.878	23.2882	30.6294	85.2005	7.65501	11.4947	3.7932	0.2276
5	48	c	8/16/2004	11:59	-152.09333	59.845	37	14	13.869	23.2885	30.6296	85.24019	7.65869	11.494	3.8063	0.2311
5	48	c	8/16/2004	11:59	-152.09333	59.845	37	15	14.859	23.2885	30.6296	85.27408	7.66174	11.494	3.8114	0.2225
5	48	c	8/16/2004	11:59	-152.09333	59.845	37	16	15.85	23.2886	30.6296	85.21602	7.65654	11.4939	3.8068	0.2275
5	48	c	8/16/2004	11:59	-152.09333	59.845	37	17	16.84	23.2886	30.6297	85.25159	7.65964	11.4944	3.8068	0.2346
5	48	c	8/16/2004	11:59	-152.09333	59.845	37	18	17.831	23.2889	30.6297	85.33555	7.6675	11.4925	3.7972	0.2301
5	48	c	8/16/2004	11:59	-152.09333	59.845	37	19	18.822	23.289	30.6299	85.26252	7.66087	11.4929	3.7999	0.2344
5	48	c	8/16/2004	11:59	-152.09333	59.845	37	20	19.812	23.2892	30.6299	85.30438	7.6648	11.4918	3.803	0.2329
5	48	c	8/16/2004	11:59	-152.09333	59.845	37	21	20.802	23.2893	30.63	85.25736	7.66052	11.4921	3.8045	0.2306
5	48	c	8/16/2004	11:59	-152.09333	59.845	37	22	21.793	23.2898	30.6302	85.25375	7.66056	11.4899	3.7993	0.2345
5	48	c	8/16/2004	11:59	-152.09333	59.845	37	23	22.784	23.2874	30.6291	85.24213	7.65804	11.4991	3.7976	0.2385
5	48	c	8/16/2004	11:59	-152.09333	59.845	37	24	23.774	23.2873	30.6289	85.26887	7.66045	11.4991	3.8001	0.2302
5	48	c	8/16/2004	11:59	-152.09333	59.845	37	25	24.765	23.2879	30.6292	85.21567	7.65602	11.4969	3.8013	0.2285
5	48	c	8/16/2004	11:59	-152.09333	59.845	37	26	25.755	23.289	30.6298	85.26598	7.66107	11.4936	3.809	0.2304
5	48	c	8/16/2004	11:59	-152.09333	59.845	37	27	26.746	23.2876	30.6293	85.27222	7.6607	11.4993	3.7969	0.2311
5	48	c	8/16/2004	11:59	-152.09333	59.845	37	28	27.736	23.2871	30.6288	85.1991	7.65396	11.5005	3.8013	0.2225
5	48	c	8/16/2004	11:59	-152.09333	59.845	37	29	28.727	23.287	30.6289	85.27949	7.66115	11.5007	3.8089	0.2327
5	48	c	8/16/2004	11:59	-152.09333	59.845	37	30	29.717	23.2869	30.6288	85.29964	7.66281	11.5016	3.81	0.2246
5	48	c	8/16/2004	11:59	-152.09333	59.845	37	31	30.708	23.2867	30.6287	85.25172	7.65847	11.5018	3.809	0.2318
5	48	c	8/16/2004	11:59	-152.09333	59.845	37	32	31.698	23.2873	30.629	85.25365	7.65895	11.4999	3.8086	0.2277
5	48	c	8/16/2004	11:59	-152.09333	59.845	37	33	32.689	23.2872	30.629	85.2485	7.65835	11.5007	3.8077	0.2288
5	48	c	8/16/2004	11:59	-152.09333	59.845	37	34	33.679	23.2868	30.6287	85.18101	7.65214	11.5017	3.81	0.2316
5	49	c	8/16/2004	11:39	-152.04	59.82667	35	1	0.991	23.1813	30.55	86.67544	7.7492	11.7469	3.8269	0.1794
5	49	c	8/16/2004	11:39	-152.04	59.82667	35	2	1.981	23.1892	30.5527	86.73564	7.75993	11.7141	3.7979	0.1906
5	49	c	8/16/2004	11:39	-152.04	59.82667	35	3	2.972	23.1878	30.552	86.79383	7.76427	11.7194	3.7947	0.2146
5	49	c	8/16/2004	11:39	-152.04	59.82667	35	4	3.963	23.1908	30.5533	86.65891	7.75395	11.7085	3.7959	0.2329
5	49	c	8/16/2004	11:39	-152.04	59.82667	35	5	4.953	23.1916	30.5535	86.69051	7.75739	11.7048	3.7829	0.2417
5	49	c	8/16/2004	11:39	-152.04	59.82667	35	6	5.944	23.1955	30.556	86.70142	7.76005	11.694	3.7773	0.2375
5	49	c	8/16/2004	11:39	-152.04	59.82667	35	7	6.934	23.1954	30.5559	86.7315	7.76274	11.6941	3.7712	0.2498
5	49	c	8/16/2004	11:39	-152.04	59.82667	35	8	7.925	23.1954	30.5558	86.72826	7.76242	11.6943	3.7801	0.2492
5	49	c	8/16/2004	11:39	-152.04	59.82667	35	9	8.916	23.194	30.5551	86.66225	7.7558	11.6987	3.7774	0.258
5	49	c	8/16/2004	11:39	-152.04	59.82667	35	10	9.906	23.1929	30.5543	86.62313	7.75184	11.7017	3.7808	0.2612
5	49	c	8/16/2004	11:39	-152.04	59.82667	35	11	10.897	23.1943	30.5549	86.61819	7.75221	11.6967	3.7798	0.2494
5	49	c	8/16/2004	11:39	-152.04	59.82667	35	12	11.888	23.1953	30.5558	86.7018	7.7599	11.6952	3.7822	0.2521
5	49	c	8/16/2004	11:39	-152.04	59.82667	35	13	12.878	23.1949	30.5557	86.76318	7.76509	11.697	3.7784	0.248
5	49	c	8/16/2004	11:39	-152.04	59.82667	35	14	13.869	23.1948	30.5555	86.64593	7.75467	11.6966	3.7847	0.2544
5	49	c	8/16/2004	11:39	-152.04	59.82667	35	15	14.859	23.196	30.5561	86.71127	7.76112	11.6929	3.7824	0.2743
5	49	c	8/16/2004	11:39	-152.04	59.82667	35	16	15.85	23.1962	30.5563	86.73146	7.76295	11.6926	3.778	0.2556
5	49	c	8/16/2004	11:39	-152.04	59.82667	35	17	16.841	23.1961	30.5561	86.68233	7.75859	11.6925	3.7758	0.2419
5	49	c	8/16/2004	11:39	-152.04	59.82667	35	18	17.831	23.1966	30.5565	86.67124	7.75771	11.6917	3.7811	0.2582
5	49	c	8/16/2004	11:39	-152.04	59.82667	35	19	18.822	23.1971	30.5568	86.69417	7.75994	11.6905	3.7711	0.2641
5	49	c	8/16/2004	11:39	-152.04	59.82667	35	20	19.812	23.1972	30.5569	86.67103	7.7579	11.6903	3.7758	0.2599
5	49	c	8/16/2004	11:39	-152.04	59.82667	35	21	20.803	23.1978	30.5572	86.67549	7.75862	11.6883	3.773	0.2633
5	49	c	8/16/2004	11:39	-152.04	59.82667	35	22	21.793	23.1993	30.5584	86.72327	7.76337	11.6851	3.7728	0.2557
5	49	c	8/16/2004	11:39	-152.04	59.82667	35	23	22.784	23.1966	30.5565	86.69496	7.75976	11.6921	3.7786	0.2509
5	49	c	8/16/2004	11:39	-152.04	59.82667	35	24	23.774	23.1972	30.5568	86.69133	7.75971	11.6904	3.7763	0.2582
5	49	c	8/16/2004	11:39	-152.04	59.82667	35	25	24.765	23.2	30.5588	86.71005	7.76252	11.683	3.7787	0.2505
5	49	c	8/16/2004	11:39	-152.04	59.82667	35	26	25.755	23.2013	30.5596	86.72376	7.76425	11.6798	3.7749	0.2642
5	49	c	8/16/2004	11:39	-152.04	59.82667	35	27	26.746	23.2006	30.559	86.59329	7.7523	11.6816	3.7712	0.2415
5	49	c	8/16/2004	11:39	-152.04	59.82667	35	28	27.737	23.2007	30.5592	86.59701	7.75264	11.6815	3.7669	0.2448
5	49	c	8/16/2004	11:39	-152.04	59.82667	35	29	28.727	23.2006	30.559	86.53046	7.74666	11.6816	3.7687	0.256
5	49	c	8/16/2004	11:39	-152.04	59.82667	35	30	29.717	23.2006	30.5591	86.58145	7.75116	11.682	3.7676	0.2643
5	49	c	8/16/2004	11:39	-152.04	59.82667	35	31	30.708	23.2004	30.5589	86.60994	7.75362	11.6826	3.7677	0.252
5	49	c	8/16/2004	11:39	-152.04	59.82667	35	32	31.699	23.2003	30.5586	86.59012	7.75197	11.682	3.7769	0.2366
5	49	c	8/16/2004	11:39	-152.04	59.82667	35	31	30.703	23.202	30.5614	86.79573	7.7693	11.6871	3.6762	0.2813
5	50	c	8/16/2004	11:13	-151.98667	59.81	31	1	0.991	23.2561	30.5946	86.74201	7.79071	11.5215	3.6469	0.2734
5	50	c	8/16/2004	11:13	-151.98667	59.81	31	2	1.981	23.2511	30.5906	86.86883	7.80051	11.5321	3.6406	0.2623
5	50	c	8/16/2004	11:13	-151.98667	59.81	31	3	2.972	23.2496	30.5895	86.82243	7.79574	11.536	3.5599	0.2863
5	50	c	8/16/2004	11:13	-151.98667	59.81	31	4	3.963	23.2496	30.5893	86.80006	7.79383	11.5355	3.6407	0.3026
5	50	c	8/16/2004	11:13	-151.98667	59.81	31	5	4.953	23.2494	30.5892	86.82098	7.79553	11.5366	3.6468	0.3103
5	50	c	8/16/2004	11:13	-151.98667	59.81	31	6	5.944	23.2495	30.5893	86.82479	7.7959	11.5364	3.6589	0.3115
5	50	c	8/16/2004	11:13	-151.98667	59.81	31	7	6.934	23.2489	30.5889	86.81426	7.79472	11.5379	3.666	0.3148
5	50	c	8/16/2004	11:13	-151.98667	59.81	31	8	7.925	23.2481	30.5883	86.73171	7.787	11.5399	3.652	0.3206
5	50	c	8/16/2004	11:13	-151.98667	59.81	31	9	8.916	23.2466	30.5872	86.65242	7.77924	11.544	3.6605	0.3303
5	50	c	8/16/2004	11:13	-151.98667	59.81	31	10	9.906	23.2518	30.5904	86.58718	7.77579	11.5288	3.6597	0.3209
5	50	c	8/16/2004	11:13	-151.98667	59.81	31	11	10.897	23.259	30.5957	86.61653	7.78099	11.5119	3.6424	0.3345
5	50	c	8/16/2004	11:13	-151.98667	59.81	31	12	11.888	23.2777	30.6091	86.68333	7.79421	11.4651	3.6281	0.3324
5	50	c	8/16/2004	11:13	-151.98667	59.81	31	13	12.878	23.2934	30.6213	86.67901	7.79921	11.4296	3.621	0.3191
5	50	c	8/16/2004	11:13	-151.98667	59.81	31	14	13.869	23.29	30.6188	86.70619	7.80035	11.4381	3.6271	0.319
5	50	c	8/16/2004	11:13	-151.98667	59.81	31	15	14.859	23.2857	30.6153	86.74732	7.80272	11.447	3.6298	0.3289
5	50	c	8/16/2004	11:13	-151.98667	59.81	31	16	15.85	23.2912	30.6195	86.70071	7.80044	11.4345	3.6291	0.3369
5	50	c	8/16/2004	11:13	-151.98667	59.81	31	17	16.84	23.3038	30.6289	86.7175	7.80654	11.4045	3.6129	0.3307
5	50	c	8/16/2004	11:13	-151.98667	59.81	31	18	17.831	23.3022	30.6277	86.72956	7.80702	11.4085	3.6168	0.3255
5	50	c	8/16/2004	11:13	-151.98667	59.81	31	19	18.822	23.3038	30.6289	86.76195	7.8105	11.4048	3.6138	0.3321
5	50	c	8/16/2004	11:13	-151.98667	59.81	31	20	19.812	23.3041	30.6292	86.75377	7.80976	11.4047	3.5974	0.3171
5	50	c	8/16/2004	11:13	-151.98667	59.81	31	21	20.803	23.3041	30.6292	86.66989	7.80219	11.4048	3.6082	0.3188
5	50	c	8/16/2004	11:13	-151.98667	59.81	31	22	21.793	23.3038	30.629	86.64549	7.79988	11.4055	3.6191	0.3285
5	50	c	8/16/2004	11:13	-151.98667	59.81	31	23	22.784	23.3049	30.6298	86.57187	7.79364	11.403	3.6233	0.3162
5	50	c	8/16/2004	11:13	-151.98667	59.81	31	24	23.774	23.3049	30.6297	86.68787	7.80408	11.4031	3.6102	0.3224
5	50	c	8/16/2004	11:13	-151.98667	59.81	31	25	24.765	23.3055	30.6302	86.60729	7.79709	11.4014	3.5978	0.3241
5	50	c	8/16/2004	11:13	-151.98667	59.81	31	26	25.755	23.3118	30.6351	86.62249	7.8005	11.3878	3.598	0.3095
5	51	c	8/16/2004	10:58	-151.95833	59.79833	27	1	0.991	23.2282	30.5612	85.62147	7.68979	11.5329	3.7452	0.168
5	51	c	8/16/2004	10:58	-151.95833	59.79833	27	2	1.981	23.231	30.561	85.84534	7.71271	11.5161	3.7227	0.185
5	51	c	8/16/2004	10:58	-151.95833	59.79833	27	3	2.972	23.2322	30.5618	85.92824	7.7206	11.5132	3.7052	0.2059
5	51	c	8/16/2004	10:58	-151.95833	59.79833	27	4	3.963	23.234	30.5631	85.939	7.72222	11.5089	3.697	0.2274
5	51	c	8/16/2004	10:58	-151.95833	59.79833	27	5	4.953	23.2333	30.5627	85.89664	7.71807	11.5111	3.691	0.2205
5	51	c	8/16/2004	10:58	-151.95833	59.79833	27	6	5.944	23.2317	30.5614	85.86021	7.71429	11.5145	3.6881	0.2235
5	51	c	8/16/2004	10:58	-151.95833	59.79833	27	7	6.934	23.2303	30.5606	85.88134	7.71551	11.5188	3.7037	0.2278
5	51	c	8/16/2004	10:58	-151.95833	59.79833	27	8	7.925	23.235	30.564	85.92232	7.72086	11.5078	3.6964	0.2242
5	51	c	8/16/2004	10:58	-151.95833	59.79833	27	9	8.916	23.2374	30.5658	85.99964	7.72865	11.5022	3.6883	0.2155
5	51	c	8/16/2004	10:58	-151.95833	59.79833	27	10	9.906	23.2447	30.5717	86.05765	7.73612	11.487	3.6897	0.2297
5	51	c	8/16/2004	10:58	-151.95833	59.79833	27	11	10.897	23.2514	30.5771	86.09255	7.74135	11.4729	3.6713	0.2407
5	51	c	8/16/2004	10:58	-151.95833	59.79833	27	12	11.888	23.2534	30.5789	86.01972	7.73525	11.4697	3.6705	0.2388
5	51	c	8/16/2004	10:58	-151.95833	59.79833	27	13	12.878	23.2536	30.5791	86.03406	7.73658	11.4694	3.6777	0.2397
5	51	c	8/16/2004	10:58	-151.95833	59.79833	27	14	13.869	23.2542	30.5796	86.10634	7.74324	11.4683	3.6681	0.2315
5	51	c	8/16/2004	10:58	-151.95833	59.79833	27	15	14.859	23.2529	30.5785	86.02312	7.7354	11.4708	3.6735	0.2329
5	51	c	8/16/2004	10:58	-151.95833	59.79833	27	16	15.85	23.2525	30.5781	86.05461	7.73809	11.4717	3.6747	0.2359
5	51	c	8/16/2004	10:58	-151.95833	59.79833	27	17	16.84	23.2518	30.5775	86.05569	7.73799	11.4731	3.6741	0.2309
5	51	c	8/16/2004	10:58	-151.95833	59.79833	27	18	17.831	23.2508	30.5767	86.05534	7.73771	11.4748	3.6766	0.2371
5	51	c	8/16/2004	10:58	-151.95833	59.79833	27	19	18.821	23.2511	30.5769	86.04967	7.73726	11.4744	3.6609	0.2419
5	51	c	8/16/2004	10:58	-151.95833	59.79833	27	20	19.812	23.2565	30.5814	86.12618	7.74566	11.4639	3.6521	0.2334
5	51	c	8/16/2004	10:58	-151.95833	59.79833	27	21	20.803	23.2571	30.582	86.04933	7.73886	11.4631	3.6635	0.232
5	51	c	8/16/2004	10:58	-151.95833	59.79833	27	22	21.793	23.2568	30.5817	86.13066	7.74611	11.4636	3.6498	0.2405
5	51	c	8/16/2004	10:58	-151.95833	59.79833	27	23	22.784	23.2574	30.5822	86.1404	7.74714	11.4626	3.6412	0.2403
5	51	c	8/16/2004	10:58	-151.95833	59.79833	27	24	23.774	23.2576	30.5823	86.14967	7.74805	11.4621	3.6413	0.2443
5	51	c	8/16/2004	10:58	-151.95833	59.79833	27	25	24.765	23.2582	30.5828	86.14232	7.74749	11.4613	3.6391	0.2342
5	52	c	8/16/2004	10:47	-151.935	59.79	20	1	0.991	23.1793	30.5094	86.66498	7.77779	11.5821	3.8061	0.1528
5	52	c	8/16/2004	10:47	-151.935	59.79	20	2	1.981	23.1811	30.5149	86.8305	7.79004	11.596	3.8008	0.1491
5	52	c	8/16/2004	10:47	-151.935	59.79	20	3	2.972	23.1802	30.5073	86.84932	7.79685	11.5677	3.7977	0.1636
5	52	c	8/16/2004	10:47	-151.935	59.79	20	4	3.963	23.1848	30.5114	86.83989	7.79719	11.5595	3.7877	0.1758
5	52	c	8/16/2004	10:47	-151.935	59.79	20	5	4.953	23.1851	30.5113	86.85826	7.79915	11.5577	3.7802	0.1824
5	52	c	8/16/2004	10:47	-151.935	59.79	20	6	5.944	23.1853	30.5113	86.86603	7.79993	11.5571	3.7834	0.1788
5	52	c	8/16/2004	10:47	-151.935	59.79	20	7	6.935	23.1853	30.5105	86.87087	7.80111	11.553	3.7753	0.1747
5	52	c	8/16/2004	10:47	-151.935	59.79	20	8	7.925	23.1859	30.5109	86.74404	7.78989	11.5519	3.7792	0.1768
5	52	c	8/16/2004	10:47	-151.935	59.79	20	9	8.916	23.1858	30.5111	86.72158	7.78759	11.5534	3.7826	0.18
5	52	c	8/16/2004	10:47	-151.935	59.79	20	10	9.906	23.1858	30.5113	86.74115	7.78921	11.5542	3.7805	0.1813
5	52	c	8/16/2004	10:47	-151.935	59.79	20	11	10.897	23.1859	30.511	86.71852	7.78742	11.5529	3.7792	0.1762
5	52	c	8/16/2004	10:47	-151.935	59.79	20	12	11.887	23.1858	30.5107	86.65111	7.78155	11.5519	3.7842	0.1856
5	52	c	8/16/2004	10:47	-151.935	59.79	20	13	12.878	23.1858	30.5106	86.67527	7.78372	11.5519	3.7908	0.1794
5	52	c	8/16/2004	10:47	-151.935	59.79	20	14	13.869	23.1857	30.5103	86.66627	7.78306	11.5511	3.7795	0.1817
5	52	c	8/16/2004	10:47	-151.935	59.79	20	15	14.859	23.1859	30.5103	86.68814	7.78514	11.5504	3.7826	0.1739
5	52	c	8/16/2004	10:47	-151.935	59.79	20	16	15.85	23.1859	30.5101	86.64832	7.78168	11.5498	3.7735	0.1828
5	52	c	8/16/2004	10:47	-151.935	59.79	20	17	16.84	23.186	30.5102	86.68127	7.78469	11.5494	3.7741	0.1743
5	52	c	8/16/2004	10:47	-151.935	59.79	20	18	17.831	23.1861	30.5099	86.60492	7.77811	11.5478	3.7585	0.184
5	53	c	8/16/2004	10:35	-151.905	59.78	13	1	0.991	22.9692	30.3545	82.84024	7.36249	12.0808	3.5863	0.1834
5	53	c	8/16/2004	10:35	-151.905	59.78	13	2	1.981	22.9696	30.3545	82.9045	7.36855	12.0786	3.5774	0.1866
5	53	c	8/16/2004	10:35	-151.905	59.78	13	3	2.972	22.9699	30.3549	82.91892	7.36983	12.0785	3.573	0.1881
5	53	c	8/16/2004	10:35	-151.905	59.78	13	4	3.963	22.9704	30.3549	82.81822	7.36124	12.0762	3.5562	0.1898
5	53	c	8/16/2004	10:35	-151.905	59.78	13	5	4.953	22.9708	30.3552	82.80564	7.36024	12.0753	3.5535	0.1928
5	53	c	8/16/2004	10:35	-151.905	59.78	13	6	5.944	22.9708	30.3553	82.82006	7.36146	12.0757	3.5632	0.1975
5	53	c	8/16/2004	10:35	-151.905	59.78	13	7	6.934	22.9705	30.355	82.83404	7.36265	12.0761	3.5527	0.1971
5	53	c	8/16/2004	10:35	-151.905	59.78	13	8	7.925	22.9705	30.355	82.78074	7.35786	12.0765	3.5575	0.1887
5	53	c	8/16/2004	10:35	-151.905	59.78	13	9	8.916	22.9698	30.3545	82.69024	7.3496	12.0779	3.5482	0.201
5	53	c	8/16/2004	10:35	-151.905	59.78	13	10	9.906	22.969	30.3539	82.57248	7.33885	12.08	3.5202	0.1994
5	54	c	8/16/2004	10:22	-151.88333	59.77167	12	1	0.991	22.7572	30.1103	86.64593	7.69215	12.2044	3.6748	0.1746
5	54	c	8/16/2004	10:22	-151.88333	59.77167	12	2	1.981	22.7568	30.1113	86.70373	7.69613	12.2111	3.6773	0.1748
5	54	c	8/16/2004	10:22	-151.88333	59.77167	12	3	2.972	22.7577	30.1086	86.71945	7.70028	12.1952	3.6748	0.1778
5	54	c	8/16/2004	10:22	-151.88333	59.77167	12	4	3.963	22.7603	30.1109	86.66685	7.69624	12.1906	3.6786	0.1861
5	54	c	8/16/2004	10:22	-151.88333	59.77167	12	5	4.953	22.7604	30.1104	86.68038	7.69791	12.1879	3.678	0.1919
5	54	c	8/16/2004	10:22	-151.88333	59.77167	12	6	5.944	22.7605	30.1103	86.62628	7.69317	12.1876	3.6773	0.1831
5	54	c	8/16/2004	10:22	-151.88333	59.77167	12	7	6.935	22.759	30.109	86.59362	7.68991	12.1902	3.6766	0.1824
