Cruise	Station	Type	mon/day/yr	hh:mm	Lon (E)	Lat (N)	Bot. Depth [m]	Press	Depth [m]	Sigma	Salinity [psu]	oxper [%]	oxconc	Temperature [C]	fluor [v]	tran [v]	PAR
2	38	c	5/25/2004	16:47	-152.56667	60.00667	24	1	0.991	21.7395	27.7372	93.58814	9.5469	6.7005	0.4215	1.7243	1.98E+02
2	38	c	5/25/2004	16:47	-152.56667	60.00667	24	2	1.981	21.7643	27.766	93.67721	9.55819	6.6829	0.5474	1.7331	7.67E+01
2	38	c	5/25/2004	16:47	-152.56667	60.00667	24	3	2.972	21.7883	27.795	93.75971	9.56691	6.6736	0.6184	1.7357	3.48E+01
2	38	c	5/25/2004	16:47	-152.56667	60.00667	24	4	3.963	21.8926	27.9235	93.82285	9.5717	6.6456	0.6469	1.7899	1.54E+01
2	38	c	5/25/2004	16:47	-152.56667	60.00667	24	5	4.953	22.0274	28.0891	93.66962	9.55424	6.6082	0.7301	1.7975	7.16E+00
2	38	c	5/25/2004	16:47	-152.56667	60.00667	24	6	5.944	22.8562	29.1095	93.35796	9.5077	6.3935	0.7496	2.2156	3.57E+00
2	38	c	5/25/2004	16:47	-152.56667	60.00667	24	7	6.934	23.1007	29.4033	92.36325	9.4131	6.283	0.6179	2.3914	2.34E+00
2	38	c	5/25/2004	16:47	-152.56667	60.00667	24	8	7.925	23.2536	29.5831	91.08956	9.29341	6.188	0.4551	2.3201	1.38E+00
2	38	c	5/25/2004	16:47	-152.56667	60.00667	24	9	8.916	23.3929	29.7484	90.24992	9.21471	6.111	0.4109	2.185	8.16E-01
2	38	c	5/25/2004	16:47	-152.56667	60.00667	24	10	9.906	23.495	29.8702	89.53688	9.14595	6.0592	0.3621	2.0879	4.73E-01
2	38	c	5/25/2004	16:47	-152.56667	60.00667	24	11	10.897	23.5955	29.9895	88.85437	9.08106	6.0043	0.3277	1.95	2.54E-01
2	38	c	5/25/2004	16:47	-152.56667	60.00667	24	12	11.887	23.7041	30.1187	88.28311	9.0276	5.9462	0.2771	1.7823	1.11E-01
2	38	c	5/25/2004	16:47	-152.56667	60.00667	24	13	12.878	23.7406	30.1619	88.0806	9.00886	5.9252	0.2725	1.5914	7.86E-02
2	38	c	5/25/2004	16:47	-152.56667	60.00667	24	14	13.869	23.7487	30.1714	87.84175	8.98493	5.9203	0.2632	1.603	4.85E-02
2	38	c	5/25/2004	16:47	-152.56667	60.00667	24	15	14.859	23.7551	30.179	87.76373	8.97715	5.9172	0.2649	1.4584	4.22E-02
2	38	c	5/25/2004	16:47	-152.56667	60.00667	24	16	15.85	23.7612	30.1863	87.5984	8.96061	5.9136	0.2638	1.4108	3.80E-02
2	38	c	5/25/2004	16:47	-152.56667	60.00667	24	17	16.84	23.7633	30.1887	87.50873	8.95154	5.9124	0.2611	1.3138	3.67E-02
2	38	c	5/25/2004	16:47	-152.56667	60.00667	24	18	17.831	23.7629	30.1882	87.53019	8.95374	5.9125	0.2624	1.2128	3.62E-02
2	39	c	5/25/2004	16:34	-152.53667	59.99667	32	1	0.991	21.6243	27.6329	88.48373	8.97289	6.9789	0.3475	2.4666	2.09E+02
2	39	c	5/25/2004	16:34	-152.53667	59.99667	32	2	1.981	21.9374	28.0089	79.03838	8.02303	6.8345	0.4809	2.4724	1.17E+02
2	39	c	5/25/2004	16:34	-152.53667	59.99667	32	3	2.972	22.6851	28.9136	78.17129	7.94459	6.5345	0.4742	2.4477	7.63E+01
2	39	c	5/25/2004	16:34	-152.53667	59.99667	32	4	3.962	22.9392	29.2191	76.95088	7.8261	6.4208	0.4723	2.434	4.84E+01
2	39	c	5/25/2004	16:34	-152.53667	59.99667	32	5	4.953	23.1317	29.4487	75.21102	7.65551	6.3229	0.5039	2.457	2.75E+01
2	39	c	5/25/2004	16:34	-152.53667	59.99667	32	6	5.944	23.3458	29.6971	75.21851	7.67217	6.1679	0.5082	2.3952	1.59E+01
2	39	c	5/25/2004	16:34	-152.53667	59.99667	32	7	6.934	23.6477	30.053	78.62703	8.03611	5.9849	0.5056	2.2478	1.05E+01
2	39	c	5/25/2004	16:34	-152.53667	59.99667	32	8	7.925	23.7273	30.1472	81.69701	8.35387	5.9394	0.4243	2.0704	5.61E+00
2	39	c	5/25/2004	16:34	-152.53667	59.99667	32	9	8.916	23.7861	30.2176	81.954	8.38174	5.9124	0.3881	1.8363	3.00E+00
2	39	c	5/25/2004	16:34	-152.53667	59.99667	32	10	9.906	23.8075	30.2468	80.0271	8.18041	5.9261	0.3264	1.7287	1.41E+00
2	39	c	5/25/2004	16:34	-152.53667	59.99667	32	11	10.897	23.813	30.253	78.72334	8.04788	5.9207	0.3315	1.6799	8.07E-01
2	39	c	5/25/2004	16:34	-152.53667	59.99667	32	12	11.887	23.819	30.2601	76.60957	7.83199	5.9176	0.3559	1.6375	3.20E-01
2	39	c	5/25/2004	16:34	-152.53667	59.99667	32	13	12.878	23.8149	30.2545	77.70614	7.94495	5.9147	0.2739	1.5771	1.60E-01
2	39	c	5/25/2004	16:34	-152.53667	59.99667	32	14	13.869	23.8068	30.2433	81.64518	8.3496	5.9082	0.2804	1.4999	7.31E-02
2	39	c	5/25/2004	16:34	-152.53667	59.99667	32	15	14.859	23.804	30.2388	83.74014	8.56546	5.9015	0.2343	1.496	5.04E-02
2	39	c	5/25/2004	16:34	-152.53667	59.99667	32	16	15.85	23.8038	30.2385	84.79782	8.67356	5.902	0.2375	1.3956	4.12E-02
2	39	c	5/25/2004	16:34	-152.53667	59.99667	32	17	16.84	23.8066	30.242	85.52735	8.74807	5.9016	0.2439	1.4122	3.80E-02
2	39	c	5/25/2004	16:34	-152.53667	59.99667	32	18	17.831	23.8071	30.2426	85.81309	8.77731	5.9014	0.234	1.4303	3.67E-02
2	39	c	5/25/2004	16:34	-152.53667	59.99667	32	19	18.821	23.8065	30.2418	86.11484	8.80819	5.9015	0.2338	1.3107	3.62E-02
2	39	c	5/25/2004	16:34	-152.53667	59.99667	32	20	19.812	23.8075	30.2431	86.17501	8.81424	5.9017	0.2345	1.2586	3.63E-02
2	39	c	5/25/2004	16:34	-152.53667	59.99667	32	21	20.803	23.8081	30.2439	86.19261	8.81603	5.9015	0.2335	1.3284	3.63E-02
2	39	c	5/25/2004	16:34	-152.53667	59.99667	32	22	21.793	23.8085	30.2444	86.27401	8.82428	5.9017	0.2341	1.2587	3.63E-02
2	39	c	5/25/2004	16:34	-152.53667	59.99667	32	23	22.784	23.8085	30.2444	86.39392	8.83661	5.9014	0.2282	1.3455	3.63E-02
2	39	c	5/25/2004	16:34	-152.53667	59.99667	32	24	23.774	23.8094	30.2455	86.44906	8.84223	5.9012	0.2258	1.3569	3.63E-02
2	39	c	5/25/2004	16:34	-152.53667	59.99667	32	25	24.765	23.8102	30.2464	86.55533	8.85304	5.9012	0.2377	1.381	3.63E-02
2	39	c	5/25/2004	16:34	-152.53667	59.99667	32	26	25.755	23.8106	30.2469	86.63247	8.86099	5.9008	0.2309	1.1166	3.63E-02
2	39	c	5/25/2004	16:34	-152.53667	59.99667	32	27	26.746	23.8107	30.247	86.66009	8.86379	5.9009	0.2314	1.2482	3.63E-02
2	39	c	5/25/2004	16:34	-152.53667	59.99667	32	28	27.737	23.8111	30.2474	86.55998	8.85366	5.9003	0.2336	1.3716	3.63E-02
2	40	c	5/25/2004	16:22	-152.51	59.98667	35	1	0.991	22.0596	28.1848	91.42243	9.24062	6.9664	0.208	2.5334	2.48E+02
2	40	c	5/25/2004	16:22	-152.51	59.98667	35	2	1.981	22.179	28.3218	90.19805	9.12945	6.8703	0.2633	2.5407	1.36E+02
2	40	c	5/25/2004	16:22	-152.51	59.98667	35	3	2.972	23.0138	29.3175	89.64327	9.10577	6.4456	0.2907	2.435	8.62E+01
2	40	c	5/25/2004	16:22	-152.51	59.98667	35	4	3.963	23.6891	30.1073	88.52709	9.04204	5.998	0.2626	2.3917	5.25E+01
2	40	c	5/25/2004	16:22	-152.51	59.98667	35	5	4.953	23.7555	30.1837	87.6835	8.96278	5.9448	0.2285	2.3287	3.15E+01
2	40	c	5/25/2004	16:22	-152.51	59.98667	35	6	5.944	23.7996	30.2345	87.37778	8.93611	5.9094	0.2061	2.2	1.81E+01
2	40	c	5/25/2004	16:22	-152.51	59.98667	35	7	6.935	23.8022	30.2371	87.23762	8.92239	5.9058	0.2004	2.0235	1.06E+01
2	40	c	5/25/2004	16:22	-152.51	59.98667	35	8	7.925	23.8034	30.2386	87.18668	8.91732	5.9048	0.2013	1.925	5.26E+00
2	40	c	5/25/2004	16:22	-152.51	59.98667	35	9	8.916	23.8039	30.239	87.15681	8.91456	5.9033	0.2005	1.8111	2.88E+00
2	40	c	5/25/2004	16:22	-152.51	59.98667	35	10	9.906	23.8047	30.2399	87.17178	8.9161	5.903	0.1993	1.7852	1.38E+00
2	40	c	5/25/2004	16:22	-152.51	59.98667	35	11	10.897	23.8059	30.2415	87.12681	8.91133	5.9033	0.2035	1.7854	6.53E-01
2	40	c	5/25/2004	16:22	-152.51	59.98667	35	12	11.887	23.8056	30.2411	87.12549	8.91115	5.9036	0.2015	1.6674	3.46E-01
2	40	c	5/25/2004	16:22	-152.51	59.98667	35	13	12.878	23.8069	30.2428	87.11155	8.90954	5.9041	0.1992	1.644	1.69E-01
2	40	c	5/25/2004	16:22	-152.51	59.98667	35	14	13.869	23.8085	30.2451	87.09317	8.90723	5.9055	0.2012	1.5859	8.51E-02
2	40	c	5/25/2004	16:22	-152.51	59.98667	35	15	14.859	23.8088	30.2455	87.04904	8.90254	5.9062	0.2025	1.4192	5.69E-02
2	40	c	5/25/2004	16:22	-152.51	59.98667	35	16	15.85	23.81	30.247	87.08661	8.90619	5.9066	0.2037	1.3407	4.30E-02
2	40	c	5/25/2004	16:22	-152.51	59.98667	35	17	16.84	23.8106	30.248	87.09514	8.90679	5.9076	0.2019	1.2826	3.84E-02
2	40	c	5/25/2004	16:22	-152.51	59.98667	35	18	17.831	23.8108	30.2482	86.99192	8.89622	5.9077	0.2018	1.1507	3.68E-02
2	40	c	5/25/2004	16:22	-152.51	59.98667	35	19	18.822	23.8109	30.2485	87.05851	8.90288	5.9083	0.2007	1.0693	3.62E-02
2	40	c	5/25/2004	16:22	-152.51	59.98667	35	20	19.812	23.8114	30.2491	87.03502	8.90036	5.9087	0.2035	0.9885	3.63E-02
2	40	c	5/25/2004	16:22	-152.51	59.98667	35	21	20.803	23.8115	30.2492	87.02239	8.89912	5.9084	0.2008	1.115	3.63E-02
2	40	c	5/25/2004	16:22	-152.51	59.98667	35	22	21.793	23.8114	30.249	87.041	8.90106	5.9083	0.2005	1.1566	3.63E-02
2	40	c	5/25/2004	16:22	-152.51	59.98667	35	23	22.784	23.8122	30.2502	87.03946	8.90061	5.9093	0.2067	0.9948	3.63E-02
2	40	c	5/25/2004	16:22	-152.51	59.98667	35	24	23.774	23.8121	30.2501	87.08365	8.90516	5.9092	0.2033	1.0058	3.63E-02
2	40	c	5/25/2004	16:22	-152.51	59.98667	35	25	24.765	23.8122	30.2502	87.05263	8.90194	5.9094	0.2024	1.0357	3.63E-02
2	40	c	5/25/2004	16:22	-152.51	59.98667	35	26	25.755	23.8122	30.2501	87.09593	8.90641	5.9093	0.2054	1.0436	3.63E-02
2	40	c	5/25/2004	16:22	-152.51	59.98667	35	27	26.746	23.8123	30.2503	87.12208	8.90904	5.9094	0.207	1.0512	3.63E-02
2	40	c	5/25/2004	16:22	-152.51	59.98667	35	28	27.736	23.8124	30.2504	87.10312	8.90709	5.9094	0.2068	1.0464	3.63E-02
2	40	c	5/25/2004	16:22	-152.51	59.98667	35	29	28.727	23.8124	30.2504	87.10027	8.90676	5.9096	0.2041	1.0477	3.63E-02
2	40	c	5/25/2004	16:22	-152.51	59.98667	35	30	29.717	23.8125	30.2506	87.08015	8.90461	5.91	0.2108	0.9477	3.63E-02
2	40	c	5/25/2004	16:22	-152.51	59.98667	35	31	30.708	23.8124	30.2504	87.04391	8.90103	5.9094	0.208	0.8371	3.63E-02
2	41	c	5/25/2004	16:11	-152.48167	59.98733	33	1	0.991	22.8297	29.1272	89.13991	9.00507	6.7298	0.1968	2.5603	2.32E+02
2	41	c	5/25/2004	16:11	-152.48167	59.98733	33	2	1.981	23.4283	29.821	87.30694	8.87077	6.2963	0.211	2.3687	1.37E+02
2	41	c	5/25/2004	16:11	-152.48167	59.98733	33	3	2.972	23.6834	30.1161	86.75771	8.83801	6.1058	0.2276	2.1198	7.20E+01
2	41	c	5/25/2004	16:11	-152.48167	59.98733	33	4	3.963	23.7527	30.196	86.67523	8.83628	6.0522	0.2293	2.0527	4.22E+01
2	41	c	5/25/2004	16:11	-152.48167	59.98733	33	5	4.953	23.795	30.2376	86.70869	8.85447	5.9709	0.2252	1.7554	2.25E+01
2	41	c	5/25/2004	16:11	-152.48167	59.98733	33	6	5.944	23.808	30.2494	86.68722	8.85833	5.9391	0.2276	1.5469	8.15E+00
2	41	c	5/25/2004	16:11	-152.48167	59.98733	33	7	6.934	23.8113	30.2521	86.68547	8.86019	5.9287	0.2291	1.4705	4.11E+00
2	41	c	5/25/2004	16:11	-152.48167	59.98733	33	8	7.925	23.8134	30.2537	86.601	8.85296	5.9216	0.2278	1.2479	1.52E+00
2	41	c	5/25/2004	16:11	-152.48167	59.98733	33	9	8.916	23.8162	30.2564	86.80603	8.87485	5.9165	0.2237	1.1562	4.40E-01
2	41	c	5/25/2004	16:11	-152.48167	59.98733	33	10	9.906	23.8163	30.2565	86.86616	8.88115	5.9158	0.2236	1.1528	1.45E-01
2	41	c	5/25/2004	16:11	-152.48167	59.98733	33	11	10.897	23.8175	30.2576	86.79361	8.87417	5.9134	0.2253	1.0068	6.82E-02
2	41	c	5/25/2004	16:11	-152.48167	59.98733	33	12	11.887	23.8174	30.2575	86.7897	8.87379	5.9134	0.2241	0.8433	4.29E-02
2	41	c	5/25/2004	16:11	-152.48167	59.98733	33	13	12.878	23.8169	30.2569	86.834	8.87826	5.9138	0.2249	0.881	3.66E-02
2	41	c	5/25/2004	16:11	-152.48167	59.98733	33	14	13.869	23.8169	30.2569	86.94451	8.8896	5.9136	0.223	0.8946	3.63E-02
2	41	c	5/25/2004	16:11	-152.48167	59.98733	33	15	14.859	23.817	30.2568	86.98483	8.89384	5.9131	0.2249	0.8893	3.63E-02
2	41	c	5/25/2004	16:11	-152.48167	59.98733	33	16	15.85	23.8171	30.2571	86.95498	8.89072	5.9133	0.2288	0.8061	3.63E-02
2	41	c	5/25/2004	16:11	-152.48167	59.98733	33	17	16.84	23.8173	30.2573	87.0294	8.89833	5.9133	0.2226	0.8345	3.63E-02
2	41	c	5/25/2004	16:11	-152.48167	59.98733	33	18	17.831	23.8172	30.2571	87.07267	8.90278	5.9132	0.2199	0.8745	3.63E-02
2	41	c	5/25/2004	16:11	-152.48167	59.98733	33	19	18.821	23.8171	30.257	87.05864	8.90137	5.9131	0.217	0.8473	3.63E-02
2	41	c	5/25/2004	16:11	-152.48167	59.98733	33	20	19.812	23.8169	30.2568	86.98171	8.89346	5.9134	0.2176	0.8153	3.63E-02
2	41	c	5/25/2004	16:11	-152.48167	59.98733	33	21	20.803	23.8171	30.257	86.89598	8.88465	5.9136	0.2192	0.853	3.63E-02
2	41	c	5/25/2004	16:11	-152.48167	59.98733	33	22	21.793	23.8171	30.257	86.89845	8.88485	5.9138	0.2186	0.8029	3.63E-02
2	41	c	5/25/2004	16:11	-152.48167	59.98733	33	23	22.784	23.8168	30.2567	86.95003	8.89006	5.9141	0.2173	0.7489	3.63E-02
2	41	c	5/25/2004	16:11	-152.48167	59.98733	33	24	23.774	23.8167	30.2567	86.99392	8.89448	5.9145	0.22	0.7789	3.63E-02
2	41	c	5/25/2004	16:11	-152.48167	59.98733	33	25	24.765	23.8166	30.2565	86.97719	8.89276	5.9146	0.2234	0.7885	3.63E-02
2	41	c	5/25/2004	16:11	-152.48167	59.98733	33	26	25.756	23.8167	30.2566	86.95313	8.89028	5.9147	0.2224	0.5947	3.63E-02
2	42	c	5/25/2004	15:50	-152.42167	59.95667	27	1	0.991	23.8168	30.2663	86.67257	8.84763	5.978	0.1981	1.5299	1.56E+02
2	42	c	5/25/2004	15:50	-152.42167	59.95667	27	2	1.981	23.8206	30.2692	86.74218	8.85739	5.9646	0.2153	1.3925	5.22E+01
2	42	c	5/25/2004	15:50	-152.42167	59.95667	27	3	2.972	23.8203	30.2691	86.75359	8.85793	5.9676	0.2164	1.4314	2.15E+01
2	42	c	5/25/2004	15:50	-152.42167	59.95667	27	4	3.963	23.8194	30.2684	86.78152	8.86032	5.97	0.223	1.4976	6.05E+00
2	42	c	5/25/2004	15:50	-152.42167	59.95667	27	5	4.953	23.8209	30.2696	86.84093	8.86722	5.9657	0.2244	1.4445	2.55E+00
2	42	c	5/25/2004	15:50	-152.42167	59.95667	27	6	5.944	23.8231	30.2717	86.80648	8.86459	5.9609	0.2232	1.3884	1.09E+00
2	42	c	5/25/2004	15:50	-152.42167	59.95667	27	7	6.934	23.8255	30.274	86.71046	8.85582	5.9554	0.22	1.1737	3.79E-01
2	42	c	5/25/2004	15:50	-152.42167	59.95667	27	8	7.925	23.828	30.276	86.70908	8.85709	5.9482	0.2205	1.1709	1.36E-01
2	42	c	5/25/2004	15:50	-152.42167	59.95667	27	9	8.916	23.8308	30.2786	86.68546	8.85599	5.9413	0.2157	1.215	6.40E-02
2	42	c	5/25/2004	15:50	-152.42167	59.95667	27	10	9.906	23.8317	30.2794	86.74025	8.86201	5.9391	0.2155	1.1684	4.51E-02
2	42	c	5/25/2004	15:50	-152.42167	59.95667	27	11	10.897	23.832	30.2798	86.75572	8.86362	5.9388	0.2146	1.1987	3.76E-02
2	42	c	5/25/2004	15:50	-152.42167	59.95667	27	12	11.887	23.8319	30.2796	86.73364	8.86136	5.9389	0.2174	1.3119	3.64E-02
2	42	c	5/25/2004	15:50	-152.42167	59.95667	27	13	12.878	23.8335	30.281	86.72212	8.86097	5.9348	0.2214	1.3083	3.63E-02
2	42	c	5/25/2004	15:50	-152.42167	59.95667	27	14	13.869	23.8352	30.2827	86.74621	8.86403	5.9315	0.2152	1.2949	3.63E-02
2	42	c	5/25/2004	15:50	-152.42167	59.95667	27	15	14.859	23.8348	30.2823	86.76707	8.86598	5.9325	0.2156	1.0523	3.63E-02
2	42	c	5/25/2004	15:50	-152.42167	59.95667	27	16	15.85	23.8354	30.2828	86.8302	8.87267	5.9312	0.2156	1.1918	3.63E-02
2	42	c	5/25/2004	15:50	-152.42167	59.95667	27	17	16.84	23.8345	30.2819	86.83008	8.8724	5.9327	0.2169	1.3005	3.63E-02
2	42	c	5/25/2004	15:50	-152.42167	59.95667	27	18	17.831	23.8347	30.2821	86.7875	8.86813	5.9323	0.2165	1.297	3.63E-02
2	42	c	5/25/2004	15:50	-152.42167	59.95667	27	19	18.821	23.8354	30.2828	86.81827	8.8715	5.931	0.22	1.2909	3.63E-02
2	42	c	5/25/2004	15:50	-152.42167	59.95667	27	20	19.812	23.8357	30.2831	86.71667	8.86122	5.9305	0.2224	1.104	3.63E-02
2	42	c	5/25/2004	15:50	-152.42167	59.95667	27	21	20.803	23.8359	30.2833	86.6811	8.85755	5.9305	0.2165	1.0732	3.63E-02
2	42	c	5/25/2004	15:50	-152.42167	59.95667	27	22	21.793	23.8359	30.2833	86.73761	8.86339	5.9302	0.2182	1.0878	3.63E-02
2	43	c	5/25/2004	15:29	-152.36833	59.93833	52	1	0.991	23.7225	30.1728	86.17588	8.76551	6.1535	0.1672	2.5355	2.60E+02
2	43	c	5/25/2004	15:29	-152.36833	59.93833	52	2	1.981	23.725	30.1755	85.59355	8.70685	6.15	0.1731	2.495	1.50E+02
2	43	c	5/25/2004	15:29	-152.36833	59.93833	52	3	2.972	23.7255	30.1756	85.74757	8.72308	6.1472	0.1872	2.5187	9.10E+01
2	43	c	5/25/2004	15:29	-152.36833	59.93833	52	4	3.963	23.725	30.1755	85.70329	8.7179	6.1505	0.1933	2.5364	5.81E+01
2	43	c	5/25/2004	15:29	-152.36833	59.93833	52	5	4.953	23.7259	30.1753	85.81701	8.73124	6.1421	0.206	2.5805	3.54E+01
2	43	c	5/25/2004	15:29	-152.36833	59.93833	52	6	5.944	23.7299	30.1776	85.86118	8.7395	6.1233	0.2093	2.5529	2.37E+01
2	43	c	5/25/2004	15:29	-152.36833	59.93833	52	7	6.935	23.7438	30.1857	85.96291	8.76283	6.059	0.2104	2.545	1.39E+01
2	43	c	5/25/2004	15:29	-152.36833	59.93833	52	8	7.925	23.7567	30.1962	85.9535	8.76949	6.0197	0.2098	2.5331	8.91E+00
2	43	c	5/25/2004	15:29	-152.36833	59.93833	52	9	8.915	23.7788	30.2155	85.9664	8.78217	5.9603	0.2043	2.4867	5.09E+00
2	43	c	5/25/2004	15:29	-152.36833	59.93833	52	10	9.906	23.808	30.2434	85.97568	8.79452	5.8984	0.2015	2.4781	3.43E+00
2	43	c	5/25/2004	15:29	-152.36833	59.93833	52	11	10.897	23.814	30.2502	86.14718	8.8128	5.8931	0.1983	2.4838	1.95E+00
2	43	c	5/25/2004	15:29	-152.36833	59.93833	52	12	11.888	23.8293	30.2676	86.22252	8.82233	5.8797	0.2026	2.404	1.16E+00
2	43	c	5/25/2004	15:29	-152.36833	59.93833	52	13	12.878	23.8371	30.277	86.26858	8.82734	5.8757	0.1995	2.3699	7.82E-01
2	43	c	5/25/2004	15:29	-152.36833	59.93833	52	14	13.869	23.8399	30.2802	86.30515	8.83129	5.8738	0.1986	2.3465	5.14E-01
2	43	c	5/25/2004	15:29	-152.36833	59.93833	52	15	14.859	23.845	30.2863	86.39526	8.8407	5.8713	0.1964	2.2683	2.83E-01
2	43	c	5/25/2004	15:29	-152.36833	59.93833	52	16	15.85	23.8515	30.2938	86.39286	8.84097	5.8668	0.2006	2.2177	1.93E-01
2	43	c	5/25/2004	15:29	-152.36833	59.93833	52	17	16.84	23.8619	30.3062	86.37951	8.84013	5.8609	0.199	2.3846	1.04E-01
2	43	c	5/25/2004	15:29	-152.36833	59.93833	52	18	17.831	23.9172	30.3743	86.37017	8.83787	5.8484	0.2037	1.7768	7.48E-02
2	43	c	5/25/2004	15:29	-152.36833	59.93833	52	19	18.821	23.9263	30.3851	86.34971	8.83632	5.8429	0.2071	1.5542	5.04E-02
2	43	c	5/25/2004	15:29	-152.36833	59.93833	52	20	19.812	23.9189	30.376	86.3288	8.83427	5.845	0.2032	1.7204	4.38E-02
2	43	c	5/25/2004	15:29	-152.36833	59.93833	52	21	20.803	23.9231	30.3812	86.32387	8.83367	5.8441	0.2034	1.6975	4.01E-02
2	43	c	5/25/2004	15:29	-152.36833	59.93833	52	22	21.793	23.9114	30.3667	86.37846	8.83958	5.8465	0.201	1.8899	3.84E-02
2	43	c	5/25/2004	15:29	-152.36833	59.93833	52	23	22.784	23.9075	30.362	86.43099	8.84489	5.8481	0.1988	1.9853	3.75E-02
2	43	c	5/25/2004	15:29	-152.36833	59.93833	52	24	23.774	23.9154	30.3715	86.4541	8.84729	5.8453	0.2002	1.9441	3.71E-02
2	43	c	5/25/2004	15:29	-152.36833	59.93833	52	25	24.765	23.9114	30.3665	86.58788	8.86119	5.8457	0.2025	1.9654	3.68E-02
2	43	c	5/25/2004	15:29	-152.36833	59.93833	52	26	25.755	23.9122	30.3676	86.58461	8.86064	5.8464	0.1995	1.7637	3.68E-02
2	43	c	5/25/2004	15:29	-152.36833	59.93833	52	27	26.746	23.902	30.3551	86.5457	8.8569	5.8487	0.1974	1.878	3.69E-02
2	43	c	5/25/2004	15:29	-152.36833	59.93833	52	28	27.736	23.8978	30.3501	86.57113	8.85939	5.8506	0.1962	1.814	3.67E-02
2	43	c	5/25/2004	15:29	-152.36833	59.93833	52	29	28.727	23.9044	30.358	86.52883	8.85497	5.8488	0.2013	1.8599	3.68E-02
2	43	c	5/25/2004	15:29	-152.36833	59.93833	52	30	29.717	23.9107	30.3658	86.49945	8.8518	5.8475	0.1979	1.8837	3.67E-02
2	43	c	5/25/2004	15:29	-152.36833	59.93833	52	31	30.708	23.929	30.3886	86.45704	8.84679	5.8444	0.1999	1.8221	3.67E-02
2	43	c	5/25/2004	15:29	-152.36833	59.93833	52	32	31.698	23.9461	30.41	86.4356	8.84359	5.8433	0.2053	1.7919	3.68E-02
2	43	c	5/25/2004	15:29	-152.36833	59.93833	52	33	32.689	23.9497	30.4146	86.39194	8.83893	5.843	0.2055	1.6819	3.68E-02
2	43	c	5/25/2004	15:29	-152.36833	59.93833	52	34	33.679	23.948	30.4126	86.36714	8.83635	5.8437	0.2066	1.4836	3.68E-02
2	43	c	5/25/2004	15:29	-152.36833	59.93833	52	35	34.67	23.9557	30.4223	86.39357	8.83839	5.8442	0.209	1.3986	3.69E-02
2	43	c	5/25/2004	15:29	-152.36833	59.93833	52	36	35.66	23.9544	30.4205	86.40183	8.83947	5.8436	0.2091	1.3657	3.68E-02
2	43	c	5/25/2004	15:29	-152.36833	59.93833	52	37	36.651	23.9519	30.4173	86.40999	8.84056	5.8432	0.2025	1.3879	3.70E-02
2	43	c	5/25/2004	15:29	-152.36833	59.93833	52	38	37.641	23.9449	30.4084	86.43866	8.84411	5.8428	0.2072	1.2887	3.68E-02
2	43	c	5/25/2004	15:29	-152.36833	59.93833	52	39	38.632	23.9505	30.4156	86.44891	8.84452	5.8438	0.2058	1.4332	3.68E-02
2	43	c	5/25/2004	15:29	-152.36833	59.93833	52	40	39.622	23.9596	30.4275	86.4073	8.83906	5.8462	0.2115	1.2948	3.69E-02
2	43	c	5/25/2004	15:29	-152.36833	59.93833	52	41	40.613	23.9618	30.4303	86.4029	8.8384	5.8465	0.2101	1.2389	3.69E-02
2	43	c	5/25/2004	15:29	-152.36833	59.93833	52	42	41.603	23.9621	30.4307	86.36823	8.83477	5.8467	0.2099	1.1998	3.69E-02
2	43	c	5/25/2004	15:29	-152.36833	59.93833	52	43	42.594	23.9624	30.4311	86.31959	8.82976	5.8468	0.2117	1.0253	3.71E-02
2	43	c	5/25/2004	15:29	-152.36833	59.93833	52	44	43.584	23.9641	30.4332	86.4109	8.83894	5.847	0.2106	1.0989	3.68E-02
2	43	c	5/25/2004	15:29	-152.36833	59.93833	52	45	44.574	23.9641	30.4333	86.46415	8.8444	5.8469	0.2088	1.152	3.68E-02
2	44	c	5/25/2004	15:00	-152.30833	59.91833	112	1	0.991	23.7134	30.1486	85.99517	8.76612	6.0692	0.1785	2.5644	3.38E+02
2	44	c	5/25/2004	15:00	-152.30833	59.91833	112	2	1.981	23.713	30.148	85.1815	8.68346	6.068	0.1812	2.5562	1.97E+02
2	44	c	5/25/2004	15:00	-152.30833	59.91833	112	3	2.972	23.7139	30.1492	85.48262	8.71407	6.068	0.1924	2.5908	1.17E+02
2	44	c	5/25/2004	15:00	-152.30833	59.91833	112	4	3.962	23.7162	30.1506	85.56434	8.72442	6.058	0.2066	2.5818	7.56E+01
2	44	c	5/25/2004	15:00	-152.30833	59.91833	112	5	4.953	23.7389	30.1714	85.66654	8.74489	6.0041	0.223	2.5312	4.25E+01
2	44	c	5/25/2004	15:00	-152.30833	59.91833	112	6	5.944	23.7548	30.1877	85.6971	8.75265	5.9775	0.2213	2.3749	2.88E+01
2	44	c	5/25/2004	15:00	-152.30833	59.91833	112	7	6.934	23.757	30.1899	85.92149	8.77618	5.974	0.2204	2.4114	1.70E+01
2	44	c	5/25/2004	15:00	-152.30833	59.91833	112	8	7.925	23.7567	30.1895	86.01345	8.78562	5.9738	0.2181	2.3822	9.79E+00
2	44	c	5/25/2004	15:00	-152.30833	59.91833	112	9	8.916	23.7568	30.1895	86.02192	8.78652	5.9737	0.2205	2.3383	6.00E+00
2	44	c	5/25/2004	15:00	-152.30833	59.91833	112	10	9.906	23.7555	30.1881	86.06493	8.79069	5.9751	0.2199	2.352	3.51E+00
2	44	c	5/25/2004	15:00	-152.30833	59.91833	112	11	10.897	23.7576	30.1905	86.12608	8.79708	5.9738	0.2213	2.3966	2.22E+00
2	44	c	5/25/2004	15:00	-152.30833	59.91833	112	12	11.888	23.7613	30.195	86.18258	8.80297	5.972	0.2185	2.3225	1.31E+00
2	44	c	5/25/2004	15:00	-152.30833	59.91833	112	13	12.878	23.7627	30.1966	86.2887	8.81387	5.9713	0.2218	2.3477	8.05E-01
2	44	c	5/25/2004	15:00	-152.30833	59.91833	112	14	13.869	23.7654	30.1999	86.3712	8.82236	5.9701	0.2163	2.3809	4.86E-01
2	44	c	5/25/2004	15:00	-152.30833	59.91833	112	15	14.859	23.7737	30.2098	86.33429	8.81881	5.9663	0.2134	2.3499	2.91E-01
2	44	c	5/25/2004	15:00	-152.30833	59.91833	112	16	15.85	23.7778	30.2148	86.3876	8.82427	5.9649	0.2129	2.3415	1.68E-01
2	44	c	5/25/2004	15:00	-152.30833	59.91833	112	17	16.84	23.7822	30.2201	86.47276	8.83299	5.9633	0.2114	2.3184	1.12E-01
2	44	c	5/25/2004	15:00	-152.30833	59.91833	112	18	17.831	23.788	30.2272	86.60028	8.846	5.9614	0.209	2.2707	7.18E-02
2	44	c	5/25/2004	15:00	-152.30833	59.91833	112	19	18.822	23.8014	30.2436	86.60031	8.84585	5.9577	0.211	2.2063	5.75E-02
2	44	c	5/25/2004	15:00	-152.30833	59.91833	112	20	19.812	23.804	30.2469	86.7308	8.85907	5.9573	0.2097	2.2378	4.64E-02
2	44	c	5/25/2004	15:00	-152.30833	59.91833	112	21	20.803	23.8139	30.2591	86.79243	8.86499	5.9557	0.2107	2.2175	4.30E-02
2	44	c	5/25/2004	15:00	-152.30833	59.91833	112	22	21.793	23.816	30.2618	86.84323	8.87006	5.9556	0.2109	2.2429	3.96E-02
2	44	c	5/25/2004	15:00	-152.30833	59.91833	112	23	22.784	23.8325	30.2821	86.91016	8.87635	5.9526	0.2134	2.0718	3.82E-02
2	44	c	5/25/2004	15:00	-152.30833	59.91833	112	24	23.774	23.8375	30.2884	86.90878	8.87607	5.9515	0.2118	2.1471	3.75E-02
2	44	c	5/25/2004	15:00	-152.30833	59.91833	112	25	24.765	23.8449	30.2975	87.07258	8.89255	5.9502	0.2111	2.1801	3.69E-02
2	44	c	5/25/2004	15:00	-152.30833	59.91833	112	26	25.755	23.8719	30.3309	87.07079	8.89164	5.9444	0.2107	2.0863	3.67E-02
2	44	c	5/25/2004	15:00	-152.30833	59.91833	112	27	26.746	23.8894	30.3526	87.14927	8.89918	5.9407	0.2142	2.0393	3.66E-02
2	44	c	5/25/2004	15:00	-152.30833	59.91833	112	28	27.736	23.9107	30.3785	87.06484	8.89064	5.9333	0.2107	2.0422	3.65E-02
2	44	c	5/25/2004	15:00	-152.30833	59.91833	112	29	28.727	23.9306	30.4019	86.99073	8.88414	5.9219	0.208	1.8887	3.67E-02
2	44	c	5/25/2004	15:00	-152.30833	59.91833	112	30	29.717	23.9504	30.4253	87.06066	8.89244	5.91	0.2133	1.7302	3.64E-02
2	44	c	5/25/2004	15:00	-152.30833	59.91833	112	31	30.708	23.9609	30.4374	86.9006	8.87704	5.9022	0.2106	1.7722	3.64E-02
2	44	c	5/25/2004	15:00	-152.30833	59.91833	112	32	31.698	23.9787	30.4581	86.82662	8.87104	5.8893	0.212	1.6713	3.65E-02
2	44	c	5/25/2004	15:00	-152.30833	59.91833	112	33	32.689	23.9869	30.4675	86.81497	8.87072	5.8826	0.2098	1.7986	3.65E-02
2	44	c	5/25/2004	15:00	-152.30833	59.91833	112	34	33.679	23.9953	30.4772	86.71956	8.86183	5.8759	0.2133	1.6092	3.68E-02
2	44	c	5/25/2004	15:00	-152.30833	59.91833	112	35	34.67	24.0087	30.4926	86.71515	8.86267	5.8656	0.2118	1.5574	3.65E-02
2	44	c	5/25/2004	15:00	-152.30833	59.91833	112	36	35.66	24.0198	30.5053	86.62556	8.85477	5.8562	0.2133	1.6405	3.66E-02
2	44	c	5/25/2004	15:00	-152.30833	59.91833	112	37	36.651	24.0256	30.5119	86.56785	8.84947	5.8515	0.2143	1.5996	3.66E-02
2	44	c	5/25/2004	15:00	-152.30833	59.91833	112	38	37.641	24.0294	30.5162	86.4948	8.84248	5.8481	0.2126	1.5205	3.66E-02
2	44	c	5/25/2004	15:00	-152.30833	59.91833	112	39	38.632	24.0322	30.5195	86.49262	8.84262	5.8455	0.212	1.5017	3.66E-02
2	44	c	5/25/2004	15:00	-152.30833	59.91833	112	40	39.622	24.0348	30.5223	86.48655	8.84232	5.8432	0.211	1.5636	3.67E-02
2	44	c	5/25/2004	15:00	-152.30833	59.91833	112	41	40.613	24.045	30.534	86.38834	8.83349	5.8343	0.2156	1.4817	3.66E-02
2	44	c	5/25/2004	15:00	-152.30833	59.91833	112	42	41.603	24.0569	30.5473	86.31506	8.82769	5.8227	0.2162	1.3508	3.66E-02
2	44	c	5/25/2004	15:00	-152.30833	59.91833	112	43	42.593	24.059	30.5496	86.30998	8.82758	5.8201	0.2137	1.2246	3.67E-02
2	44	c	5/25/2004	15:00	-152.30833	59.91833	112	44	43.584	24.0796	30.5734	86.23606	8.82197	5.8044	0.2145	1.4426	3.67E-02
2	44	c	5/25/2004	15:00	-152.30833	59.91833	112	45	44.575	24.0903	30.5858	86.20232	8.81938	5.7969	0.2128	1.6358	3.67E-02
2	44	c	5/25/2004	15:00	-152.30833	59.91833	112	46	45.565	24.09	30.5855	86.23569	8.82277	5.7971	0.2129	1.7215	3.67E-02
2	44	c	5/25/2004	15:00	-152.30833	59.91833	112	47	46.555	24.0829	30.577	86.16559	8.81519	5.8013	0.2126	1.6415	3.67E-02
2	44	c	5/25/2004	15:00	-152.30833	59.91833	112	48	47.546	24.0862	30.581	86.17698	8.81647	5.7997	0.2153	1.5037	3.67E-02
2	44	c	5/25/2004	15:00	-152.30833	59.91833	112	49	48.536	24.0876	30.5827	86.16212	8.81504	5.7988	0.2137	1.4713	3.68E-02
2	44	c	5/25/2004	15:00	-152.30833	59.91833	112	50	49.527	24.0874	30.5824	86.20461	8.81932	5.7992	0.2169	1.3965	3.67E-02
2	44	c	5/25/2004	15:00	-152.30833	59.91833	112	51	50.517	24.0893	30.5847	86.20958	8.81992	5.7981	0.2171	1.4252	3.68E-02
2	44	c	5/25/2004	15:00	-152.30833	59.91833	112	52	51.507	24.0881	30.5832	86.18341	8.81717	5.7989	0.2135	1.5371	3.68E-02
2	44	c	5/25/2004	15:00	-152.30833	59.91833	112	53	52.498	24.0937	30.5898	86.14258	8.81333	5.7955	0.212	1.4762	3.68E-02
2	44	c	5/25/2004	15:00	-152.30833	59.91833	112	54	53.488	24.0935	30.5896	86.12297	8.81132	5.7956	0.2126	1.6384	3.68E-02
2	44	c	5/25/2004	15:00	-152.30833	59.91833	112	55	54.478	24.0928	30.5888	86.12991	8.812	5.796	0.2124	1.6004	3.69E-02
2	44	c	5/25/2004	15:00	-152.30833	59.91833	112	56	55.469	24.0921	30.5879	86.13534	8.81248	5.7965	0.2114	1.6962	3.69E-02
2	44	c	5/25/2004	15:00	-152.30833	59.91833	112	57	56.459	24.0918	30.5875	86.13596	8.81255	5.7966	0.2101	1.7413	3.69E-02
2	44	c	5/25/2004	15:00	-152.30833	59.91833	112	58	57.45	24.0918	30.5876	86.11566	8.81042	5.7968	0.2093	1.4673	3.68E-02
2	44	c	5/25/2004	15:00	-152.30833	59.91833	112	59	58.44	24.0932	30.5892	86.13629	8.81262	5.796	0.2103	1.6084	3.69E-02
2	44	c	5/25/2004	15:00	-152.30833	59.91833	112	60	59.43	24.0944	30.5906	86.15828	8.81493	5.7953	0.2105	1.8128	3.69E-02
2	44	c	5/25/2004	15:00	-152.30833	59.91833	112	61	60.421	24.0948	30.591	86.13051	8.81209	5.7952	0.2101	1.8991	3.69E-02
2	44	c	5/25/2004	15:00	-152.30833	59.91833	112	62	61.411	24.0962	30.5929	86.12214	8.81118	5.7949	0.2081	1.8011	3.69E-02
2	44	c	5/25/2004	15:00	-152.30833	59.91833	112	63	62.401	24.0938	30.5898	86.12046	8.81105	5.7956	0.2109	1.7557	3.70E-02
2	44	c	5/25/2004	15:00	-152.30833	59.91833	112	64	63.392	24.0944	30.5907	86.11926	8.81084	5.7958	0.2084	1.5983	3.69E-02
2	44	c	5/25/2004	15:00	-152.30833	59.91833	112	65	64.382	24.1003	30.5979	86.09619	8.80837	5.7943	0.2118	1.5644	3.70E-02
2	44	c	5/25/2004	15:00	-152.30833	59.91833	112	66	65.373	24.1086	30.6081	86.05618	8.80409	5.7924	0.2095	1.7051	3.70E-02
2	44	c	5/25/2004	15:00	-152.30833	59.91833	112	67	66.363	24.1125	30.6129	85.9892	8.79716	5.7915	0.2117	1.6479	3.68E-02
2	44	c	5/25/2004	15:00	-152.30833	59.91833	112	68	67.353	24.1164	30.6177	86.02646	8.80085	5.7907	0.2086	1.7537	3.70E-02
2	44	c	5/25/2004	15:00	-152.30833	59.91833	112	69	68.344	24.1195	30.6215	85.96183	8.79418	5.79	0.209	1.7322	3.70E-02
2	44	c	5/25/2004	15:00	-152.30833	59.91833	112	70	69.334	24.1216	30.6242	85.98885	8.79679	5.79	0.2089	1.8677	3.72E-02
2	44	c	5/25/2004	15:00	-152.30833	59.91833	112	71	70.324	24.1304	30.635	86.00298	8.798	5.7881	0.205	1.6709	3.80E-02
2	44	c	5/25/2004	15:00	-152.30833	59.91833	112	72	71.314	24.14	30.6469	85.99451	8.79682	5.7863	0.2108	1.8496	4.25E-02
2	44	c	5/25/2004	15:00	-152.30833	59.91833	112	73	72.305	24.1436	30.6513	85.95659	8.79283	5.7857	0.2109	1.8749	4.28E-02
2	44	c	5/25/2004	15:00	-152.30833	59.91833	112	74	73.295	24.15	30.6592	85.91517	8.78842	5.7843	0.2114	1.889	4.29E-02
2	44	c	5/25/2004	15:00	-152.30833	59.91833	112	75	74.285	24.1556	30.6662	85.88663	8.78532	5.7833	0.2099	1.8596	4.30E-02
2	44	c	5/25/2004	15:00	-152.30833	59.91833	112	76	75.276	24.1601	30.6718	85.93811	8.79047	5.7823	0.2097	1.7563	4.28E-02
2	44	c	5/25/2004	15:00	-152.30833	59.91833	112	77	76.266	24.1778	30.6936	85.87397	8.78333	5.7791	0.2122	1.8544	4.28E-02
2	44	c	5/25/2004	15:00	-152.30833	59.91833	112	78	77.256	24.1971	30.7176	85.82937	8.7781	5.7757	0.2114	1.8039	4.28E-02
2	44	c	5/25/2004	15:00	-152.30833	59.91833	112	79	78.247	24.2016	30.7231	85.78227	8.7732	5.7746	0.2118	1.7705	4.25E-02
2	44	c	5/25/2004	15:00	-152.30833	59.91833	112	80	79.237	24.2035	30.7255	85.73632	8.7684	5.7745	0.2163	1.7991	4.25E-02
2	44	c	5/25/2004	15:00	-152.30833	59.91833	112	81	80.227	24.205	30.7274	85.79264	8.77414	5.774	0.2141	1.9488	4.24E-02
2	44	c	5/25/2004	15:00	-152.30833	59.91833	112	82	81.217	24.2087	30.7319	85.8133	8.7761	5.7735	0.2133	1.8629	4.24E-02
2	44	c	5/25/2004	15:00	-152.30833	59.91833	112	83	82.208	24.2108	30.7345	85.80311	8.77496	5.7733	0.2134	1.8286	4.22E-02
2	44	c	5/25/2004	15:00	-152.30833	59.91833	112	84	83.198	24.2087	30.7319	85.80043	8.77478	5.7735	0.2153	1.9195	4.22E-02
2	44	c	5/25/2004	15:00	-152.30833	59.91833	112	85	84.188	24.2088	30.732	85.80296	8.775	5.7737	0.2155	1.9701	4.21E-02
2	44	c	5/25/2004	15:00	-152.30833	59.91833	112	86	85.178	24.2133	30.7375	85.79249	8.77376	5.773	0.2146	1.7851	4.20E-02
2	44	c	5/25/2004	15:00	-152.30833	59.91833	112	87	86.169	24.2167	30.7418	85.75846	8.77013	5.7725	0.2141	1.7154	4.19E-02
2	44	c	5/25/2004	15:00	-152.30833	59.91833	112	88	87.159	24.2189	30.7445	85.65957	8.75996	5.772	0.2147	1.7839	4.21E-02
2	44	c	5/25/2004	15:00	-152.30833	59.91833	112	89	88.149	24.228	30.7558	85.64296	8.75788	5.7708	0.2161	1.6644	4.17E-02
2	44	c	5/25/2004	15:00	-152.30833	59.91833	112	90	89.139	24.2391	30.7697	85.61654	8.75483	5.7687	0.2144	1.7737	4.18E-02
2	44	c	5/25/2004	15:00	-152.30833	59.91833	112	91	90.129	24.2475	30.78	85.63194	8.7561	5.7673	0.2184	1.8322	4.18E-02
2	44	c	5/25/2004	15:00	-152.30833	59.91833	112	92	91.12	24.2567	30.7915	85.63409	8.75603	5.7655	0.218	1.8365	4.17E-02
2	44	c	5/25/2004	15:00	-152.30833	59.91833	112	93	92.11	24.258	30.7931	85.60941	8.75347	5.7652	0.2189	1.9894	4.17E-02
2	44	c	5/25/2004	15:00	-152.30833	59.91833	112	94	93.1	24.2565	30.7912	85.59225	8.75175	5.7656	0.2201	1.6799	4.19E-02
2	44	c	5/25/2004	15:00	-152.30833	59.91833	112	95	94.09	24.256	30.7905	85.64745	8.75739	5.7658	0.219	1.5735	4.14E-02
2	44	c	5/25/2004	15:00	-152.30833	59.91833	112	96	95.08	24.2592	30.7945	85.62943	8.75541	5.7654	0.2191	1.7889	4.15E-02
2	44	c	5/25/2004	15:00	-152.30833	59.91833	112	97	96.071	24.2621	30.7981	85.57894	8.75017	5.7647	0.2181	2.1409	4.15E-02
2	44	c	5/25/2004	15:00	-152.30833	59.91833	112	98	97.061	24.2615	30.7973	85.54084	8.74627	5.765	0.2218	2.1246	4.16E-02
2	44	c	5/25/2004	15:00	-152.30833	59.91833	112	99	98.051	24.2561	30.7906	85.55684	8.74808	5.766	0.2195	1.9975	4.15E-02
2	44	c	5/25/2004	15:00	-152.30833	59.91833	112	100	99.041	24.2563	30.7909	85.55034	8.74739	5.766	0.2171	2.0872	4.15E-02
2	44	c	5/25/2004	15:00	-152.30833	59.91833	112	101	100.031	24.2558	30.7903	85.61385	8.75389	5.7662	0.2216	2.1364	4.15E-02
2	44	c	5/25/2004	15:00	-152.30833	59.91833	112	102	101.021	24.2525	30.7862	85.56469	8.74894	5.7669	0.218	1.856	4.14E-02
2	44	c	5/25/2004	15:00	-152.30833	59.91833	112	103	102.012	24.2617	30.7976	85.56928	8.74908	5.7654	0.2175	1.9184	4.14E-02
2	44	c	5/25/2004	15:00	-152.30833	59.91833	112	104	103.002	24.2559	30.7904	85.51638	8.74386	5.7665	0.2187	1.9315	4.14E-02
2	44	c	5/25/2004	15:00	-152.30833	59.91833	112	105	103.992	24.262	30.798	85.47311	8.73919	5.7655	0.2202	1.7753	4.13E-02
2	44	c	5/25/2004	15:00	-152.30833	59.91833	112	106	104.982	24.2654	30.8023	85.53375	8.74528	5.7649	0.2176	1.9963	4.14E-02
2	44	c	5/25/2004	15:00	-152.30833	59.91833	112	107	105.972	24.2689	30.8066	85.48197	8.7399	5.7641	0.2197	1.9137	4.13E-02
2	45	c	5/25/2004	14:35	-152.25333	59.9	82	1	0.991	23.8874	30.3601	86.59062	8.82757	6.0077	0.1753	2.3852	3.38E+02
2	45	c	5/25/2004	14:35	-152.25333	59.9	82	2	1.981	23.8883	30.3599	86.68255	8.83885	5.9987	0.1914	2.3822	1.83E+02
2	45	c	5/25/2004	14:35	-152.25333	59.9	82	3	2.972	23.8886	30.3598	86.68665	8.84001	5.9952	0.209	2.4022	1.01E+02
2	45	c	5/25/2004	14:35	-152.25333	59.9	82	4	3.963	23.8882	30.3597	86.69991	8.84071	5.9983	0.2166	2.3749	5.70E+01
2	45	c	5/25/2004	14:35	-152.25333	59.9	82	5	4.953	23.8885	30.3596	86.66196	8.83751	5.9952	0.2181	2.3721	3.66E+01
2	45	c	5/25/2004	14:35	-152.25333	59.9	82	6	5.944	23.8886	30.3597	86.72458	8.84401	5.9946	0.2183	2.3643	1.78E+01
2	45	c	5/25/2004	14:35	-152.25333	59.9	82	7	6.934	23.8882	30.3594	86.73474	8.84467	5.9965	0.2172	2.3678	1.20E+01
2	45	c	5/25/2004	14:35	-152.25333	59.9	82	8	7.925	23.8883	30.3597	86.77248	8.84831	5.9974	0.2201	2.3813	6.55E+00
2	45	c	5/25/2004	14:35	-152.25333	59.9	82	9	8.916	23.8881	30.3592	86.71918	8.84321	5.9959	0.2176	2.3464	4.04E+00
2	45	c	5/25/2004	14:35	-152.25333	59.9	82	10	9.906	23.8897	30.3605	86.69266	8.84148	5.9909	0.215	2.347	2.39E+00
2	45	c	5/25/2004	14:35	-152.25333	59.9	82	11	10.897	23.898	30.3676	86.72477	8.84922	5.9679	0.2211	2.3144	1.37E+00
2	45	c	5/25/2004	14:35	-152.25333	59.9	82	12	11.888	23.9036	30.3737	86.74531	8.85231	5.9615	0.2172	2.347	8.25E-01
2	45	c	5/25/2004	14:35	-152.25333	59.9	82	13	12.878	23.9195	30.3912	86.74768	8.85526	5.9439	0.2168	2.3359	4.89E-01
2	45	c	5/25/2004	14:35	-152.25333	59.9	82	14	13.869	23.9752	30.455	86.85769	8.8727	5.8972	0.2136	2.2141	2.60E-01
2	45	c	5/25/2004	14:35	-152.25333	59.9	82	15	14.859	23.9699	30.4482	86.92022	8.87951	5.8971	0.215	2.2055	1.75E-01
2	45	c	5/25/2004	14:35	-152.25333	59.9	82	16	15.85	23.973	30.4511	86.84012	8.8728	5.8894	0.2124	2.191	1.03E-01
2	45	c	5/25/2004	14:35	-152.25333	59.9	82	17	16.84	23.9774	30.4551	86.79463	8.87014	5.8789	0.2134	2.0571	6.49E-02
2	45	c	5/25/2004	14:35	-152.25333	59.9	82	18	17.831	23.9898	30.467	86.70764	8.86611	5.8527	0.211	2.1683	5.10E-02
2	45	c	5/25/2004	14:35	-152.25333	59.9	82	19	18.822	24.0021	30.4796	86.58417	8.85689	5.8332	0.2081	2.2647	4.24E-02
2	45	c	5/25/2004	14:35	-152.25333	59.9	82	20	19.812	24.0075	30.4861	86.57743	8.85647	5.8302	0.2086	2.2655	3.86E-02
2	45	c	5/25/2004	14:35	-152.25333	59.9	82	21	20.803	24.0124	30.4924	86.57143	8.85529	5.8311	0.2069	2.2633	3.58E-02
2	45	c	5/25/2004	14:35	-152.25333	59.9	82	22	21.793	24.0306	30.5156	86.56913	8.85339	5.8326	0.2074	2.2999	3.63E-02
2	45	c	5/25/2004	14:35	-152.25333	59.9	82	23	22.784	24.0552	30.5457	86.4443	8.84054	5.8248	0.2099	2.373	3.63E-02
2	45	c	5/25/2004	14:35	-152.25333	59.9	82	24	23.774	24.0763	30.5716	86.33684	8.8292	5.8194	0.211	2.3533	3.63E-02
2	45	c	5/25/2004	14:35	-152.25333	59.9	82	25	24.765	24.1206	30.6255	86.22254	8.81767	5.8039	0.2139	2.3862	3.63E-02
2	45	c	5/25/2004	14:35	-152.25333	59.9	82	26	25.755	24.1347	30.6424	86.18549	8.81407	5.7984	0.2141	2.3483	3.63E-02
2	45	c	5/25/2004	14:35	-152.25333	59.9	82	27	26.746	24.1394	30.6481	86.1933	8.8149	5.7967	0.2131	2.3711	3.63E-02
2	45	c	5/25/2004	14:35	-152.25333	59.9	82	28	27.736	24.1482	30.6588	86.08788	8.80414	5.7936	0.2156	2.3761	3.63E-02
2	45	c	5/25/2004	14:35	-152.25333	59.9	82	29	28.727	24.157	30.6696	86.04124	8.79932	5.791	0.2154	2.3999	3.63E-02
2	45	c	5/25/2004	14:35	-152.25333	59.9	82	30	29.717	24.1787	30.696	85.9365	8.7887	5.7833	0.2165	2.3508	3.63E-02
2	45	c	5/25/2004	14:35	-152.25333	59.9	82	31	30.708	24.1849	30.7035	85.94374	8.78949	5.781	0.222	2.4487	3.63E-02
2	45	c	5/25/2004	14:35	-152.25333	59.9	82	32	31.698	24.1858	30.7045	85.95959	8.79114	5.7806	0.2208	2.4242	3.63E-02
2	45	c	5/25/2004	14:35	-152.25333	59.9	82	33	32.689	24.1879	30.7071	85.97096	8.79228	5.78	0.2207	2.3254	3.63E-02
2	45	c	5/25/2004	14:35	-152.25333	59.9	82	34	33.679	24.1956	30.7164	85.89915	8.78501	5.7771	0.2276	2.4825	3.63E-02
2	45	c	5/25/2004	14:35	-152.25333	59.9	82	35	34.67	24.1993	30.7209	85.89389	8.78451	5.7757	0.2262	2.4688	3.63E-02
2	45	c	5/25/2004	14:35	-152.25333	59.9	82	36	35.66	24.2078	30.7312	85.87889	8.78297	5.7729	0.2203	2.5445	3.63E-02
2	45	c	5/25/2004	14:35	-152.25333	59.9	82	37	36.651	24.2136	30.7383	85.79002	8.77387	5.771	0.2175	2.5313	3.63E-02
2	45	c	5/25/2004	14:35	-152.25333	59.9	82	38	37.641	24.2276	30.7554	85.66766	8.76129	5.7667	0.2188	2.4111	3.63E-02
2	45	c	5/25/2004	14:35	-152.25333	59.9	82	39	38.632	24.224	30.7509	85.6937	8.76403	5.7675	0.2194	2.3878	3.63E-02
2	45	c	5/25/2004	14:35	-152.25333	59.9	82	40	39.622	24.2343	30.7635	85.66806	8.7613	5.7646	0.2202	2.3673	3.63E-02
2	45	c	5/25/2004	14:35	-152.25333	59.9	82	41	40.613	24.2346	30.7639	85.69872	8.76444	5.7645	0.2207	2.4995	3.63E-02
2	45	c	5/25/2004	14:35	-152.25333	59.9	82	42	41.603	24.2367	30.7664	85.70849	8.76545	5.7637	0.2189	2.4366	3.63E-02
2	45	c	5/25/2004	14:35	-152.25333	59.9	82	43	42.594	24.2399	30.7703	85.68556	8.76305	5.7629	0.2169	2.3489	3.63E-02
2	45	c	5/25/2004	14:35	-152.25333	59.9	82	44	43.584	24.2381	30.768	85.71655	8.76626	5.7633	0.2188	2.4306	3.63E-02
2	45	c	5/25/2004	14:35	-152.25333	59.9	82	45	44.574	24.2436	30.7749	85.66377	8.7607	5.7622	0.2198	2.4769	3.63E-02
2	45	c	5/25/2004	14:35	-152.25333	59.9	82	46	45.565	24.2696	30.8066	85.57075	8.75111	5.754	0.2219	2.5636	3.63E-02
2	45	c	5/25/2004	14:35	-152.25333	59.9	82	47	46.555	24.2713	30.8086	85.56509	8.75058	5.7532	0.221	2.5022	3.63E-02
2	45	c	5/25/2004	14:35	-152.25333	59.9	82	48	47.546	24.2664	30.8026	85.55614	8.74966	5.7548	0.2198	2.5619	3.63E-02
2	45	c	5/25/2004	14:35	-152.25333	59.9	82	49	48.536	24.2681	30.8047	85.51847	8.74581	5.7543	0.2201	2.4786	3.63E-02
2	45	c	5/25/2004	14:35	-152.25333	59.9	82	50	49.527	24.2756	30.8139	85.56092	8.75001	5.7524	0.2218	2.2575	3.63E-02
2	45	c	5/25/2004	14:35	-152.25333	59.9	82	51	50.517	24.2749	30.813	85.49701	8.74351	5.7525	0.222	2.3352	3.63E-02
2	45	c	5/25/2004	14:35	-152.25333	59.9	82	52	51.507	24.276	30.8144	85.53499	8.74739	5.7521	0.2222	2.4943	3.63E-02
2	45	c	5/25/2004	14:35	-152.25333	59.9	82	53	52.498	24.2768	30.8154	85.5662	8.75054	5.752	0.2214	2.493	3.63E-02
2	45	c	5/25/2004	14:35	-152.25333	59.9	82	54	53.488	24.2751	30.8133	85.53664	8.74753	5.7526	0.2272	2.3851	3.63E-02
2	45	c	5/25/2004	14:35	-152.25333	59.9	82	55	54.479	24.274	30.8119	85.53182	8.74703	5.753	0.222	2.3418	3.63E-02
2	45	c	5/25/2004	14:35	-152.25333	59.9	82	56	55.469	24.2752	30.8134	85.61914	8.75593	5.7528	0.218	2.2943	3.63E-02
2	45	c	5/25/2004	14:35	-152.25333	59.9	82	57	56.459	24.2814	30.821	85.54499	8.74822	5.7512	0.2244	2.1864	3.63E-02
2	45	c	5/25/2004	14:35	-152.25333	59.9	82	58	57.45	24.2843	30.8245	85.46715	8.74028	5.7502	0.2241	2.3221	3.63E-02
2	45	c	5/25/2004	14:35	-152.25333	59.9	82	59	58.44	24.2857	30.8262	85.41145	8.73457	5.7498	0.2198	2.1308	3.63E-02
2	45	c	5/25/2004	14:35	-152.25333	59.9	82	60	59.43	24.2843	30.8245	85.47067	8.7406	5.7504	0.2248	2.1449	3.63E-02
2	45	c	5/25/2004	14:35	-152.25333	59.9	82	61	60.421	24.2844	30.8246	85.45418	8.73895	5.7502	0.2264	2.4612	3.63E-02
2	45	c	5/25/2004	14:35	-152.25333	59.9	82	62	61.411	24.3027	30.8471	85.43385	8.73665	5.7451	0.2226	2.3541	3.63E-02
2	45	c	5/25/2004	14:35	-152.25333	59.9	82	63	62.402	24.3024	30.8467	85.31508	8.72454	5.745	0.2204	2.4716	3.63E-02
2	45	c	5/25/2004	14:35	-152.25333	59.9	82	64	63.392	24.3102	30.8561	85.43122	8.73631	5.7429	0.2206	2.363	3.63E-02
2	45	c	5/25/2004	14:35	-152.25333	59.9	82	65	64.382	24.3061	30.8512	85.41749	8.73493	5.7442	0.2214	2.3735	3.63E-02
2	45	c	5/25/2004	14:35	-152.25333	59.9	82	66	65.372	24.3157	30.863	85.38443	8.7314	5.7417	0.2233	2.3437	3.63E-02
2	45	c	5/25/2004	14:35	-152.25333	59.9	82	67	66.363	24.3136	30.8603	85.43897	8.73705	5.7421	0.2218	2.2069	3.63E-02
2	45	c	5/25/2004	14:35	-152.25333	59.9	82	68	67.353	24.3154	30.8626	85.34096	8.72699	5.7416	0.2193	2.4067	3.63E-02
2	45	c	5/25/2004	14:35	-152.25333	59.9	82	69	68.343	24.3119	30.8582	85.34093	8.72703	5.7426	0.2168	2.4805	3.63E-02
2	45	c	5/25/2004	14:35	-152.25333	59.9	82	70	69.334	24.3202	30.8684	85.3347	8.72629	5.7403	0.2173	2.496	3.63E-02
2	45	c	5/25/2004	14:35	-152.25333	59.9	82	71	70.324	24.3123	30.8587	85.33415	8.72629	5.7427	0.218	2.5028	3.63E-02
2	45	c	5/25/2004	14:35	-152.25333	59.9	82	72	71.315	24.3089	30.8545	85.28787	8.72157	5.7438	0.2176	2.5059	3.63E-02
2	45	c	5/25/2004	14:35	-152.25333	59.9	82	73	72.305	24.3122	30.8586	85.2775	8.72046	5.7429	0.2172	2.4841	3.63E-02
2	45	c	5/25/2004	14:35	-152.25333	59.9	82	74	73.295	24.3179	30.8657	85.30143	8.72281	5.7414	0.2162	2.4307	3.63E-02
2	45	c	5/25/2004	14:35	-152.25333	59.9	82	75	74.285	24.3251	30.8744	85.2949	8.72208	5.7393	0.2166	2.4782	3.63E-02
2	45	c	5/25/2004	14:35	-152.25333	59.9	82	76	75.276	24.3268	30.8764	85.28736	8.72132	5.7388	0.2176	2.491	3.63E-02
2	45	c	5/25/2004	14:35	-152.25333	59.9	82	77	76.266	24.3278	30.8776	85.25628	8.71814	5.7384	0.2201	2.3535	3.63E-02
2	45	c	5/25/2004	14:35	-152.25333	59.9	82	78	77.256	24.3278	30.8777	85.16524	8.7088	5.7385	0.2187	2.4925	3.63E-02
2	45	c	5/25/2004	14:35	-152.25333	59.9	82	79	78.246	24.3283	30.8783	85.15874	8.70808	5.7387	0.2197	2.536	3.63E-02
2	45	c	5/25/2004	14:35	-152.25333	59.9	82	80	79.237	24.3303	30.8807	85.12394	8.70453	5.7379	0.2181	2.4709	3.98E-02
2	46	c	5/25/2004	14:06	-152.2	59.88	73	1	0.991	24.1715	30.714	85.86605	8.74215	5.9661	0.1954	3.0279	2.55E+02
2	46	c	5/25/2004	14:06	-152.2	59.88	73	2	1.981	24.1813	30.7247	85.85964	8.74316	5.9552	0.2079	3.036	1.64E+02
2	46	c	5/25/2004	14:06	-152.2	59.88	73	3	2.972	24.1776	30.7206	85.96776	8.75362	5.9589	0.2252	3.0406	1.12E+02
2	46	c	5/25/2004	14:06	-152.2	59.88	73	4	3.963	24.1797	30.7228	85.94221	8.7515	5.956	0.2425	3.0482	7.79E+01
2	46	c	5/25/2004	14:06	-152.2	59.88	73	5	4.953	24.2283	30.7796	85.95715	8.75653	5.9237	0.2626	3.0712	5.34E+01
2	46	c	5/25/2004	14:06	-152.2	59.88	73	6	5.944	24.2377	30.7917	85.90696	8.75043	5.9251	0.2685	3.0938	3.96E+01
2	46	c	5/25/2004	14:06	-152.2	59.88	73	7	6.934	24.2425	30.7979	85.87253	8.74642	5.9258	0.2697	3.1494	2.78E+01
2	46	c	5/25/2004	14:06	-152.2	59.88	73	8	7.925	24.2466	30.8027	85.79004	8.73823	5.9235	0.2687	3.152	2.07E+01
2	46	c	5/25/2004	14:06	-152.2	59.88	73	9	8.916	24.2523	30.8087	85.76672	8.73708	5.916	0.2588	3.1503	1.43E+01
2	46	c	5/25/2004	14:06	-152.2	59.88	73	10	9.906	24.2579	30.8146	85.7478	8.73665	5.9072	0.2626	3.1753	1.07E+01
2	46	c	5/25/2004	14:06	-152.2	59.88	73	11	10.897	24.2593	30.8161	85.77809	8.73993	5.9059	0.2577	3.1975	7.93E+00
2	46	c	5/25/2004	14:06	-152.2	59.88	73	12	11.887	24.2696	30.8277	85.71395	8.73489	5.8955	0.2547	3.2042	5.69E+00
2	46	c	5/25/2004	14:06	-152.2	59.88	73	13	12.878	24.2731	30.8319	85.66155	8.7296	5.8941	0.2538	3.2247	4.33E+00
2	46	c	5/25/2004	14:06	-152.2	59.88	73	14	13.869	24.2748	30.834	85.6768	8.73107	5.894	0.2517	3.2381	3.03E+00
2	46	c	5/25/2004	14:06	-152.2	59.88	73	15	14.859	24.2757	30.8352	85.71628	8.73502	5.894	0.2528	3.2228	2.30E+00
2	46	c	5/25/2004	14:06	-152.2	59.88	73	16	15.85	24.2763	30.8358	85.64238	8.72757	5.8934	0.2503	3.2355	1.68E+00
2	46	c	5/25/2004	14:06	-152.2	59.88	73	17	16.841	24.2873	30.8489	85.6489	8.7286	5.8881	0.2517	3.2515	1.22E+00
2	46	c	5/25/2004	14:06	-152.2	59.88	73	18	17.831	24.2977	30.8614	85.58686	8.72252	5.8835	0.2561	3.2538	9.08E-01
2	46	c	5/25/2004	14:06	-152.2	59.88	73	19	18.821	24.3135	30.8805	85.56761	8.72084	5.8769	0.2508	3.2894	6.69E-01
2	46	c	5/25/2004	14:06	-152.2	59.88	73	20	19.812	24.3123	30.879	85.5685	8.72094	5.8773	0.2515	3.285	4.97E-01
2	46	c	5/25/2004	14:06	-152.2	59.88	73	21	20.803	24.3089	30.8748	85.6125	8.7254	5.8785	0.2471	3.2872	3.81E-01
2	46	c	5/25/2004	14:06	-152.2	59.88	73	22	21.793	24.3137	30.8807	85.58752	8.72286	5.8769	0.2494	3.2464	2.70E-01
2	46	c	5/25/2004	14:06	-152.2	59.88	73	23	22.784	24.3145	30.8816	85.56074	8.72016	5.8765	0.2456	3.2345	1.96E-01
2	46	c	5/25/2004	14:06	-152.2	59.88	73	24	23.774	24.3099	30.8761	85.64155	8.72822	5.8789	0.2448	3.2254	1.49E-01
2	46	c	5/25/2004	14:06	-152.2	59.88	73	25	24.765	24.3104	30.8767	85.56961	8.72086	5.8789	0.2505	3.2565	1.16E-01
2	46	c	5/25/2004	14:06	-152.2	59.88	73	26	25.755	24.317	30.8846	85.58616	8.72278	5.8756	0.2465	3.2552	9.20E-02
2	46	c	5/25/2004	14:06	-152.2	59.88	73	27	26.746	24.3242	30.8932	85.5664	8.72103	5.8719	0.2438	3.2415	7.17E-02
2	46	c	5/25/2004	14:06	-152.2	59.88	73	28	27.736	24.3228	30.8915	85.50191	8.71446	5.8724	0.246	3.2447	6.14E-02
2	46	c	5/25/2004	14:06	-152.2	59.88	73	29	28.727	24.325	30.8941	85.46894	8.71114	5.8715	0.2464	3.2689	5.34E-02
2	46	c	5/25/2004	14:06	-152.2	59.88	73	30	29.717	24.3267	30.896	85.45269	8.7097	5.8699	0.2451	3.2804	4.72E-02
2	46	c	5/25/2004	14:06	-152.2	59.88	73	31	30.708	24.341	30.9131	85.44633	8.70957	5.8628	0.2438	3.2381	4.38E-02
2	46	c	5/25/2004	14:06	-152.2	59.88	73	32	31.698	24.3422	30.9144	85.40665	8.70574	5.8614	0.2451	3.2653	4.09E-02
2	46	c	5/25/2004	14:06	-152.2	59.88	73	33	32.689	24.3361	30.9071	85.40145	8.7049	5.8648	0.2436	3.2807	3.91E-02
2	46	c	5/25/2004	14:06	-152.2	59.88	73	34	33.679	24.3386	30.9102	85.3624	8.70093	5.864	0.2429	3.2911	3.80E-02
2	46	c	5/25/2004	14:06	-152.2	59.88	73	35	34.67	24.3466	30.9197	85.33812	8.69877	5.8598	0.2469	3.2875	3.70E-02
2	46	c	5/25/2004	14:06	-152.2	59.88	73	36	35.66	24.3431	30.9155	85.38036	8.70294	5.8617	0.245	3.2796	3.65E-02
2	46	c	5/25/2004	14:06	-152.2	59.88	73	37	36.651	24.3464	30.9194	85.37308	8.70232	5.86	0.2435	3.2831	3.63E-02
2	46	c	5/25/2004	14:06	-152.2	59.88	73	38	37.641	24.3522	30.9263	85.29391	8.69457	5.8566	0.2436	3.2838	3.63E-02
2	46	c	5/25/2004	14:06	-152.2	59.88	73	39	38.632	24.3754	30.9537	85.28132	8.69446	5.8434	0.2448	3.2754	3.63E-02
2	46	c	5/25/2004	14:06	-152.2	59.88	73	40	39.622	24.3822	30.9617	85.13719	8.6802	5.8391	0.2408	3.2373	3.63E-02
2	46	c	5/25/2004	14:06	-152.2	59.88	73	41	40.613	24.3988	30.9794	85.09109	8.67925	5.8163	0.2433	3.2202	3.63E-02
2	46	c	5/25/2004	14:06	-152.2	59.88	73	42	41.603	24.4036	30.9842	85.1518	8.68684	5.8082	0.2408	3.2257	3.63E-02
2	46	c	5/25/2004	14:06	-152.2	59.88	73	43	42.594	24.4049	30.9853	85.11078	8.68328	5.8049	0.2421	3.2167	3.63E-02
2	46	c	5/25/2004	14:06	-152.2	59.88	73	44	43.584	24.4064	30.9868	85.12821	8.68557	5.8021	0.2413	3.2052	3.63E-02
2	46	c	5/25/2004	14:06	-152.2	59.88	73	45	44.574	24.4064	30.9866	85.2279	8.69596	5.801	0.2445	3.1567	3.63E-02
2	46	c	5/25/2004	14:06	-152.2	59.88	73	46	45.565	24.4059	30.9863	85.15385	8.68805	5.8028	0.2421	3.0768	3.63E-02
2	46	c	5/25/2004	14:06	-152.2	59.88	73	47	46.555	24.4052	30.9858	85.11546	8.68363	5.8054	0.242	3.078	3.63E-02
2	46	c	5/25/2004	14:06	-152.2	59.88	73	48	47.546	24.4053	30.9859	85.11563	8.68357	5.8058	0.2409	3.1924	3.63E-02
2	46	c	5/25/2004	14:06	-152.2	59.88	73	49	48.536	24.4056	30.986	85.06605	8.67899	5.8034	0.2452	3.147	3.63E-02
2	46	c	5/25/2004	14:06	-152.2	59.88	73	50	49.527	24.4061	30.9866	85.12374	8.68487	5.8033	0.2418	3.1337	3.63E-02
2	46	c	5/25/2004	14:06	-152.2	59.88	73	51	50.517	24.4063	30.9867	85.16778	8.68944	5.8029	0.2387	3.2237	3.63E-02
2	46	c	5/25/2004	14:06	-152.2	59.88	73	52	51.507	24.4059	30.9862	85.18055	8.69082	5.8026	0.2389	3.1657	3.63E-02
2	46	c	5/25/2004	14:06	-152.2	59.88	73	53	52.498	24.406	30.9863	85.15666	8.68845	5.8023	0.2387	3.1264	3.63E-02
2	46	c	5/25/2004	14:06	-152.2	59.88	73	54	53.488	24.4066	30.9869	85.09283	8.6821	5.8014	0.2399	3.1856	3.63E-02
2	46	c	5/25/2004	14:06	-152.2	59.88	73	55	54.478	24.4064	30.9867	85.11575	8.68424	5.8023	0.2422	3.1442	3.63E-02
2	46	c	5/25/2004	14:06	-152.2	59.88	73	56	55.469	24.4064	30.9866	85.10326	8.68304	5.802	0.2429	3.0638	3.63E-02
2	46	c	5/25/2004	14:06	-152.2	59.88	73	57	56.459	24.4079	30.9878	85.15798	8.68953	5.7973	0.2397	3.1611	3.63E-02
2	46	c	5/25/2004	14:06	-152.2	59.88	73	58	57.45	24.4086	30.9882	85.06963	8.68129	5.7935	0.2392	3.1469	3.63E-02
2	46	c	5/25/2004	14:06	-152.2	59.88	73	59	58.44	24.4088	30.9885	85.06492	8.68059	5.7945	0.2401	3.1177	3.63E-02
2	46	c	5/25/2004	14:06	-152.2	59.88	73	60	59.43	24.4103	30.9899	85.04123	8.67885	5.7908	0.2406	3.0964	3.63E-02
2	46	c	5/25/2004	14:06	-152.2	59.88	73	61	60.421	24.4108	30.9903	85.02912	8.67787	5.7895	0.2391	3.145	3.63E-02
2	46	c	5/25/2004	14:06	-152.2	59.88	73	62	61.411	24.4095	30.9891	85.02158	8.6767	5.7918	0.2399	3.1713	3.63E-02
2	46	c	5/25/2004	14:06	-152.2	59.88	73	63	62.402	24.4064	30.9862	85.06505	8.67971	5.7994	0.2395	3.093	3.63E-02
2	46	c	5/25/2004	14:06	-152.2	59.88	73	64	63.392	24.4078	30.9876	85.07134	8.68083	5.7967	0.238	3.0804	3.63E-02
2	46	c	5/25/2004	14:06	-152.2	59.88	73	65	64.382	24.4071	30.9869	85.10234	8.68372	5.7982	0.2405	3.1417	3.63E-02
2	46	c	5/25/2004	14:06	-152.2	59.88	73	66	65.373	24.4076	30.9874	85.06414	8.67998	5.7973	0.24	3.05	3.63E-02
2	46	c	5/25/2004	14:06	-152.2	59.88	73	67	66.363	24.408	30.9877	85.03944	8.67756	5.7968	0.2407	3.1125	3.63E-02
2	46	c	5/25/2004	14:06	-152.2	59.88	73	68	67.353	24.4075	30.9873	85.03833	8.67724	5.7978	0.2403	3.1728	3.63E-02
2	46	c	5/25/2004	14:06	-152.2	59.88	73	69	68.344	24.4081	30.9879	85.01881	8.67552	5.7964	0.2373	3.1174	3.63E-02
2	46	c	5/25/2004	14:06	-152.2	59.88	73	70	69.334	24.4082	30.9881	85.01001	8.67446	5.7971	0.2403	3.1191	3.63E-02
2	47	c	5/25/2004	13:43	-152.145	59.86333	48	1	0.991	24.4209	31.0329	85.40313	8.67275	5.9861	0.1953	3.62	2.54E+02
2	47	c	5/25/2004	13:43	-152.145	59.86333	48	2	1.981	24.4229	31.0352	85.52336	8.68517	5.9845	0.2046	3.6268	1.83E+02
2	47	c	5/25/2004	13:43	-152.145	59.86333	48	3	2.972	24.4309	31.0442	85.53378	8.68729	5.9769	0.2225	3.6299	1.39E+02
2	47	c	5/25/2004	13:43	-152.145	59.86333	48	4	3.963	24.435	31.0487	85.54725	8.6892	5.973	0.2416	3.6262	1.08E+02
2	47	c	5/25/2004	13:43	-152.145	59.86333	48	5	4.953	24.4341	31.0476	85.5458	8.68908	5.9732	0.259	3.6261	8.52E+01
2	47	c	5/25/2004	13:43	-152.145	59.86333	48	6	5.944	24.4356	31.0493	85.47911	8.68244	5.9721	0.2779	3.6334	6.33E+01
2	47	c	5/25/2004	13:43	-152.145	59.86333	48	7	6.935	24.4387	31.053	85.4956	8.68426	5.9704	0.2852	3.6281	5.14E+01
2	47	c	5/25/2004	13:43	-152.145	59.86333	48	8	7.925	24.4366	31.0506	85.50586	8.68515	5.9718	0.2907	3.6293	3.97E+01
2	47	c	5/25/2004	13:43	-152.145	59.86333	48	9	8.916	24.4357	31.0496	85.50321	8.68476	5.9726	0.2888	3.6132	3.01E+01
2	47	c	5/25/2004	13:43	-152.145	59.86333	48	10	9.906	24.4312	31.0444	85.45851	8.67977	5.9763	0.2888	3.6108	2.43E+01
2	47	c	5/25/2004	13:43	-152.145	59.86333	48	11	10.897	24.4338	31.0475	85.49919	8.68402	5.9748	0.2997	3.635	1.86E+01
2	47	c	5/25/2004	13:43	-152.145	59.86333	48	12	11.888	24.4351	31.0489	85.49928	8.68417	5.9738	0.2992	3.6387	1.47E+01
2	47	c	5/25/2004	13:43	-152.145	59.86333	48	13	12.878	24.4338	31.0474	85.50849	8.68494	5.9749	0.3006	3.6386	1.15E+01
2	47	c	5/25/2004	13:43	-152.145	59.86333	48	14	13.869	24.4347	31.0483	85.46428	8.68077	5.9732	0.3017	3.6475	8.92E+00
2	47	c	5/25/2004	13:43	-152.145	59.86333	48	15	14.859	24.4365	31.0503	85.42216	8.67667	5.9718	0.3012	3.643	7.02E+00
2	47	c	5/25/2004	13:43	-152.145	59.86333	48	16	15.85	24.4378	31.0519	85.41179	8.67576	5.9707	0.2974	3.6431	5.42E+00
2	47	c	5/25/2004	13:43	-152.145	59.86333	48	17	16.84	24.437	31.0508	85.4749	8.68213	5.9711	0.3024	3.6449	4.22E+00
2	47	c	5/25/2004	13:43	-152.145	59.86333	48	18	17.831	24.4365	31.0504	85.4582	8.68039	5.9715	0.2998	3.6311	3.28E+00
2	47	c	5/25/2004	13:43	-152.145	59.86333	48	19	18.822	24.437	31.0509	85.39892	8.67439	5.9712	0.3013	3.6268	2.63E+00
2	47	c	5/25/2004	13:43	-152.145	59.86333	48	20	19.812	24.4421	31.0568	85.5078	8.68578	5.968	0.2987	3.6458	1.99E+00
2	47	c	5/25/2004	13:43	-152.145	59.86333	48	21	20.803	24.4395	31.0539	85.46824	8.68146	5.9702	0.3018	3.614	1.59E+00
2	47	c	5/25/2004	13:43	-152.145	59.86333	48	22	21.793	24.4396	31.054	85.4746	8.68207	5.9704	0.3018	3.6246	1.26E+00
2	47	c	5/25/2004	13:43	-152.145	59.86333	48	23	22.784	24.4442	31.0593	85.47597	8.68267	5.9667	0.3005	3.6511	9.63E-01
2	47	c	5/25/2004	13:43	-152.145	59.86333	48	24	23.774	24.4444	31.0595	85.47236	8.68234	5.9665	0.3026	3.6394	7.68E-01
2	47	c	5/25/2004	13:43	-152.145	59.86333	48	25	24.765	24.4447	31.0598	85.47745	8.68295	5.9659	0.3002	3.6264	5.81E-01
2	47	c	5/25/2004	13:43	-152.145	59.86333	48	26	25.755	24.4447	31.0597	85.46365	8.68155	5.966	0.298	3.6288	4.72E-01
2	47	c	5/25/2004	13:43	-152.145	59.86333	48	27	26.746	24.4448	31.0601	85.43749	8.67871	5.9668	0.2973	3.6518	3.70E-01
2	47	c	5/25/2004	13:43	-152.145	59.86333	48	28	27.737	24.4446	31.0597	85.46959	8.68203	5.9665	0.3091	3.6497	2.86E-01
2	47	c	5/25/2004	13:43	-152.145	59.86333	48	29	28.727	24.4448	31.0599	85.44932	8.68002	5.9663	0.3114	3.6349	2.31E-01
2	47	c	5/25/2004	13:43	-152.145	59.86333	48	30	29.717	24.4452	31.0604	85.38657	8.67372	5.9658	0.3136	3.6481	1.86E-01
2	47	c	5/25/2004	13:43	-152.145	59.86333	48	31	30.708	24.4454	31.0606	85.38787	8.67387	5.9657	0.3058	3.641	1.47E-01
2	47	c	5/25/2004	13:43	-152.145	59.86333	48	32	31.698	24.4456	31.0608	85.44373	8.67952	5.9657	0.3088	3.6409	1.21E-01
2	47	c	5/25/2004	13:43	-152.145	59.86333	48	33	32.689	24.4458	31.0611	85.43808	8.67871	5.9668	0.3072	3.6514	1.00E-01
2	47	c	5/25/2004	13:43	-152.145	59.86333	48	34	33.679	24.4457	31.061	85.35678	8.67054	5.9664	0.3173	3.6476	8.58E-02
2	47	c	5/25/2004	13:43	-152.145	59.86333	48	35	34.67	24.4455	31.0607	85.39458	8.67439	5.9664	0.3092	3.6597	7.38E-02
2	47	c	5/25/2004	13:43	-152.145	59.86333	48	36	35.66	24.4459	31.0611	85.39312	8.67433	5.9659	0.3009	3.6405	6.44E-02
2	47	c	5/25/2004	13:43	-152.145	59.86333	48	37	36.651	24.4463	31.0615	85.41437	8.67655	5.9655	0.3119	3.63	5.84E-02
2	47	c	5/25/2004	13:43	-152.145	59.86333	48	38	37.641	24.4462	31.0613	85.45106	8.68044	5.9647	0.3074	3.6147	5.39E-02
2	47	c	5/25/2004	13:43	-152.145	59.86333	48	39	38.632	24.4462	31.0613	85.452	8.68049	5.9649	0.3084	3.6269	5.05E-02
2	47	c	5/25/2004	13:43	-152.145	59.86333	48	40	39.622	24.4462	31.0614	85.36283	8.67125	5.9658	0.3044	3.6373	4.74E-02
2	47	c	5/25/2004	13:43	-152.145	59.86333	48	41	40.613	24.446	31.0612	85.41747	8.67671	5.9662	0.3027	3.6023	4.57E-02
2	47	c	5/25/2004	13:43	-152.145	59.86333	48	42	41.603	24.446	31.0612	85.45748	8.68091	5.9656	0.3049	3.6019	4.41E-02
2	47	c	5/25/2004	13:43	-152.145	59.86333	48	43	42.594	24.4457	31.0605	85.45594	8.68119	5.9637	0.3039	3.613	4.30E-02
2	47	c	5/25/2004	13:43	-152.145	59.86333	48	44	43.584	24.4461	31.0608	85.46538	8.68228	5.963	0.3066	3.6335	4.22E-02
2	47	c	5/25/2004	13:43	-152.145	59.86333	48	45	44.574	24.446	31.0609	85.50783	8.68629	5.9644	0.3041	3.627	4.15E-02
2	47	c	5/25/2004	13:43	-152.145	59.86333	48	46	45.565	24.4463	31.0609	85.39454	8.6754	5.9614	0.3046	3.619	4.09E-02
2	47	c	5/25/2004	13:43	-152.145	59.86333	48	47	46.555	24.4465	31.061	85.36403	8.67248	5.9605	0.3073	3.6074	4.05E-02
2	47	c	5/25/2004	13:43	-152.145	59.86333	48	48	47.546	24.4464	31.0609	85.25613	8.66143	5.961	0.3002	3.5786	3.95E-02
2	48	c	5/25/2004	13:22	-152.09333	59.845	38	1	0.991	24.4915	31.1383	85.35605	8.64024	6.0916	0.2904	3.8781	2.32E+02
2	48	c	5/25/2004	13:22	-152.09333	59.845	38	2	1.981	24.4882	31.1315	85.30256	8.63867	6.0748	0.2948	3.8629	1.69E+02
2	48	c	5/25/2004	13:22	-152.09333	59.845	38	3	2.972	24.4887	31.1329	85.31095	8.63844	6.0797	0.3103	3.8643	1.54E+02
2	48	c	5/25/2004	13:22	-152.09333	59.845	38	4	3.963	24.4998	31.1528	86.03982	8.70306	6.1185	0.3527	3.8771	1.12E+02
2	48	c	5/25/2004	13:22	-152.09333	59.845	38	5	4.953	24.5232	31.2025	86.72687	8.74246	6.2494	0.4251	3.9261	9.62E+01
2	48	c	5/25/2004	13:22	-152.09333	59.845	38	6	5.944	24.5288	31.2154	87.20451	8.78198	6.2873	0.4653	3.9457	7.73E+01
2	48	c	5/25/2004	13:22	-152.09333	59.845	38	7	6.934	24.5304	31.2195	87.54878	8.81357	6.3009	0.4901	3.9437	6.47E+01
2	48	c	5/25/2004	13:22	-152.09333	59.845	38	8	7.925	24.5476	31.2523	87.93756	8.83601	6.3716	0.5226	3.9639	5.30E+01
2	48	c	5/25/2004	13:22	-152.09333	59.845	38	9	8.916	24.5464	31.2553	88.29126	8.86528	6.4006	0.56	3.9896	4.38E+01
2	48	c	5/25/2004	13:22	-152.09333	59.845	38	10	9.906	24.5534	31.2676	88.67699	8.89871	6.4224	0.5458	4.0073	3.69E+01
2	48	c	5/25/2004	13:22	-152.09333	59.845	38	11	10.897	24.5534	31.2696	88.74074	8.90223	6.4355	0.5527	4.0187	3.06E+01
2	48	c	5/25/2004	13:22	-152.09333	59.845	38	12	11.888	24.5563	31.2753	89.04246	8.92949	6.4482	0.514	4.0134	2.53E+01
2	48	c	5/25/2004	13:22	-152.09333	59.845	38	13	12.878	24.5617	31.2879	89.1553	8.93249	6.4841	0.5434	4.0302	2.14E+01
2	48	c	5/25/2004	13:22	-152.09333	59.845	38	14	13.869	24.5631	31.2915	89.26917	8.94105	6.4966	0.5727	4.0459	1.75E+01
2	48	c	5/25/2004	13:22	-152.09333	59.845	38	15	14.859	24.5624	31.2901	89.267	8.94154	6.4936	0.5377	4.0462	1.48E+01
2	48	c	5/25/2004	13:22	-152.09333	59.845	38	16	15.85	24.562	31.289	89.2971	8.94562	6.4889	0.5426	4.0381	1.24E+01
2	48	c	5/25/2004	13:22	-152.09333	59.845	38	17	16.84	24.562	31.2889	89.2977	8.94562	6.4892	0.5423	4.02	1.02E+01
2	48	c	5/25/2004	13:22	-152.09333	59.845	38	18	17.831	24.5626	31.2899	89.37179	8.95274	6.4903	0.5566	4.002	8.48E+00
2	48	c	5/25/2004	13:22	-152.09333	59.845	38	19	18.822	24.5632	31.2918	89.32946	8.94683	6.4978	0.5457	4.0443	7.26E+00
2	48	c	5/25/2004	13:22	-152.09333	59.845	38	20	19.812	24.5622	31.2893	89.3451	8.95004	6.4906	0.554	4.0359	5.92E+00
2	48	c	5/25/2004	13:22	-152.09333	59.845	38	21	20.803	24.5656	31.2964	89.34986	8.94662	6.5071	0.5702	4.0449	4.96E+00
2	48	c	5/25/2004	13:22	-152.09333	59.845	38	22	21.793	24.5649	31.2959	89.45015	8.95615	6.5097	0.5675	4.044	4.20E+00
2	48	c	5/25/2004	13:22	-152.09333	59.845	38	23	22.784	24.5667	31.2988	89.56192	8.96621	6.5142	0.5308	4.0339	3.46E+00
2	48	c	5/25/2004	13:22	-152.09333	59.845	38	24	23.774	24.569	31.3047	89.66819	8.97248	6.5332	0.5574	4.0493	2.91E+00
2	48	c	5/25/2004	13:22	-152.09333	59.845	38	25	24.765	24.5709	31.3072	89.69901	8.97526	6.5339	0.523	4.0506	2.46E+00
2	48	c	5/25/2004	13:22	-152.09333	59.845	38	26	25.755	24.5682	31.3045	89.6926	8.97381	6.5385	0.5727	4.0492	2.02E+00
2	48	c	5/25/2004	13:22	-152.09333	59.845	38	27	26.746	24.5717	31.3103	89.74043	8.97653	6.5467	0.5494	4.0549	1.74E+00
2	48	c	5/25/2004	13:22	-152.09333	59.845	38	28	27.736	24.5719	31.311	89.83528	8.9854	6.5494	0.528	4.0547	1.45E+00
2	48	c	5/25/2004	13:22	-152.09333	59.845	38	29	28.727	24.5733	31.3136	89.86959	8.9875	6.5549	0.5544	4.0668	1.19E+00
2	48	c	5/25/2004	13:22	-152.09333	59.845	38	30	29.717	24.575	31.3188	89.94845	8.99096	6.5744	0.5346	4.0664	1.02E+00
2	48	c	5/25/2004	13:22	-152.09333	59.845	38	31	30.708	24.5724	31.3129	89.9445	8.99443	6.5578	0.5342	4.0733	8.56E-01
2	48	c	5/25/2004	13:22	-152.09333	59.845	38	32	31.698	24.5747	31.3182	89.92773	8.9892	6.5731	0.5215	4.0726	7.04E-01
2	48	c	5/25/2004	13:22	-152.09333	59.845	38	33	32.689	24.5739	31.3166	90.00127	8.99736	6.5697	0.5342	4.059	6.00E-01
2	48	c	5/25/2004	13:22	-152.09333	59.845	38	34	33.679	24.5739	31.3162	89.99237	8.99697	6.5674	0.5375	4.0714	5.04E-01
2	48	c	5/25/2004	13:22	-152.09333	59.845	38	35	34.67	24.5745	31.3174	89.98056	8.995	6.5708	0.5263	4.0646	4.20E-01
2	48	c	5/25/2004	13:22	-152.09333	59.845	38	36	35.66	24.5743	31.3172	89.9205	8.98917	6.5701	0.5203	4.0713	3.52E-01
2	48	c	5/25/2004	13:22	-152.09333	59.845	38	37	36.651	24.5743	31.3173	89.89018	8.98596	6.5709	0.5237	4.0706	2.76E-01
2	49	c	5/25/2004	13:01	-152.04	59.82667	35	1	0.991	24.5837	31.3733	91.54725	9.0904	6.8407	0.4052	4.0917	2.38E+02
2	49	c	5/25/2004	13:01	-152.04	59.82667	35	2	1.981	24.5855	31.3753	91.64404	9.10011	6.8396	0.4327	4.15	1.91E+02
2	49	c	5/25/2004	13:01	-152.04	59.82667	35	3	2.972	24.5875	31.376	91.71873	9.1098	6.8288	0.4466	4.1532	1.56E+02
2	49	c	5/25/2004	13:01	-152.04	59.82667	35	4	3.963	24.5877	31.3763	91.77683	9.1157	6.8281	0.4662	4.1464	1.31E+02
2	49	c	5/25/2004	13:01	-152.04	59.82667	35	5	4.953	24.5873	31.3763	91.69717	9.10695	6.8321	0.5126	4.1523	1.05E+02
2	49	c	5/25/2004	13:01	-152.04	59.82667	35	6	5.944	24.5877	31.3764	91.73827	9.11159	6.8294	0.548	4.1513	8.94E+01
2	49	c	5/25/2004	13:01	-152.04	59.82667	35	7	6.934	24.5877	31.3763	91.81627	9.11946	6.8288	0.5429	4.148	7.73E+01
2	49	c	5/25/2004	13:01	-152.04	59.82667	35	8	7.925	24.588	31.3764	91.84944	9.12301	6.8276	0.5567	4.1494	6.28E+01
2	49	c	5/25/2004	13:01	-152.04	59.82667	35	9	8.916	24.588	31.3764	91.85757	9.12378	6.8278	0.5798	4.1451	5.44E+01
2	49	c	5/25/2004	13:01	-152.04	59.82667	35	10	9.906	24.5882	31.3763	91.78745	9.11731	6.8255	0.5926	4.1495	4.60E+01
2	49	c	5/25/2004	13:01	-152.04	59.82667	35	11	10.897	24.5882	31.3763	91.84472	9.12302	6.8254	0.5506	4.1482	3.91E+01
2	49	c	5/25/2004	13:01	-152.04	59.82667	35	12	11.887	24.5882	31.3762	91.88986	9.12761	6.825	0.5417	4.1526	3.35E+01
2	49	c	5/25/2004	13:01	-152.04	59.82667	35	13	12.878	24.588	31.3759	91.87541	9.12638	6.8241	0.5754	4.1446	2.75E+01
2	49	c	5/25/2004	13:01	-152.04	59.82667	35	14	13.869	24.5884	31.3762	91.80858	9.11988	6.8234	0.5499	4.1503	2.40E+01
2	49	c	5/25/2004	13:01	-152.04	59.82667	35	15	14.859	24.5883	31.3761	91.84427	9.12335	6.8237	0.5427	4.1519	2.04E+01
2	49	c	5/25/2004	13:01	-152.04	59.82667	35	16	15.85	24.5883	31.3762	91.93648	9.13246	6.8239	0.5248	4.1483	1.73E+01
2	49	c	5/25/2004	13:01	-152.04	59.82667	35	17	16.84	24.5881	31.376	91.90496	9.12921	6.8246	0.5442	4.1526	1.47E+01
2	49	c	5/25/2004	13:01	-152.04	59.82667	35	18	17.831	24.5882	31.3761	91.93731	9.13231	6.825	0.5699	4.1527	1.23E+01
2	49	c	5/25/2004	13:01	-152.04	59.82667	35	19	18.822	24.5886	31.3769	91.93134	9.13134	6.8266	0.5537	4.1498	1.05E+01
2	49	c	5/25/2004	13:01	-152.04	59.82667	35	20	19.812	24.5884	31.3765	91.91825	9.13016	6.8261	0.5427	4.1501	9.04E+00
2	49	c	5/25/2004	13:01	-152.04	59.82667	35	21	20.803	24.5883	31.3763	91.79155	9.11765	6.8258	0.5642	4.1502	7.54E+00
2	49	c	5/25/2004	13:01	-152.04	59.82667	35	22	21.793	24.588	31.3754	91.81826	9.121	6.8228	0.5361	4.1553	6.50E+00
2	49	c	5/25/2004	13:01	-152.04	59.82667	35	23	22.784	24.5879	31.3752	91.76164	9.11546	6.8225	0.5243	4.1525	5.50E+00
2	49	c	5/25/2004	13:01	-152.04	59.82667	35	24	23.774	24.5878	31.375	91.87902	9.12731	6.8217	0.5529	4.1517	4.69E+00
2	49	c	5/25/2004	13:01	-152.04	59.82667	35	25	24.765	24.5881	31.3753	91.86896	9.12628	6.8217	0.5206	4.1503	4.01E+00
2	49	c	5/25/2004	13:01	-152.04	59.82667	35	26	25.755	24.5881	31.3753	91.86185	9.12556	6.8218	0.5197	4.1504	3.40E+00
2	49	c	5/25/2004	13:01	-152.04	59.82667	35	27	26.746	24.5877	31.3748	91.85127	9.12465	6.8213	0.5695	4.1537	2.90E+00
2	49	c	5/25/2004	13:01	-152.04	59.82667	35	28	27.736	24.588	31.3752	91.80922	9.12042	6.8214	0.5082	4.1546	2.45E+00
2	49	c	5/25/2004	13:01	-152.04	59.82667	35	29	28.727	24.5879	31.375	91.72669	9.11221	6.8215	0.489	4.1554	2.05E+00
2	49	c	5/25/2004	13:01	-152.04	59.82667	35	30	29.717	24.5876	31.3747	91.80629	9.12016	6.8214	0.5354	4.1453	1.75E+00
2	49	c	5/25/2004	13:01	-152.04	59.82667	35	31	30.708	24.5878	31.3749	91.81827	9.12131	6.8215	0.5027	4.1539	1.50E+00
2	49	c	5/25/2004	13:01	-152.04	59.82667	35	32	31.698	24.5879	31.375	91.74249	9.11375	6.8217	0.5065	4.1475	1.26E+00
2	49	c	5/25/2004	13:01	-152.04	59.82667	35	33	32.689	24.5873	31.3743	91.78342	9.11783	6.8218	0.4844	4.1451	1.07E+00
2	50	c	5/25/2004	12:38	-151.98667	59.81	32	1	0.991	24.4953	31.2706	92.63143	9.19151	6.8995	0.3503	4.1505	2.51E+02
2	50	c	5/25/2004	12:38	-151.98667	59.81	32	2	1.981	24.4974	31.2725	92.72631	9.20176	6.8951	0.3803	4.1632	1.88E+02
2	50	c	5/25/2004	12:38	-151.98667	59.81	32	3	2.972	24.4964	31.2715	92.76864	9.20564	6.8969	0.4209	4.1641	1.47E+02
2	50	c	5/25/2004	12:38	-151.98667	59.81	32	4	3.962	24.4996	31.2745	92.74752	9.20468	6.8907	0.4403	4.1658	1.26E+02
2	50	c	5/25/2004	12:38	-151.98667	59.81	32	5	4.953	24.4969	31.2719	92.70937	9.19998	6.8957	0.478	4.1606	1.09E+02
2	50	c	5/25/2004	12:38	-151.98667	59.81	32	6	5.944	24.4979	31.273	92.73405	9.2027	6.8941	0.4749	4.1619	9.21E+01
2	50	c	5/25/2004	12:38	-151.98667	59.81	32	7	6.934	24.4988	31.2738	92.72105	9.20165	6.8928	0.4962	4.1649	7.77E+01
2	50	c	5/25/2004	12:38	-151.98667	59.81	32	8	7.925	24.5121	31.2876	92.63789	9.19675	6.8735	0.5076	4.1674	6.59E+01
2	50	c	5/25/2004	12:38	-151.98667	59.81	32	9	8.916	24.5164	31.2918	92.55251	9.18944	6.8669	0.4913	4.1627	5.55E+01
2	50	c	5/25/2004	12:38	-151.98667	59.81	32	10	9.907	24.5171	31.2926	92.55356	9.18975	6.8657	0.5177	4.1604	4.69E+01
2	50	c	5/25/2004	12:38	-151.98667	59.81	32	11	10.897	24.5201	31.2958	92.53649	9.1886	6.8623	0.4932	4.168	4.03E+01
2	50	c	5/25/2004	12:38	-151.98667	59.81	32	12	11.888	24.5227	31.2985	92.54227	9.18982	6.8585	0.5012	4.1642	3.42E+01
2	50	c	5/25/2004	12:38	-151.98667	59.81	32	13	12.878	24.5222	31.2979	92.44617	9.18011	6.8595	0.5344	4.1623	2.92E+01
2	50	c	5/25/2004	12:38	-151.98667	59.81	32	14	13.869	24.5249	31.3009	92.37832	9.17383	6.8565	0.5002	4.167	2.49E+01
2	50	c	5/25/2004	12:38	-151.98667	59.81	32	15	14.859	24.5308	31.3071	92.2974	9.1672	6.8482	0.5437	4.1669	2.09E+01
2	50	c	5/25/2004	12:38	-151.98667	59.81	32	16	15.85	24.5352	31.3116	92.21392	9.15993	6.8423	0.5177	4.1638	1.78E+01
2	50	c	5/25/2004	12:38	-151.98667	59.81	32	17	16.84	24.5391	31.3157	92.18574	9.15809	6.8367	0.5154	4.1712	1.51E+01
2	50	c	5/25/2004	12:38	-151.98667	59.81	32	18	17.831	24.5424	31.3192	92.14431	9.15466	6.8325	0.486	4.1654	1.28E+01
2	50	c	5/25/2004	12:38	-151.98667	59.81	32	19	18.822	24.5451	31.3219	92.08805	9.14973	6.8287	0.5133	4.165	1.09E+01
2	50	c	5/25/2004	12:38	-151.98667	59.81	32	20	19.812	24.5505	31.3276	92.031	9.14534	6.8212	0.5065	4.164	9.26E+00
2	50	c	5/25/2004	12:38	-151.98667	59.81	32	21	20.803	24.5541	31.3314	91.98482	9.14157	6.8163	0.5196	4.1667	7.83E+00
2	50	c	5/25/2004	12:38	-151.98667	59.81	32	22	21.793	24.5551	31.3324	91.98081	9.14153	6.8144	0.5034	4.1634	6.66E+00
2	50	c	5/25/2004	12:38	-151.98667	59.81	32	23	22.784	24.5555	31.3328	92.00247	9.14372	6.814	0.5252	4.1675	5.62E+00
2	50	c	5/25/2004	12:38	-151.98667	59.81	32	24	23.774	24.5556	31.3328	92.01366	9.14493	6.8136	0.5137	4.1671	4.80E+00
2	50	c	5/25/2004	12:38	-151.98667	59.81	32	25	24.765	24.5564	31.3337	91.9397	9.13776	6.8125	0.5098	4.1674	4.04E+00
2	50	c	5/25/2004	12:38	-151.98667	59.81	32	26	25.755	24.5571	31.3345	91.98728	9.14252	6.8121	0.5153	4.1657	3.42E+00
2	50	c	5/25/2004	12:38	-151.98667	59.81	32	27	26.746	24.5593	31.3367	91.82084	9.1265	6.8091	0.5167	4.1645	2.92E+00
2	50	c	5/25/2004	12:38	-151.98667	59.81	32	28	27.736	24.5588	31.3361	91.86369	9.13082	6.809	0.493	4.161	2.46E+00
2	50	c	5/25/2004	12:38	-151.98667	59.81	32	29	28.727	24.5598	31.3371	91.88087	9.13271	6.8078	0.5067	4.1581	2.10E+00
2	50	c	5/25/2004	12:38	-151.98667	59.81	32	30	29.717	24.5626	31.3401	91.89478	9.13468	6.8043	0.5011	4.1553	1.77E+00
2	50	c	5/25/2004	12:38	-151.98667	59.81	32	31	30.708	24.5635	31.341	91.90492	9.13592	6.8029	0.4944	4.152	1.48E+00
2	50	c	5/25/2004	12:38	-151.98667	59.81	32	32	31.698	24.5637	31.3412	91.81273	9.12679	6.8027	0.5199	4.1448	1.21E+00
2	51	c	5/25/2004	12:25	-151.95833	59.79833	27	1	0.991	24.3318	31.091	93.45575	9.24699	7.0706	0.3118	4.1603	2.05E+02
2	51	c	5/25/2004	12:25	-151.95833	59.79833	27	2	1.981	24.3327	31.0921	93.54375	9.25576	7.0701	0.3254	4.1659	1.47E+02
2	51	c	5/25/2004	12:25	-151.95833	59.79833	27	3	2.972	24.3331	31.0925	93.6407	9.26542	7.0696	0.3385	4.1661	1.34E+02
2	51	c	5/25/2004	12:25	-151.95833	59.79833	27	4	3.963	24.3332	31.0925	93.69058	9.27044	7.0693	0.3705	4.1639	1.21E+02
2	51	c	5/25/2004	12:25	-151.95833	59.79833	27	5	4.953	24.3333	31.0927	93.71576	9.27287	7.0694	0.3992	4.1662	1.05E+02
2	51	c	5/25/2004	12:25	-151.95833	59.79833	27	6	5.944	24.3367	31.0961	93.67071	9.2693	7.0644	0.4275	4.1629	8.71E+01
2	51	c	5/25/2004	12:25	-151.95833	59.79833	27	7	6.935	24.3413	31.1012	93.60149	9.26312	7.0599	0.4664	4.1546	7.08E+01
2	51	c	5/25/2004	12:25	-151.95833	59.79833	27	8	7.925	24.3479	31.1088	93.63382	9.2669	7.0551	0.4569	4.1407	5.93E+01
2	51	c	5/25/2004	12:25	-151.95833	59.79833	27	9	8.916	24.3575	31.1198	93.62826	9.26724	7.048	0.4744	4.1209	5.04E+01
2	51	c	5/25/2004	12:25	-151.95833	59.79833	27	10	9.906	24.3587	31.1211	93.69345	9.27381	7.0471	0.4748	4.114	4.07E+01
2	51	c	5/25/2004	12:25	-151.95833	59.79833	27	11	10.897	24.3604	31.123	93.55065	9.25994	7.0453	0.5237	4.1083	3.42E+01
2	51	c	5/25/2004	12:25	-151.95833	59.79833	27	12	11.887	24.3612	31.124	93.63756	9.2686	7.0448	0.499	4.1056	2.76E+01
2	51	c	5/25/2004	12:25	-151.95833	59.79833	27	13	12.878	24.3621	31.125	93.70065	9.2749	7.0443	0.5653	4.1134	2.24E+01
2	51	c	5/25/2004	12:25	-151.95833	59.79833	27	14	13.869	24.3627	31.1257	93.62525	9.26748	7.0439	0.4935	4.0994	1.83E+01
2	51	c	5/25/2004	12:25	-151.95833	59.79833	27	15	14.859	24.3628	31.1258	93.58793	9.26379	7.0438	0.5079	4.0997	1.54E+01
2	51	c	5/25/2004	12:25	-151.95833	59.79833	27	16	15.85	24.3647	31.128	93.61771	9.26689	7.0425	0.5002	4.1037	1.22E+01
2	51	c	5/25/2004	12:25	-151.95833	59.79833	27	17	16.841	24.3685	31.1324	93.6372	9.2691	7.04	0.5044	4.096	9.98E+00
2	51	c	5/25/2004	12:25	-151.95833	59.79833	27	18	17.831	24.3699	31.134	93.63031	9.26858	7.0388	0.5352	4.0842	8.19E+00
2	51	c	5/25/2004	12:25	-151.95833	59.79833	27	19	18.822	24.3716	31.136	93.63964	9.26963	7.0376	0.4807	4.0723	6.46E+00
2	51	c	5/25/2004	12:25	-151.95833	59.79833	27	20	19.812	24.3701	31.1342	93.63367	9.26891	7.0387	0.5025	4.0732	5.30E+00
2	51	c	5/25/2004	12:25	-151.95833	59.79833	27	21	20.803	24.3711	31.1354	93.53603	9.25932	7.0381	0.4856	4.0836	4.24E+00
2	51	c	5/25/2004	12:25	-151.95833	59.79833	27	22	21.793	24.3732	31.1378	93.48126	9.25402	7.0368	0.536	4.0646	3.39E+00
2	51	c	5/25/2004	12:25	-151.95833	59.79833	27	23	22.784	24.3732	31.1377	93.4889	9.25479	7.0368	0.5	4.0484	2.78E+00
2	51	c	5/25/2004	12:25	-151.95833	59.79833	27	24	23.774	24.3729	31.1373	93.49896	9.2558	7.0368	0.5065	4.0595	2.23E+00
2	51	c	5/25/2004	12:25	-151.95833	59.79833	27	25	24.765	24.3733	31.1378	93.4724	9.25317	7.0367	0.5	4.0584	1.77E+00
2	51	c	5/25/2004	12:25	-151.95833	59.79833	27	26	25.756	24.373	31.1373	93.37739	9.24378	7.0367	0.4064	4.0436	1.51E+00
2	51	c	5/25/2004	12:25	-151.95833	59.79833	27	25	24.76	24.3732	31.1384	93.58773	9.26441	7.0375	0.4366	3.7718	2.06E+00
2	52	c	5/25/2004	12:14	-151.935	59.79	20	1	0.991	24.1702	30.9154	92.27216	9.10217	7.2496	0.2741	4.2031	2.39E+02
2	52	c	5/25/2004	12:14	-151.935	59.79	20	2	1.981	24.1738	30.9193	92.38859	9.11439	7.2451	0.2877	4.2018	1.77E+02
2	52	c	5/25/2004	12:14	-151.935	59.79	20	3	2.972	24.1761	30.9215	92.46994	9.12309	7.2413	0.2935	4.2006	1.37E+02
2	52	c	5/25/2004	12:14	-151.935	59.79	20	4	3.963	24.1804	30.9262	92.52929	9.12968	7.2365	0.3083	4.202	1.19E+02
2	52	c	5/25/2004	12:14	-151.935	59.79	20	5	4.953	24.1836	30.9295	92.57239	9.13473	7.2319	0.3269	4.2003	9.83E+01
2	52	c	5/25/2004	12:14	-151.935	59.79	20	6	5.944	24.1872	30.9333	92.61443	9.13973	7.2269	0.3369	4.1995	8.21E+01
2	52	c	5/25/2004	12:14	-151.935	59.79	20	7	6.934	24.1921	30.9385	92.60386	9.13961	7.2211	0.3323	4.1931	6.93E+01
2	52	c	5/25/2004	12:14	-151.935	59.79	20	8	7.925	24.1962	30.9429	92.59062	9.13909	7.2161	0.3428	4.192	5.74E+01
2	52	c	5/25/2004	12:14	-151.935	59.79	20	9	8.916	24.2002	30.9471	92.65206	9.14595	7.2112	0.3499	4.1868	4.78E+01
2	52	c	5/25/2004	12:14	-151.935	59.79	20	10	9.906	24.1991	30.9458	92.64177	9.14476	7.2124	0.3373	4.1839	4.01E+01
2	52	c	5/25/2004	12:14	-151.935	59.79	20	11	10.897	24.1987	30.9454	92.63583	9.14403	7.2132	0.3423	4.1897	3.37E+01
2	52	c	5/25/2004	12:14	-151.935	59.79	20	12	11.887	24.1991	30.9459	92.65523	9.14595	7.2131	0.3421	4.1898	2.75E+01
2	52	c	5/25/2004	12:14	-151.935	59.79	20	13	12.878	24.199	30.9457	92.72632	9.15307	7.2126	0.3448	4.1797	2.32E+01
2	52	c	5/25/2004	12:14	-151.935	59.79	20	14	13.869	24.1999	30.9467	92.6328	9.14391	7.212	0.3375	4.182	1.92E+01
2	52	c	5/25/2004	12:14	-151.935	59.79	20	15	14.859	24.2002	30.9469	92.63039	9.14386	7.2111	0.3323	4.1816	1.61E+01
2	52	c	5/25/2004	12:14	-151.935	59.79	20	16	15.85	24.2004	30.9471	92.61885	9.14275	7.2109	0.3336	4.1845	1.37E+01
2	52	c	5/25/2004	12:14	-151.935	59.79	20	17	16.84	24.2004	30.9471	92.66445	9.14723	7.211	0.3305	4.1877	1.15E+01
2	52	c	5/25/2004	12:14	-151.935	59.79	20	18	17.831	24.2	30.9467	92.57879	9.13872	7.2113	0.3264	4.1864	9.50E+00
2	52	c	5/25/2004	12:14	-151.935	59.79	20	19	18.822	24.2001	30.9468	92.54575	9.13541	7.2115	0.3319	4.1778	7.58E+00
2	53	c	5/25/2004	12:02	-151.905	59.78	13	1	0.991	24.0174	30.754	89.25653	8.77413	7.444	0.3136	4.1117	2.04E+02
2	53	c	5/25/2004	12:02	-151.905	59.78	13	2	1.981	24.018	30.7547	89.38224	8.78642	7.4441	0.3319	4.1277	1.42E+02
2	53	c	5/25/2004	12:02	-151.905	59.78	13	3	2.972	24.0184	30.7546	89.30794	8.77991	7.4402	0.3644	4.123	1.17E+02
2	53	c	5/25/2004	12:02	-151.905	59.78	13	4	3.963	24.018	30.7538	89.31535	8.78086	7.4394	0.3581	4.1235	8.78E+01
2	53	c	5/25/2004	12:02	-151.905	59.78	13	5	4.953	24.0179	30.7537	89.40144	8.78948	7.4386	0.3744	4.1165	7.19E+01
2	53	c	5/25/2004	12:02	-151.905	59.78	13	6	5.944	24.018	30.7537	89.44132	8.79344	7.4384	0.3836	4.1186	5.60E+01
2	53	c	5/25/2004	12:02	-151.905	59.78	13	7	6.934	24.0181	30.7538	89.53401	8.8026	7.4382	0.3686	4.1093	4.53E+01
2	53	c	5/25/2004	12:02	-151.905	59.78	13	8	7.925	24.0179	30.7535	89.59037	8.80817	7.4381	0.3807	4.1097	3.69E+01
2	53	c	5/25/2004	12:02	-151.905	59.78	13	9	8.916	24.0177	30.7532	89.60216	8.80943	7.4377	0.3697	4.1146	3.00E+01
2	53	c	5/25/2004	12:02	-151.905	59.78	13	10	9.906	24.0176	30.7529	89.48476	8.79805	7.437	0.3585	4.109	2.39E+01
2	53	c	5/25/2004	12:02	-151.905	59.78	13	11	10.897	24.017	30.752	89.48111	8.79789	7.4363	0.3572	4.0946	1.82E+01
2	53	c	5/25/2004	12:02	-151.905	59.78	13	12	11.887	24.0168	30.7519	89.45418	8.79515	7.4367	0.3431	4.0715	1.20E+01
2	54	c	5/25/2004	11:41	-151.88333	59.77167	12	1	0.991	23.7274	30.4138	88.64614	8.69896	7.6138	0.4331	3.9277	1.68E+02
2	54	c	5/25/2004	11:41	-151.88333	59.77167	12	2	1.981	23.7521	30.4442	88.88191	8.72161	7.6077	0.4483	3.9418	1.09E+02
2	54	c	5/25/2004	11:41	-151.88333	59.77167	12	3	2.972	23.752	30.4442	88.94039	8.72729	7.6081	0.4764	3.9409	7.97E+01
2	54	c	5/25/2004	11:41	-151.88333	59.77167	12	4	3.963	23.7642	30.459	88.8918	8.72238	7.6046	0.4858	3.9491	6.08E+01
2	54	c	5/25/2004	11:41	-151.88333	59.77167	12	5	4.953	23.7787	30.4768	88.86656	8.71985	7.5999	0.4789	3.9558	4.51E+01
2	54	c	5/25/2004	11:41	-151.88333	59.77167	12	6	5.944	23.7919	30.4925	88.94013	8.72736	7.5941	0.4604	3.9444	3.34E+01
2	54	c	5/25/2004	11:41	-151.88333	59.77167	12	7	6.934	23.7953	30.4965	88.957	8.72922	7.592	0.4502	3.9453	2.50E+01
2	54	c	5/25/2004	11:41	-151.88333	59.77167	12	8	7.925	23.7919	30.4923	88.92935	8.7265	7.5932	0.4639	3.9463	1.93E+01
2	54	c	5/25/2004	11:41	-151.88333	59.77167	12	9	8.916	23.7919	30.4923	88.89581	8.72318	7.5933	0.4668	3.9457	1.38E+01
