Cruise	Station	Type	mon/day/yr	hh:mm	Lon (E)	Lat (N)	Bot. Depth [m]	Press	Temperature [C]	fluor [v]	Depth [m]	Sigma	Salinity [psu]
4	38	c	7/17/2004	13:24	-152.56667	60.00667	24	1	11.7102	0.4588	0.991	21.1376	27.9064
4	38	c	7/17/2004	13:24	-152.56667	60.00667	24	2	11.5894	0.4223	1.981	21.2863	28.0712
4	38	c	7/17/2004	13:24	-152.56667	60.00667	24	3	11.2355	0.3735	2.972	21.7057	28.5335
4	38	c	7/17/2004	13:24	-152.56667	60.00667	24	4	11.0402	0.3286	3.962	21.9184	28.7646
4	38	c	7/17/2004	13:24	-152.56667	60.00667	24	5	10.9767	0.324	4.953	21.9862	28.8382
4	38	c	7/17/2004	13:24	-152.56667	60.00667	24	6	10.9576	0.311	5.944	22.0059	28.8594
4	38	c	7/17/2004	13:24	-152.56667	60.00667	24	7	10.9572	0.3158	6.934	22.0059	28.8592
4	38	c	7/17/2004	13:24	-152.56667	60.00667	24	8	10.9536	0.3129	7.925	22.0097	28.8633
4	38	c	7/17/2004	13:24	-152.56667	60.00667	24	9	10.9498	0.3146	8.916	22.013	28.8667
4	38	c	7/17/2004	13:24	-152.56667	60.00667	24	10	10.9491	0.3084	9.906	22.0138	28.8675
4	38	c	7/17/2004	13:24	-152.56667	60.00667	24	11	10.9506	0.3095	10.897	22.0125	28.8662
4	38	c	7/17/2004	13:24	-152.56667	60.00667	24	12	10.9497	0.3097	11.887	22.0132	28.8668
4	38	c	7/17/2004	13:24	-152.56667	60.00667	24	13	10.9482	0.3091	12.878	22.0144	28.868
4	38	c	7/17/2004	13:24	-152.56667	60.00667	24	14	10.9493	0.3105	13.869	22.0128	28.8662
4	38	c	7/17/2004	13:24	-152.56667	60.00667	24	15	10.9491	0.3087	14.859	22.0131	28.8665
4	38	c	7/17/2004	13:24	-152.56667	60.00667	24	16	10.9495	0.3087	15.85	22.0126	28.866
4	38	c	7/17/2004	13:24	-152.56667	60.00667	24	17	10.9489	0.3089	16.84	22.0134	28.8668
4	38	c	7/17/2004	13:24	-152.56667	60.00667	24	18	10.9495	0.3132	17.831	22.0122	28.8654
4	38	c	7/17/2004	13:24	-152.56667	60.00667	24	19	10.9507	0.3105	18.822	22.0111	28.8642
4	42	c	7/17/2004	13:24	-152.42167	59.95667	30	1	11.1855	0.379	0.99	21.7224	28.544
4	42	c	7/17/2004	13:24	-152.42167	59.95667	30	2	11.1654	0.3681	1.981	21.7946	28.6325
4	42	c	7/17/2004	13:24	-152.42167	59.95667	30	3	11.1611	0.3583	2.972	21.7985	28.6367
4	42	c	7/17/2004	13:24	-152.42167	59.95667	30	4	11.1357	0.3462	3.963	21.8298	28.6714
4	42	c	7/17/2004	13:24	-152.42167	59.95667	30	5	11.1177	0.341	4.953	21.8521	28.6961
4	42	c	7/17/2004	13:24	-152.42167	59.95667	30	6	11.1057	0.3384	5.944	21.8684	28.7144
4	42	c	7/17/2004	13:24	-152.42167	59.95667	30	7	11.1017	0.3331	6.934	21.8746	28.7215
4	42	c	7/17/2004	13:24	-152.42167	59.95667	30	8	11.1048	0.332	7.925	21.8747	28.7223
4	42	c	7/17/2004	13:24	-152.42167	59.95667	30	9	11.098	0.3292	8.916	21.8909	28.7417
4	42	c	7/17/2004	13:24	-152.42167	59.95667	30	10	11.0981	0.331	9.906	21.8945	28.7463
4	42	c	7/17/2004	13:24	-152.42167	59.95667	30	11	11.0949	0.3291	10.897	21.902	28.7553
4	42	c	7/17/2004	13:24	-152.42167	59.95667	30	12	11.0902	0.3327	11.887	21.9115	28.7665
4	42	c	7/17/2004	13:24	-152.42167	59.95667	30	13	11.0895	0.332	12.878	21.9135	28.7689
4	42	c	7/17/2004	13:24	-152.42167	59.95667	30	14	11.0791	0.3303	13.869	21.9268	28.7837
4	42	c	7/17/2004	13:24	-152.42167	59.95667	30	15	11.0541	0.3294	14.859	21.9535	28.8126
4	42	c	7/17/2004	13:24	-152.42167	59.95667	30	16	11.0412	0.3274	15.85	21.9691	28.8298
4	42	c	7/17/2004	13:24	-152.42167	59.95667	30	17	11.0359	0.3239	16.84	21.9848	28.8488
4	42	c	7/17/2004	13:24	-152.42167	59.95667	30	18	11.033	0.3242	17.831	22.0014	28.8696
4	42	c	7/17/2004	13:24	-152.42167	59.95667	30	19	11.0271	0.3233	18.822	22.0285	28.9032
4	42	c	7/17/2004	13:24	-152.42167	59.95667	30	20	11.0257	0.3271	19.812	22.0423	28.9207
4	42	c	7/17/2004	13:24	-152.42167	59.95667	30	21	11.0109	0.3269	20.803	22.0871	28.975
4	42	c	7/17/2004	13:24	-152.42167	59.95667	30	22	10.9795	0.3296	21.793	22.1522	29.052
4	42	c	7/17/2004	13:24	-152.42167	59.95667	30	23	10.9019	0.3225	22.784	22.2865	29.2079
4	42	c	7/17/2004	13:24	-152.42167	59.95667	30	24	10.8463	0.3231	23.774	22.3689	29.3019
4	42	c	7/17/2004	13:24	-152.42167	59.95667	30	25	10.8072	0.3199	24.765	22.4203	29.3596
4	42	c	7/17/2004	13:24	-152.42167	59.95667	30	26	10.7448	0.3214	25.755	22.4874	29.4324
4	42	c	7/17/2004	13:24	-152.42167	59.95667	30	27	10.6535	0.3289	26.746	22.5694	29.5182
4	42	c	7/17/2004	13:24	-152.42167	59.95667	30	28	10.6304	0.3361	27.736	22.5894	29.539
4	42	c	7/17/2004	13:24	-152.42167	59.95667	30	29	10.6284	0.3406	28.727	22.5909	29.5404
4	42	c	7/17/2004	13:24	-152.42167	59.95667	30	30	10.628	0.3355	29.717	22.5902	29.5395
4	44	c	7/17/2004	13:24	-152.30833	59.91833	112	1	12.054	0.3075	0.991	20.7746	27.5157
4	44	c	7/17/2004	13:24	-152.30833	59.91833	112	2	11.4228	0.3096	1.981	21.5021	28.3123
4	44	c	7/17/2004	13:24	-152.30833	59.91833	112	3	11.096	0.3051	2.972	21.858	28.6991
4	44	c	7/17/2004	13:24	-152.30833	59.91833	112	4	10.9809	0.2943	3.962	21.9772	28.8274
4	44	c	7/17/2004	13:24	-152.30833	59.91833	112	5	10.9549	0.2937	4.953	22.0056	28.8583
4	44	c	7/17/2004	13:24	-152.30833	59.91833	112	6	10.9246	0.2873	5.944	22.0409	28.8973
4	44	c	7/17/2004	13:24	-152.30833	59.91833	112	7	10.9086	0.2875	6.935	22.0586	28.9165
4	44	c	7/17/2004	13:24	-152.30833	59.91833	112	8	10.8651	0.2878	7.925	22.1065	28.9688
4	44	c	7/17/2004	13:24	-152.30833	59.91833	112	9	10.8188	0.2846	8.916	22.1595	29.027
4	44	c	7/17/2004	13:24	-152.30833	59.91833	112	10	10.7896	0.2845	9.906	22.1929	29.0636
4	44	c	7/17/2004	13:24	-152.30833	59.91833	112	11	10.754	0.2861	10.897	22.2342	29.1092
4	44	c	7/17/2004	13:24	-152.30833	59.91833	112	12	10.7017	0.2891	11.887	22.2935	29.1742
4	44	c	7/17/2004	13:24	-152.30833	59.91833	112	13	10.6575	0.287	12.878	22.341	29.2259
4	44	c	7/17/2004	13:24	-152.30833	59.91833	112	14	10.656	0.283	13.869	22.3426	29.2275
4	44	c	7/17/2004	13:24	-152.30833	59.91833	112	15	10.651	0.2845	14.859	22.3484	29.2339
4	44	c	7/17/2004	13:24	-152.30833	59.91833	112	16	10.6197	0.286	15.85	22.3856	29.2751
4	44	c	7/17/2004	13:24	-152.30833	59.91833	112	17	10.5957	0.2886	16.84	22.4151	29.3078
4	44	c	7/17/2004	13:24	-152.30833	59.91833	112	18	10.5627	0.2889	17.831	22.4559	29.3533
4	44	c	7/17/2004	13:24	-152.30833	59.91833	112	19	10.5513	0.3	18.821	22.4715	29.3709
4	44	c	7/17/2004	13:24	-152.30833	59.91833	112	20	10.5303	0.2888	19.812	22.5009	29.4042
4	44	c	7/17/2004	13:24	-152.30833	59.91833	112	21	10.4228	0.2883	20.803	22.6237	29.5393
4	44	c	7/17/2004	13:24	-152.30833	59.91833	112	22	10.2824	0.2846	21.793	22.7751	29.7043
4	44	c	7/17/2004	13:24	-152.30833	59.91833	112	23	10.2028	0.2835	22.784	22.8575	29.7935
4	44	c	7/17/2004	13:24	-152.30833	59.91833	112	24	10.1802	0.2779	23.775	22.8806	29.8184
4	44	c	7/17/2004	13:24	-152.30833	59.91833	112	25	10.173	0.2776	24.765	22.8892	29.8279
4	44	c	7/17/2004	13:24	-152.30833	59.91833	112	26	10.17	0.276	25.755	22.893	29.8321
4	44	c	7/17/2004	13:24	-152.30833	59.91833	112	27	10.1644	0.2788	26.746	22.9006	29.8407
4	44	c	7/17/2004	13:24	-152.30833	59.91833	112	28	10.1536	0.2782	27.736	22.9176	29.8603
4	44	c	7/17/2004	13:24	-152.30833	59.91833	112	29	10.1413	0.2794	28.727	22.9383	29.8842
4	44	c	7/17/2004	13:24	-152.30833	59.91833	112	30	10.1162	0.2775	29.717	22.9802	29.9327
4	44	c	7/17/2004	13:24	-152.30833	59.91833	112	31	10.011	0.278	30.708	23.1128	30.0812
4	44	c	7/17/2004	13:24	-152.30833	59.91833	112	32	9.8685	0.2772	31.699	23.2624	30.2438
4	44	c	7/17/2004	13:24	-152.30833	59.91833	112	33	9.7939	0.2795	32.689	23.3341	30.3205
4	44	c	7/17/2004	13:24	-152.30833	59.91833	112	34	9.7535	0.2731	33.679	23.3747	30.3644
4	44	c	7/17/2004	13:24	-152.30833	59.91833	112	35	9.7235	0.274	34.67	23.4048	30.3967
4	44	c	7/17/2004	13:24	-152.30833	59.91833	112	36	9.6945	0.2715	35.66	23.4411	30.4374
4	44	c	7/17/2004	13:24	-152.30833	59.91833	112	37	9.6658	0.2796	36.651	23.4842	30.4868
4	44	c	7/17/2004	13:24	-152.30833	59.91833	112	38	9.6325	0.2716	37.641	23.5212	30.5275
4	44	c	7/17/2004	13:24	-152.30833	59.91833	112	39	9.4323	0.29	38.632	23.7331	30.7587
4	44	c	7/17/2004	13:24	-152.30833	59.91833	112	40	9.355	0.3095	39.622	23.8124	30.8447
4	44	c	7/17/2004	13:24	-152.30833	59.91833	112	41	9.336	0.3252	40.613	23.8341	30.8687
4	44	c	7/17/2004	13:24	-152.30833	59.91833	112	42	9.237	0.3478	41.603	23.9437	30.9894
4	44	c	7/17/2004	13:24	-152.30833	59.91833	112	43	9.223	0.3442	42.594	23.9568	31.0034
4	44	c	7/17/2004	13:24	-152.30833	59.91833	112	44	9.2239	0.3546	43.584	23.9546	31.0007
4	44	c	7/17/2004	13:24	-152.30833	59.91833	112	45	9.21	0.3475	44.574	23.9695	31.017
4	44	c	7/17/2004	13:24	-152.30833	59.91833	112	46	9.1777	0.3543	45.565	24.0008	31.0507
4	44	c	7/17/2004	13:24	-152.30833	59.91833	112	47	9.1709	0.3612	46.555	24.0072	31.0576
4	44	c	7/17/2004	13:24	-152.30833	59.91833	112	48	9.1704	0.3499	47.546	24.0079	31.0583
4	44	c	7/17/2004	13:24	-152.30833	59.91833	112	49	9.1663	0.367	48.536	24.0118	31.0625
4	44	c	7/17/2004	13:24	-152.30833	59.91833	112	50	9.1735	0.3636	49.527	24.0045	31.0545
4	44	c	7/17/2004	13:24	-152.30833	59.91833	112	51	9.1823	0.3405	50.517	23.9964	31.0458
4	44	c	7/17/2004	13:24	-152.30833	59.91833	112	52	9.1821	0.3503	51.507	23.9962	31.0456
4	44	c	7/17/2004	13:24	-152.30833	59.91833	112	53	9.1701	0.3508	52.498	24.0075	31.0576
4	44	c	7/17/2004	13:24	-152.30833	59.91833	112	54	9.1452	0.3537	53.488	24.0311	31.0829
4	44	c	7/17/2004	13:24	-152.30833	59.91833	112	55	9.1462	0.3497	54.479	24.0302	31.0819
4	44	c	7/17/2004	13:24	-152.30833	59.91833	112	56	9.134	0.3605	55.469	24.0406	31.0929
4	44	c	7/17/2004	13:24	-152.30833	59.91833	112	57	9.1305	0.3677	56.459	24.0426	31.0946
4	44	c	7/17/2004	13:24	-152.30833	59.91833	112	58	9.1302	0.3747	57.45	24.0424	31.0944
4	44	c	7/17/2004	13:24	-152.30833	59.91833	112	59	9.1028	0.3621	58.44	24.0672	31.1206
4	44	c	7/17/2004	13:24	-152.30833	59.91833	112	60	9.1062	0.3658	59.43	24.0639	31.1171
4	44	c	7/17/2004	13:24	-152.30833	59.91833	112	61	9.0996	0.3594	60.421	24.0698	31.1234
4	44	c	7/17/2004	13:24	-152.30833	59.91833	112	62	9.0831	0.3636	61.411	24.0856	31.1402
4	44	c	7/17/2004	13:24	-152.30833	59.91833	112	63	9.0834	0.3664	62.402	24.0856	31.1403
4	44	c	7/17/2004	13:24	-152.30833	59.91833	112	64	9.0865	0.3738	63.392	24.0826	31.137
4	44	c	7/17/2004	13:24	-152.30833	59.91833	112	65	9.0863	0.3709	64.382	24.0829	31.1374
4	44	c	7/17/2004	13:24	-152.30833	59.91833	112	66	9.0851	0.3589	65.373	24.0837	31.1382
4	44	c	7/17/2004	13:24	-152.30833	59.91833	112	67	9.0849	0.3721	66.363	24.0849	31.1397
4	44	c	7/17/2004	13:24	-152.30833	59.91833	112	68	9.084	0.3546	67.353	24.0855	31.1402
4	44	c	7/17/2004	13:24	-152.30833	59.91833	112	69	9.0842	0.3761	68.344	24.0854	31.1401
4	44	c	7/17/2004	13:24	-152.30833	59.91833	112	70	9.0832	0.3755	69.334	24.0862	31.1409
4	44	c	7/17/2004	13:24	-152.30833	59.91833	112	71	9.0749	0.3523	70.324	24.0935	31.1486
4	44	c	7/17/2004	13:24	-152.30833	59.91833	112	72	9.0759	0.3646	71.315	24.0928	31.1478
4	44	c	7/17/2004	13:24	-152.30833	59.91833	112	73	9.0801	0.3744	72.305	24.0893	31.1442
4	44	c	7/17/2004	13:24	-152.30833	59.91833	112	74	9.0771	0.3654	73.295	24.0918	31.1468
4	44	c	7/17/2004	13:24	-152.30833	59.91833	112	75	9.0765	0.3717	74.285	24.0923	31.1473
4	44	c	7/17/2004	13:24	-152.30833	59.91833	112	76	9.0763	0.3643	75.276	24.0929	31.148
4	44	c	7/17/2004	13:24	-152.30833	59.91833	112	77	9.0753	0.3778	76.266	24.0939	31.1491
4	44	c	7/17/2004	13:24	-152.30833	59.91833	112	78	9.0807	0.3892	77.256	24.0888	31.1436
4	44	c	7/17/2004	13:24	-152.30833	59.91833	112	79	9.0673	0.3726	78.246	24.1	31.1552
4	44	c	7/17/2004	13:24	-152.30833	59.91833	112	80	9.0661	0.3744	79.237	24.101	31.1563
4	44	c	7/17/2004	13:24	-152.30833	59.91833	112	81	9.0669	0.3604	80.227	24.1005	31.1558
4	44	c	7/17/2004	13:24	-152.30833	59.91833	112	82	9.0674	0.3758	81.217	24.1001	31.1553
4	44	c	7/17/2004	13:24	-152.30833	59.91833	112	83	9.0665	0.3709	82.208	24.101	31.1562
4	44	c	7/17/2004	13:24	-152.30833	59.91833	112	84	9.0655	0.3723	83.198	24.1017	31.157
4	44	c	7/17/2004	13:24	-152.30833	59.91833	112	85	9.0701	0.3725	84.188	24.0986	31.1539
4	44	c	7/17/2004	13:24	-152.30833	59.91833	112	86	9.0718	0.3621	85.178	24.0972	31.1524
4	44	c	7/17/2004	13:24	-152.30833	59.91833	112	87	9.0735	0.3604	86.168	24.0963	31.1516
4	44	c	7/17/2004	13:24	-152.30833	59.91833	112	88	9.0651	0.3814	87.159	24.1049	31.161
4	44	c	7/17/2004	13:24	-152.30833	59.91833	112	89	9.053	0.3562	88.149	24.1163	31.1732
4	44	c	7/17/2004	13:24	-152.30833	59.91833	112	90	9.0516	0.3728	89.139	24.1175	31.1743
4	44	c	7/17/2004	13:24	-152.30833	59.91833	112	91	9.047	0.3627	90.129	24.1216	31.1787
4	44	c	7/17/2004	13:24	-152.30833	59.91833	112	92	9.0498	0.3708	91.12	24.1191	31.176
4	44	c	7/17/2004	13:24	-152.30833	59.91833	112	93	9.0408	0.362	92.11	24.1274	31.1849
4	44	c	7/17/2004	13:24	-152.30833	59.91833	112	94	9.0356	0.37	93.1	24.1318	31.1894
4	44	c	7/17/2004	13:24	-152.30833	59.91833	112	95	9.0255	0.3639	94.09	24.1408	31.199
4	44	c	7/17/2004	13:24	-152.30833	59.91833	112	96	9.0126	0.3843	95.08	24.1519	31.2106
4	44	c	7/17/2004	13:24	-152.30833	59.91833	112	97	9.0107	0.379	96.07	24.1534	31.2122
4	44	c	7/17/2004	13:24	-152.30833	59.91833	112	98	9.0117	0.3761	97.061	24.1526	31.2113
4	44	c	7/17/2004	13:24	-152.30833	59.91833	112	99	9.0084	0.3796	98.051	24.1555	31.2143
4	44	c	7/17/2004	13:24	-152.30833	59.91833	112	100	9.0085	0.3678	99.041	24.1555	31.2144
4	44	c	7/17/2004	13:24	-152.30833	59.91833	112	101	9.0076	0.3655	100.031	24.1562	31.2151
4	44	c	7/17/2004	13:24	-152.30833	59.91833	112	102	9.0085	0.3701	101.021	24.1554	31.2141
4	44	c	7/17/2004	13:24	-152.30833	59.91833	112	103	9.0078	0.3731	102.012	24.1562	31.215
4	44	c	7/17/2004	13:24	-152.30833	59.91833	112	104	9.0069	0.3798	103.002	24.1568	31.2155
4	44	c	7/17/2004	13:24	-152.30833	59.91833	112	105	9.0063	0.3738	103.992	24.1572	31.216
4	44	c	7/17/2004	13:24	-152.30833	59.91833	112	106	9.0062	0.381	104.982	24.1574	31.2162
4	44	c	7/17/2004	13:24	-152.30833	59.91833	112	107	9.0058	0.3899	105.972	24.1581	31.217
4	44	c	7/17/2004	13:24	-152.30833	59.91833	112	108	9.006	0.3757	106.962	24.1577	31.2165
4	45	c	7/17/2004	13:24	-152.25333	59.9	82	1	9.2789	0.3342	0.991	23.5538	30.4995
4	45	c	7/17/2004	13:24	-152.25333	59.9	82	2	9.3114	0.4507	1.981	24.134	31.2485
4	45	c	7/17/2004	13:24	-152.25333	59.9	82	3	9.3094	0.4269	2.972	24.1323	31.2459
4	45	c	7/17/2004	13:24	-152.25333	59.9	82	4	9.3124	0.4496	3.963	24.1312	31.245
4	45	c	7/17/2004	13:24	-152.25333	59.9	82	5	9.3079	0.4742	4.953	24.1328	31.2462
4	45	c	7/17/2004	13:24	-152.25333	59.9	82	6	9.3052	0.4838	5.944	24.1335	31.2465
4	45	c	7/17/2004	13:24	-152.25333	59.9	82	7	9.3002	0.5055	6.934	24.1357	31.2484
4	45	c	7/17/2004	13:24	-152.25333	59.9	82	8	9.3021	0.5345	7.925	24.135	31.2478
4	45	c	7/17/2004	13:24	-152.25333	59.9	82	9	9.301	0.5303	8.916	24.1358	31.2485
4	45	c	7/17/2004	13:24	-152.25333	59.9	82	10	9.3019	0.5101	9.906	24.1351	31.2479
4	45	c	7/17/2004	13:24	-152.25333	59.9	82	11	9.3024	0.4981	10.897	24.135	31.2479
4	45	c	7/17/2004	13:24	-152.25333	59.9	82	12	9.3063	0.5029	11.887	24.1334	31.2465
4	45	c	7/17/2004	13:24	-152.25333	59.9	82	13	9.3078	0.4965	12.878	24.1326	31.2458
4	45	c	7/17/2004	13:24	-152.25333	59.9	82	14	9.311	0.4827	13.869	24.1312	31.2446
4	45	c	7/17/2004	13:24	-152.25333	59.9	82	15	9.3128	0.4844	14.859	24.1302	31.2437
4	45	c	7/17/2004	13:24	-152.25333	59.9	82	16	9.3134	0.4857	15.85	24.1299	31.2434
4	45	c	7/17/2004	13:24	-152.25333	59.9	82	17	9.3124	0.4825	16.84	24.1308	31.2443
4	45	c	7/17/2004	13:24	-152.25333	59.9	82	18	9.3097	0.4878	17.831	24.1322	31.2455
4	45	c	7/17/2004	13:24	-152.25333	59.9	82	19	9.3107	0.5093	18.822	24.1319	31.2453
4	45	c	7/17/2004	13:24	-152.25333	59.9	82	20	9.3123	0.4851	19.812	24.1313	31.2448
4	45	c	7/17/2004	13:24	-152.25333	59.9	82	21	9.3136	0.5001	20.803	24.1305	31.2441
4	45	c	7/17/2004	13:24	-152.25333	59.9	82	22	9.3136	0.4881	21.793	24.1308	31.2445
4	45	c	7/17/2004	13:24	-152.25333	59.9	82	23	9.3129	0.4894	22.784	24.131	31.2446
4	45	c	7/17/2004	13:24	-152.25333	59.9	82	24	9.3146	0.4874	23.774	24.1302	31.2439
4	45	c	7/17/2004	13:24	-152.25333	59.9	82	25	9.3155	0.4583	24.765	24.1302	31.244
4	45	c	7/17/2004	13:24	-152.25333	59.9	82	26	9.3158	0.4706	25.755	24.13	31.2437
4	45	c	7/17/2004	13:24	-152.25333	59.9	82	27	9.3163	0.4657	26.746	24.13	31.2439
4	45	c	7/17/2004	13:24	-152.25333	59.9	82	28	9.3164	0.4845	27.736	24.1299	31.2437
4	45	c	7/17/2004	13:24	-152.25333	59.9	82	29	9.3162	0.4641	28.727	24.1299	31.2437
4	45	c	7/17/2004	13:24	-152.25333	59.9	82	30	9.3168	0.4799	29.717	24.1296	31.2435
4	45	c	7/17/2004	13:24	-152.25333	59.9	82	31	9.3167	0.4929	30.708	24.13	31.2439
4	45	c	7/17/2004	13:24	-152.25333	59.9	82	32	9.3131	0.4834	31.698	24.1318	31.2454
4	45	c	7/17/2004	13:24	-152.25333	59.9	82	33	9.3134	0.4727	32.689	24.1318	31.2454
4	45	c	7/17/2004	13:24	-152.25333	59.9	82	34	9.3044	0.4771	33.679	24.1356	31.2486
4	45	c	7/17/2004	13:24	-152.25333	59.9	82	35	9.3017	0.4606	34.67	24.1366	31.2493
4	45	c	7/17/2004	13:24	-152.25333	59.9	82	36	9.3034	0.485	35.66	24.136	31.2488
4	45	c	7/17/2004	13:24	-152.25333	59.9	82	37	9.3124	0.4788	36.651	24.1318	31.2452
4	45	c	7/17/2004	13:24	-152.25333	59.9	82	38	9.3095	0.4899	37.641	24.133	31.2461
4	45	c	7/17/2004	13:24	-152.25333	59.9	82	39	9.3017	0.4512	38.632	24.1363	31.2487
4	45	c	7/17/2004	13:24	-152.25333	59.9	82	40	9.3103	0.4827	39.622	24.1329	31.2461
4	45	c	7/17/2004	13:24	-152.25333	59.9	82	41	9.3059	0.4691	40.613	24.1346	31.2474
4	45	c	7/17/2004	13:24	-152.25333	59.9	82	42	9.2961	0.462	41.603	24.1393	31.2515
4	45	c	7/17/2004	13:24	-152.25333	59.9	82	43	9.2974	0.4784	42.594	24.1381	31.2502
4	45	c	7/17/2004	13:24	-152.25333	59.9	82	44	9.2858	0.4375	43.584	24.1436	31.2548
4	45	c	7/17/2004	13:24	-152.25333	59.9	82	45	9.2885	0.4699	44.574	24.1426	31.254
4	45	c	7/17/2004	13:24	-152.25333	59.9	82	46	9.2897	0.468	45.565	24.1421	31.2536
4	45	c	7/17/2004	13:24	-152.25333	59.9	82	47	9.2877	0.4751	46.555	24.1429	31.2543
4	45	c	7/17/2004	13:24	-152.25333	59.9	82	48	9.288	0.4701	47.546	24.1429	31.2542
4	45	c	7/17/2004	13:24	-152.25333	59.9	82	49	9.2911	0.4509	48.536	24.1418	31.2534
4	45	c	7/17/2004	13:24	-152.25333	59.9	82	50	9.2924	0.4755	49.527	24.1408	31.2525
4	45	c	7/17/2004	13:24	-152.25333	59.9	82	51	9.291	0.4534	50.517	24.1415	31.253
4	45	c	7/17/2004	13:24	-152.25333	59.9	82	52	9.2899	0.4546	51.508	24.1424	31.2539
4	45	c	7/17/2004	13:24	-152.25333	59.9	82	53	9.2891	0.4416	52.498	24.1427	31.2541
4	45	c	7/17/2004	13:24	-152.25333	59.9	82	54	9.2886	0.4381	53.488	24.1429	31.2543
4	45	c	7/17/2004	13:24	-152.25333	59.9	82	55	9.2889	0.4721	54.479	24.1429	31.2543
4	45	c	7/17/2004	13:24	-152.25333	59.9	82	56	9.2863	0.4812	55.469	24.1445	31.2558
4	45	c	7/17/2004	13:24	-152.25333	59.9	82	57	9.2859	0.4564	56.459	24.1445	31.2557
4	45	c	7/17/2004	13:24	-152.25333	59.9	82	58	9.2852	0.4512	57.45	24.1452	31.2565
4	45	c	7/17/2004	13:24	-152.25333	59.9	82	59	9.285	0.472	58.44	24.1453	31.2565
4	45	c	7/17/2004	13:24	-152.25333	59.9	82	60	9.2856	0.456	59.43	24.1452	31.2565
4	45	c	7/17/2004	13:24	-152.25333	59.9	82	61	9.2854	0.4539	60.421	24.1452	31.2564
4	45	c	7/17/2004	13:24	-152.25333	59.9	82	62	9.2864	0.4568	61.411	24.1446	31.2559
4	45	c	7/17/2004	13:24	-152.25333	59.9	82	63	9.2889	0.4484	62.402	24.1433	31.2547
4	45	c	7/17/2004	13:24	-152.25333	59.9	82	64	9.2894	0.471	63.392	24.1435	31.255
4	45	c	7/17/2004	13:24	-152.25333	59.9	82	65	9.2874	0.4626	64.382	24.1442	31.2555
4	45	c	7/17/2004	13:24	-152.25333	59.9	82	66	9.2887	0.4411	65.372	24.1439	31.2554
4	45	c	7/17/2004	13:24	-152.25333	59.9	82	67	9.2886	0.4618	66.363	24.1441	31.2555
4	45	c	7/17/2004	13:24	-152.25333	59.9	82	68	9.287	0.4755	67.353	24.1449	31.2563
4	45	c	7/17/2004	13:24	-152.25333	59.9	82	69	9.2817	0.453	68.344	24.1477	31.2588
4	45	c	7/17/2004	13:24	-152.25333	59.9	82	70	9.2811	0.4611	69.334	24.1482	31.2592
4	45	c	7/17/2004	13:24	-152.25333	59.9	82	71	9.2832	0.4482	70.324	24.147	31.258
4	45	c	7/17/2004	13:24	-152.25333	59.9	82	72	9.2829	0.4536	71.314	24.1471	31.2582
4	45	c	7/17/2004	13:24	-152.25333	59.9	82	73	9.2822	0.4569	72.305	24.1477	31.2588
4	45	c	7/17/2004	13:24	-152.25333	59.9	82	74	9.2837	0.4696	73.295	24.1464	31.2575
4	46	c	7/17/2004	13:24	-152.2	59.88	73	1	9.762	0.4581	0.991	24.0437	31.2241
4	46	c	7/17/2004	13:24	-152.2	59.88	73	2	9.7547	0.4375	1.981	24.0521	31.2335
4	46	c	7/17/2004	13:24	-152.2	59.88	73	3	9.7484	0.4623	2.972	24.0493	31.2286
4	46	c	7/17/2004	13:24	-152.2	59.88	73	4	9.7488	0.4422	3.963	24.0503	31.2298
4	46	c	7/17/2004	13:24	-152.2	59.88	73	5	9.7557	0.4679	4.953	24.0529	31.2346
4	46	c	7/17/2004	13:24	-152.2	59.88	73	6	9.7598	0.4584	5.944	24.0543	31.2372
4	46	c	7/17/2004	13:24	-152.2	59.88	73	7	9.7591	0.4572	6.934	24.0539	31.2366
4	46	c	7/17/2004	13:24	-152.2	59.88	73	8	9.7601	0.4557	7.925	24.0541	31.237
4	46	c	7/17/2004	13:24	-152.2	59.88	73	9	9.7596	0.4613	8.916	24.0538	31.2364
4	46	c	7/17/2004	13:24	-152.2	59.88	73	10	9.7603	0.4621	9.906	24.0541	31.237
4	46	c	7/17/2004	13:24	-152.2	59.88	73	11	9.7614	0.4706	10.897	24.0543	31.2374
4	46	c	7/17/2004	13:24	-152.2	59.88	73	12	9.7596	0.4478	11.887	24.0537	31.2362
4	46	c	7/17/2004	13:24	-152.2	59.88	73	13	9.7623	0.4732	12.878	24.0542	31.2374
4	46	c	7/17/2004	13:24	-152.2	59.88	73	14	9.7623	0.4601	13.869	24.0546	31.2379
4	46	c	7/17/2004	13:24	-152.2	59.88	73	15	9.7596	0.4747	14.859	24.0538	31.2363
4	46	c	7/17/2004	13:24	-152.2	59.88	73	16	9.7628	0.4849	15.85	24.0546	31.238
4	46	c	7/17/2004	13:24	-152.2	59.88	73	17	9.7879	0.4683	16.841	24.0595	31.2495
4	46	c	7/17/2004	13:24	-152.2	59.88	73	18	9.78	0.4613	17.831	24.0578	31.2456
4	46	c	7/17/2004	13:24	-152.2	59.88	73	19	9.7848	0.4652	18.822	24.0584	31.2473
4	46	c	7/17/2004	13:24	-152.2	59.88	73	20	9.7753	0.4674	19.812	24.0568	31.2433
4	46	c	7/17/2004	13:24	-152.2	59.88	73	21	9.7729	0.4667	20.803	24.0572	31.2433
4	46	c	7/17/2004	13:24	-152.2	59.88	73	22	9.7817	0.4738	21.793	24.0581	31.2463
4	46	c	7/17/2004	13:24	-152.2	59.88	73	23	9.7891	0.4501	22.784	24.0599	31.25
4	46	c	7/17/2004	13:24	-152.2	59.88	73	24	9.7932	0.4565	23.774	24.0603	31.2514
4	46	c	7/17/2004	13:24	-152.2	59.88	73	25	9.7911	0.4545	24.765	24.0601	31.2507
4	46	c	7/17/2004	13:24	-152.2	59.88	73	26	9.7883	0.4665	25.755	24.0597	31.2496
4	46	c	7/17/2004	13:24	-152.2	59.88	73	27	9.7921	0.455	26.746	24.06	31.2507
4	46	c	7/17/2004	13:24	-152.2	59.88	73	28	9.8086	0.4438	27.736	24.0633	31.2583
4	46	c	7/17/2004	13:24	-152.2	59.88	73	29	9.8123	0.4517	28.727	24.0637	31.2596
4	46	c	7/17/2004	13:24	-152.2	59.88	73	30	9.8124	0.456	29.717	24.0639	31.2599
4	46	c	7/17/2004	13:24	-152.2	59.88	73	31	9.8117	0.4542	30.708	24.0635	31.2591
4	46	c	7/17/2004	13:24	-152.2	59.88	73	32	9.8101	0.4519	31.698	24.0636	31.2589
4	46	c	7/17/2004	13:24	-152.2	59.88	73	33	9.8093	0.4501	32.689	24.0631	31.2581
4	46	c	7/17/2004	13:24	-152.2	59.88	73	34	9.8118	0.47	33.679	24.0633	31.2589
4	46	c	7/17/2004	13:24	-152.2	59.88	73	35	9.8122	0.4533	34.67	24.0633	31.2588
4	46	c	7/17/2004	13:24	-152.2	59.88	73	36	9.8117	0.46	35.66	24.0633	31.2588
4	46	c	7/17/2004	13:24	-152.2	59.88	73	37	9.8123	0.4458	36.651	24.0635	31.2591
4	46	c	7/17/2004	13:24	-152.2	59.88	73	38	9.8131	0.4489	37.641	24.0633	31.2591
4	46	c	7/17/2004	13:24	-152.2	59.88	73	39	9.8136	0.4483	38.632	24.0634	31.2592
4	46	c	7/17/2004	13:24	-152.2	59.88	73	40	9.8138	0.4651	39.622	24.0635	31.2594
4	46	c	7/17/2004	13:24	-152.2	59.88	73	41	9.8149	0.4475	40.613	24.0639	31.2601
4	46	c	7/17/2004	13:24	-152.2	59.88	73	42	9.815	0.4554	41.603	24.0638	31.26
4	46	c	7/17/2004	13:24	-152.2	59.88	73	43	9.8161	0.4453	42.593	24.0635	31.2598
4	46	c	7/17/2004	13:24	-152.2	59.88	73	44	9.8166	0.4387	43.584	24.0629	31.2591
4	46	c	7/17/2004	13:24	-152.2	59.88	73	45	9.8158	0.4471	44.574	24.063	31.2591
4	46	c	7/17/2004	13:24	-152.2	59.88	73	46	9.8157	0.4579	45.565	24.0629	31.2588
4	46	c	7/17/2004	13:24	-152.2	59.88	73	47	9.8154	0.4602	46.555	24.0629	31.2588
4	46	c	7/17/2004	13:24	-152.2	59.88	73	48	9.8151	0.4624	47.546	24.0629	31.2587
4	46	c	7/17/2004	13:24	-152.2	59.88	73	49	9.8135	0.4569	48.536	24.0629	31.2583
4	46	c	7/17/2004	13:24	-152.2	59.88	73	50	9.8136	0.4558	49.527	24.0627	31.2581
4	47	c	7/17/2004	13:24	-152.145	59.86333	47	1	9.8904	0.4852	0.991	24.0646	31.2775
4	47	c	7/17/2004	13:24	-152.145	59.86333	47	2	9.9035	0.4356	1.981	24.0613	31.2761
4	47	c	7/17/2004	13:24	-152.145	59.86333	47	3	9.9035	0.44	2.972	24.0653	31.2811
4	47	c	7/17/2004	13:24	-152.145	59.86333	47	4	9.9027	0.4576	3.963	24.0659	31.2817
4	47	c	7/17/2004	13:24	-152.145	59.86333	47	5	9.9019	0.4483	4.953	24.0669	31.2827
4	47	c	7/17/2004	13:24	-152.145	59.86333	47	6	9.9009	0.4467	5.944	24.0673	31.283
4	47	c	7/17/2004	13:24	-152.145	59.86333	47	7	9.9007	0.4534	6.935	24.0674	31.2832
4	47	c	7/17/2004	13:24	-152.145	59.86333	47	8	9.901	0.4528	7.925	24.0673	31.2831
4	47	c	7/17/2004	13:24	-152.145	59.86333	47	9	9.9016	0.4492	8.916	24.0667	31.2824
4	47	c	7/17/2004	13:24	-152.145	59.86333	47	10	9.9009	0.4621	9.906	24.0674	31.2831
4	47	c	7/17/2004	13:24	-152.145	59.86333	47	11	9.9015	0.453	10.897	24.067	31.2827
4	47	c	7/17/2004	13:24	-152.145	59.86333	47	12	9.9005	0.4538	11.887	24.0679	31.2836
4	47	c	7/17/2004	13:24	-152.145	59.86333	47	13	9.9004	0.4635	12.878	24.0681	31.2838
4	47	c	7/17/2004	13:24	-152.145	59.86333	47	14	9.9011	0.4529	13.869	24.0677	31.2835
4	47	c	7/17/2004	13:24	-152.145	59.86333	47	15	9.9022	0.4439	14.859	24.0672	31.283
4	47	c	7/17/2004	13:24	-152.145	59.86333	47	16	9.9022	0.4564	15.85	24.0673	31.283
4	47	c	7/17/2004	13:24	-152.145	59.86333	47	17	9.9021	0.4513	16.84	24.067	31.2827
4	47	c	7/17/2004	13:24	-152.145	59.86333	47	18	9.9	0.4499	17.831	24.0685	31.2842
4	47	c	7/17/2004	13:24	-152.145	59.86333	47	19	9.9007	0.4548	18.822	24.0682	31.2839
4	47	c	7/17/2004	13:24	-152.145	59.86333	47	20	9.9007	0.4447	19.812	24.0682	31.2838
4	47	c	7/17/2004	13:24	-152.145	59.86333	47	21	9.8999	0.4512	20.803	24.0688	31.2844
4	47	c	7/17/2004	13:24	-152.145	59.86333	47	22	9.9013	0.4488	21.793	24.0679	31.2835
4	47	c	7/17/2004	13:24	-152.145	59.86333	47	23	9.9012	0.45	22.784	24.0683	31.284
4	47	c	7/17/2004	13:24	-152.145	59.86333	47	24	9.9013	0.4512	23.774	24.0682	31.2839
4	47	c	7/17/2004	13:24	-152.145	59.86333	47	25	9.9083	0.4484	24.765	24.0637	31.2796
4	47	c	7/17/2004	13:24	-152.145	59.86333	47	26	9.9158	0.4308	25.755	24.0591	31.2751
4	47	c	7/17/2004	13:24	-152.145	59.86333	47	27	9.9087	0.4492	26.746	24.0635	31.2794
4	47	c	7/17/2004	13:24	-152.145	59.86333	47	28	9.9022	0.4537	27.736	24.0677	31.2833
4	47	c	7/17/2004	13:24	-152.145	59.86333	47	29	9.9043	0.4449	28.727	24.0663	31.2819
4	47	c	7/17/2004	13:24	-152.145	59.86333	47	30	9.9037	0.4534	29.717	24.0669	31.2825
4	47	c	7/17/2004	13:24	-152.145	59.86333	47	31	9.9029	0.4509	30.708	24.0674	31.283
4	47	c	7/17/2004	13:24	-152.145	59.86333	47	32	9.9025	0.4413	31.698	24.0677	31.2834
4	47	c	7/17/2004	13:24	-152.145	59.86333	47	33	9.9009	0.4398	32.689	24.069	31.2846
4	47	c	7/17/2004	13:24	-152.145	59.86333	47	34	9.9083	0.4459	33.679	24.0645	31.2803
4	47	c	7/17/2004	13:24	-152.145	59.86333	47	35	9.9191	0.4551	34.67	24.0578	31.274
4	47	c	7/17/2004	13:24	-152.145	59.86333	47	36	9.9143	0.4402	35.66	24.0607	31.2767
4	47	c	7/17/2004	13:24	-152.145	59.86333	47	37	9.9164	0.4475	36.651	24.0596	31.2757
4	47	c	7/17/2004	13:24	-152.145	59.86333	47	38	9.9219	0.4402	37.641	24.0565	31.2729
4	47	c	7/17/2004	13:24	-152.145	59.86333	47	39	9.9241	0.4352	38.632	24.0554	31.2718
4	47	c	7/17/2004	13:24	-152.145	59.86333	47	40	9.9248	0.4368	39.622	24.0549	31.2713
4	47	c	7/17/2004	13:24	-152.145	59.86333	47	41	9.9252	0.4353	40.613	24.0548	31.2713
4	48	c	7/17/2004	13:24	-152.09333	59.845	37	1	9.8989	0.4466	0.991	24.0858	31.3065
4	48	c	7/17/2004	13:24	-152.09333	59.845	37	2	9.8973	0.438	1.981	24.0815	31.3006
4	48	c	7/17/2004	13:24	-152.09333	59.845	37	3	9.8962	0.4851	2.972	24.0824	31.3015
4	48	c	7/17/2004	13:24	-152.09333	59.845	37	4	9.8967	0.496	3.962	24.0819	31.301
4	48	c	7/17/2004	13:24	-152.09333	59.845	37	5	9.8969	0.5176	4.953	24.0817	31.3007
4	48	c	7/17/2004	13:24	-152.09333	59.845	37	6	9.8971	0.4953	5.944	24.0817	31.3007
4	48	c	7/17/2004	13:24	-152.09333	59.845	37	7	9.8974	0.5039	6.934	24.0815	31.3005
4	48	c	7/17/2004	13:24	-152.09333	59.845	37	8	9.8973	0.486	7.925	24.0817	31.3007
4	48	c	7/17/2004	13:24	-152.09333	59.845	37	9	9.898	0.4603	8.916	24.0814	31.3004
4	48	c	7/17/2004	13:24	-152.09333	59.845	37	10	9.8985	0.4589	9.906	24.081	31.3001
4	48	c	7/17/2004	13:24	-152.09333	59.845	37	11	9.8989	0.4495	10.897	24.0809	31.3
4	48	c	7/17/2004	13:24	-152.09333	59.845	37	12	9.8987	0.445	11.887	24.0809	31.2999
4	48	c	7/17/2004	13:24	-152.09333	59.845	37	13	9.8983	0.4532	12.878	24.0811	31.3001
4	48	c	7/17/2004	13:24	-152.09333	59.845	37	14	9.8986	0.4562	13.869	24.0813	31.3003
4	48	c	7/17/2004	13:24	-152.09333	59.845	37	15	9.8995	0.4492	14.859	24.0808	31.2999
4	48	c	7/17/2004	13:24	-152.09333	59.845	37	16	9.8995	0.446	15.85	24.0806	31.2996
4	48	c	7/17/2004	13:24	-152.09333	59.845	37	17	9.899	0.4558	16.84	24.0813	31.3004
4	48	c	7/17/2004	13:24	-152.09333	59.845	37	18	9.8985	0.4539	17.831	24.0816	31.3007
4	48	c	7/17/2004	13:24	-152.09333	59.845	37	19	9.8985	0.4489	18.821	24.0819	31.301
4	48	c	7/17/2004	13:24	-152.09333	59.845	37	20	9.8994	0.4626	19.812	24.081	31.3
4	48	c	7/17/2004	13:24	-152.09333	59.845	37	21	9.8994	0.4501	20.803	24.0812	31.3002
4	48	c	7/17/2004	13:24	-152.09333	59.845	37	22	9.8994	0.4528	21.793	24.0814	31.3004
4	48	c	7/17/2004	13:24	-152.09333	59.845	37	23	9.8998	0.4539	22.784	24.0812	31.3002
4	48	c	7/17/2004	13:24	-152.09333	59.845	37	24	9.9001	0.4471	23.774	24.0809	31.2999
4	48	c	7/17/2004	13:24	-152.09333	59.845	37	25	9.9	0.4565	24.765	24.0811	31.3001
4	48	c	7/17/2004	13:24	-152.09333	59.845	37	26	9.9001	0.4442	25.755	24.0811	31.3002
4	48	c	7/17/2004	13:24	-152.09333	59.845	37	27	9.9002	0.4582	26.746	24.0812	31.3002
4	48	c	7/17/2004	13:24	-152.09333	59.845	37	28	9.9002	0.4454	27.736	24.0811	31.3001
4	48	c	7/17/2004	13:24	-152.09333	59.845	37	29	9.9008	0.4516	28.727	24.081	31.3
4	48	c	7/17/2004	13:24	-152.09333	59.845	37	30	9.9012	0.4542	29.718	24.0808	31.2999
4	48	c	7/17/2004	13:24	-152.09333	59.845	37	31	9.9013	0.4452	30.708	24.0809	31.2999
4	48	c	7/17/2004	13:24	-152.09333	59.845	37	32	9.9013	0.4443	31.698	24.081	31.3001
4	48	c	7/17/2004	13:24	-152.09333	59.845	37	33	9.9011	0.4465	32.689	24.081	31.3
4	48	c	7/17/2004	13:24	-152.09333	59.845	37	34	9.9018	0.4397	33.679	24.0806	31.2996
4	48	c	7/17/2004	13:24	-152.09333	59.845	37	35	9.9024	0.441	34.67	24.0802	31.2993
4	48	c	7/17/2004	13:24	-152.09333	59.845	37	36	9.903	0.4411	35.66	24.0801	31.2992
4	48	c	7/17/2004	13:24	-152.09333	59.845	37	37	9.9035	0.4458	36.651	24.0798	31.2989
4	49	c	7/17/2004	13:24	-152.04	59.82667	35	1	9.8172	0.5129	0.991	24.1412	31.3605
4	49	c	7/17/2004	13:24	-152.04	59.82667	35	2	9.7938	0.528	1.981	24.1666	31.3882
4	49	c	7/17/2004	13:24	-152.04	59.82667	35	3	9.7972	0.5204	2.972	24.164	31.3855
4	49	c	7/17/2004	13:24	-152.04	59.82667	35	4	9.7974	0.5292	3.963	24.164	31.3855
4	49	c	7/17/2004	13:24	-152.04	59.82667	35	5	9.7933	0.5205	4.953	24.1655	31.3866
4	49	c	7/17/2004	13:24	-152.04	59.82667	35	6	9.7927	0.5323	5.944	24.1662	31.3873
4	49	c	7/17/2004	13:24	-152.04	59.82667	35	7	9.7924	0.5198	6.935	24.1662	31.3874
4	49	c	7/17/2004	13:24	-152.04	59.82667	35	8	9.7929	0.5398	7.925	24.1655	31.3865
4	49	c	7/17/2004	13:24	-152.04	59.82667	35	9	9.7929	0.5276	8.916	24.1657	31.3867
4	49	c	7/17/2004	13:24	-152.04	59.82667	35	10	9.7927	0.5356	9.906	24.1657	31.3866
4	49	c	7/17/2004	13:24	-152.04	59.82667	35	11	9.7932	0.5388	10.897	24.1656	31.3866
4	49	c	7/17/2004	13:24	-152.04	59.82667	35	12	9.7925	0.5268	11.887	24.1657	31.3866
4	49	c	7/17/2004	13:24	-152.04	59.82667	35	13	9.7927	0.5276	12.878	24.1657	31.3866
4	49	c	7/17/2004	13:24	-152.04	59.82667	35	14	9.7927	0.5428	13.869	24.1656	31.3865
4	49	c	7/17/2004	13:24	-152.04	59.82667	35	15	9.7928	0.5238	14.859	24.1657	31.3865
4	49	c	7/17/2004	13:24	-152.04	59.82667	35	16	9.7923	0.5354	15.85	24.166	31.3868
4	49	c	7/17/2004	13:24	-152.04	59.82667	35	17	9.7924	0.5383	16.841	24.166	31.3869
4	49	c	7/17/2004	13:24	-152.04	59.82667	35	18	9.7922	0.5324	17.831	24.1663	31.3871
4	49	c	7/17/2004	13:24	-152.04	59.82667	35	19	9.7923	0.5434	18.821	24.1662	31.387
4	49	c	7/17/2004	13:24	-152.04	59.82667	35	20	9.792	0.5393	19.812	24.1663	31.3871
4	49	c	7/17/2004	13:24	-152.04	59.82667	35	21	9.7931	0.5443	20.803	24.1656	31.3863
4	49	c	7/17/2004	13:24	-152.04	59.82667	35	22	9.7929	0.5463	21.793	24.1661	31.3869
4	49	c	7/17/2004	13:24	-152.04	59.82667	35	23	9.7937	0.544	22.784	24.1657	31.3866
4	49	c	7/17/2004	13:24	-152.04	59.82667	35	24	9.7969	0.5338	23.774	24.164	31.385
4	49	c	7/17/2004	13:24	-152.04	59.82667	35	25	9.8	0.5211	24.765	24.1623	31.3835
4	49	c	7/17/2004	13:24	-152.04	59.82667	35	26	9.8005	0.5089	25.755	24.1619	31.3831
4	49	c	7/17/2004	13:24	-152.04	59.82667	35	27	9.8106	0.5211	26.746	24.1566	31.3783
4	49	c	7/17/2004	13:24	-152.04	59.82667	35	28	9.8149	0.5134	27.736	24.154	31.3759
4	49	c	7/17/2004	13:24	-152.04	59.82667	35	29	9.8163	0.525	28.727	24.1533	31.3752
4	49	c	7/17/2004	13:24	-152.04	59.82667	35	30	9.8167	0.5075	29.717	24.153	31.3749
4	49	c	7/17/2004	13:24	-152.04	59.82667	35	31	9.8168	0.5123	30.708	24.153	31.3749
4	49	c	7/17/2004	13:24	-152.04	59.82667	35	32	9.8177	0.5284	31.698	24.1527	31.3746
4	49	c	7/17/2004	13:24	-152.04	59.82667	35	33	9.8185	0.5181	32.689	24.1524	31.3744
4	49	c	7/17/2004	13:24	-152.04	59.82667	35	34	9.818	0.5083	33.679	24.1528	31.3748
4	50	c	7/17/2004	13:24	-151.98667	59.81	31	1	9.902	0.4394	0.991	24.0699	31.2867
4	50	c	7/17/2004	13:24	-151.98667	59.81	31	2	9.9056	0.4449	1.981	24.0838	31.3052
4	50	c	7/17/2004	13:24	-151.98667	59.81	31	3	9.9063	0.4518	2.972	24.0834	31.3049
4	50	c	7/17/2004	13:24	-151.98667	59.81	31	4	9.9057	0.4562	3.962	24.0837	31.3052
4	50	c	7/17/2004	13:24	-151.98667	59.81	31	5	9.9059	0.4554	4.953	24.0838	31.3053
4	50	c	7/17/2004	13:24	-151.98667	59.81	31	6	9.9065	0.4587	5.944	24.0835	31.305
4	50	c	7/17/2004	13:24	-151.98667	59.81	31	7	9.9062	0.4717	6.934	24.0839	31.3054
4	50	c	7/17/2004	13:24	-151.98667	59.81	31	8	9.9063	0.4691	7.925	24.0837	31.3052
4	50	c	7/17/2004	13:24	-151.98667	59.81	31	9	9.9062	0.4609	8.916	24.0839	31.3054
4	50	c	7/17/2004	13:24	-151.98667	59.81	31	10	9.9061	0.4532	9.906	24.0841	31.3055
4	50	c	7/17/2004	13:24	-151.98667	59.81	31	11	9.9062	0.458	10.897	24.0841	31.3056
4	50	c	7/17/2004	13:24	-151.98667	59.81	31	12	9.9063	0.4717	11.887	24.0839	31.3054
4	50	c	7/17/2004	13:24	-151.98667	59.81	31	13	9.9066	0.4631	12.878	24.0837	31.3051
4	50	c	7/17/2004	13:24	-151.98667	59.81	31	14	9.9077	0.4615	13.869	24.0829	31.3042
4	50	c	7/17/2004	13:24	-151.98667	59.81	31	15	9.9088	0.4544	14.859	24.0818	31.3031
4	50	c	7/17/2004	13:24	-151.98667	59.81	31	16	9.9088	0.4566	15.85	24.0821	31.3034
4	50	c	7/17/2004	13:24	-151.98667	59.81	31	17	9.9088	0.456	16.84	24.0823	31.3036
4	50	c	7/17/2004	13:24	-151.98667	59.81	31	18	9.9087	0.4501	17.831	24.0824	31.3038
4	50	c	7/17/2004	13:24	-151.98667	59.81	31	19	9.9089	0.4525	18.822	24.0821	31.3034
4	50	c	7/17/2004	13:24	-151.98667	59.81	31	20	9.9088	0.4631	19.812	24.0824	31.3038
4	50	c	7/17/2004	13:24	-151.98667	59.81	31	21	9.9088	0.4705	20.803	24.0822	31.3035
4	50	c	7/17/2004	13:24	-151.98667	59.81	31	22	9.9095	0.4521	21.793	24.082	31.3033
4	50	c	7/17/2004	13:24	-151.98667	59.81	31	23	9.9096	0.457	22.784	24.0819	31.3033
4	50	c	7/17/2004	13:24	-151.98667	59.81	31	24	9.9094	0.455	23.774	24.0822	31.3035
4	50	c	7/17/2004	13:24	-151.98667	59.81	31	25	9.9089	0.4598	24.765	24.0827	31.304
4	50	c	7/17/2004	13:24	-151.98667	59.81	31	26	9.909	0.4598	25.755	24.0827	31.304
4	50	c	7/17/2004	13:24	-151.98667	59.81	31	27	9.9088	0.4766	26.746	24.0828	31.3041
4	50	c	7/17/2004	13:24	-151.98667	59.81	31	28	9.9091	0.4749	27.736	24.0826	31.3038
4	50	c	7/17/2004	13:24	-151.98667	59.81	31	29	9.9098	0.4533	28.727	24.0825	31.3039
4	50	c	7/17/2004	13:24	-151.98667	59.81	31	30	9.91	0.4641	29.717	24.0824	31.3038
4	51	c	7/17/2004	13:24	-151.95833	59.79833	27	1	9.935	0.4481	0.991	23.88	31.0501
4	51	c	7/17/2004	13:24	-151.95833	59.79833	27	2	9.9446	0.5174	1.981	24.0347	31.2505
4	51	c	7/17/2004	13:24	-151.95833	59.79833	27	3	9.9409	0.5011	2.972	24.0378	31.2536
4	51	c	7/17/2004	13:24	-151.95833	59.79833	27	4	9.9428	0.4865	3.962	24.0363	31.252
4	51	c	7/17/2004	13:24	-151.95833	59.79833	27	5	9.9442	0.5104	4.953	24.0351	31.2508
4	51	c	7/17/2004	13:24	-151.95833	59.79833	27	6	9.9429	0.5078	5.944	24.0362	31.252
4	51	c	7/17/2004	13:24	-151.95833	59.79833	27	7	9.9456	0.5038	6.934	24.0344	31.2502
4	51	c	7/17/2004	13:24	-151.95833	59.79833	27	8	9.9464	0.5129	7.925	24.0337	31.2494
4	51	c	7/17/2004	13:24	-151.95833	59.79833	27	9	9.9488	0.5139	8.916	24.0321	31.2478
4	51	c	7/17/2004	13:24	-151.95833	59.79833	27	10	9.9493	0.5044	9.906	24.0319	31.2476
4	51	c	7/17/2004	13:24	-151.95833	59.79833	27	11	9.9506	0.5018	10.897	24.0311	31.2469
4	51	c	7/17/2004	13:24	-151.95833	59.79833	27	12	9.9501	0.512	11.887	24.0316	31.2474
4	51	c	7/17/2004	13:24	-151.95833	59.79833	27	13	9.9478	0.5191	12.878	24.0333	31.249
4	51	c	7/17/2004	13:24	-151.95833	59.79833	27	14	9.9496	0.5254	13.869	24.032	31.2478
4	51	c	7/17/2004	13:24	-151.95833	59.79833	27	15	9.9549	0.5083	14.859	24.0285	31.2443
4	51	c	7/17/2004	13:24	-151.95833	59.79833	27	16	9.959	0.5045	15.85	24.0256	31.2415
4	51	c	7/17/2004	13:24	-151.95833	59.79833	27	17	9.96	0.5032	16.84	24.0252	31.2411
4	51	c	7/17/2004	13:24	-151.95833	59.79833	27	18	9.9591	0.5066	17.831	24.0253	31.241
4	52	c	7/17/2004	13:24	-151.935	59.79	20	1	10.0532	0.5913	0.991	23.9055	31.1074
4	52	c	7/17/2004	13:24	-151.935	59.79	20	2	10.0593	0.5945	1.981	23.9152	31.1212
4	52	c	7/17/2004	13:24	-151.935	59.79	20	3	10.0598	0.605	2.972	23.9145	31.1204
4	52	c	7/17/2004	13:24	-151.935	59.79	20	4	10.0575	0.5985	3.963	23.9171	31.1232
4	52	c	7/17/2004	13:24	-151.935	59.79	20	5	10.0571	0.5938	4.953	23.9172	31.1233
4	52	c	7/17/2004	13:24	-151.935	59.79	20	6	10.0564	0.5811	5.944	23.9178	31.1238
4	52	c	7/17/2004	13:24	-151.935	59.79	20	7	10.0554	0.5915	6.935	23.9187	31.1248
4	52	c	7/17/2004	13:24	-151.935	59.79	20	8	10.0558	0.5695	7.925	23.9186	31.1247
4	52	c	7/17/2004	13:24	-151.935	59.79	20	9	10.0563	0.5732	8.916	23.9179	31.1239
4	52	c	7/17/2004	13:24	-151.935	59.79	20	10	10.0555	0.592	9.906	23.9189	31.125
4	52	c	7/17/2004	13:24	-151.935	59.79	20	11	10.0538	0.6132	10.897	23.9213	31.1277
4	52	c	7/17/2004	13:24	-151.935	59.79	20	12	10.0537	0.6109	11.887	23.9214	31.1277
4	52	c	7/17/2004	13:24	-151.935	59.79	20	13	10.0523	0.614	12.878	23.9232	31.1297
4	52	c	7/17/2004	13:24	-151.935	59.79	20	14	10.0558	0.6196	13.869	23.9195	31.1257
4	52	c	7/17/2004	13:24	-151.935	59.79	20	15	10.0585	0.5701	14.859	23.9171	31.1232
4	53	c	7/17/2004	13:24	-151.905	59.78	13	1	12.3828	0.3106	0.991	21.9214	29.0732
4	53	c	7/17/2004	13:24	-151.905	59.78	13	2	12.3569	0.337	1.981	21.8208	28.9372
4	53	c	7/17/2004	13:24	-151.905	59.78	13	3	12.3309	0.3428	2.972	21.8383	28.9536
4	53	c	7/17/2004	13:24	-151.905	59.78	13	4	12.2555	0.352	3.963	21.8952	29.0093
4	53	c	7/17/2004	13:24	-151.905	59.78	13	5	12.242	0.3545	4.953	21.9048	29.0185
4	53	c	7/17/2004	13:24	-151.905	59.78	13	6	12.2184	0.3512	5.944	21.9252	29.0392
4	53	c	7/17/2004	13:24	-151.905	59.78	13	7	12.2108	0.3488	6.935	21.9314	29.0454
4	53	c	7/17/2004	13:24	-151.905	59.78	13	8	12.2151	0.3494	7.925	21.9283	29.0425
4	53	c	7/17/2004	13:24	-151.905	59.78	13	9	12.1899	0.3477	8.916	21.9504	29.0651
4	53	c	7/17/2004	13:24	-151.905	59.78	13	10	12.1542	0.3443	9.906	21.9811	29.0963
4	53	c	7/17/2004	13:24	-151.905	59.78	13	11	12.1478	0.3437	10.897	21.9874	29.1029
4	53	c	7/17/2004	13:24	-151.905	59.78	13	12	12.1397	0.3391	11.888	21.9943	29.11
