Cruise	Station	Type	mon/day/yr	hh:mm	Lon (E)	Lat (N)	Bot. Depth [m]	Press	Depth [m]	Sigma	Salinity [psu]	oxper [%]	oxconc	Temperature [C]	fluor [v]	tran [v]	PAR
1	38	c	4/19/2004	3:34	-152.56667	60.00667	24	1	0.991	24.3498	30.5007	86.6333	9.67759	2.2736	0.5638	0.095	3.63E-02
1	38	c	4/19/2004	3:34	-152.56667	60.00667	24	2	1.981	24.3336	30.479	76.14191	8.51078	2.2572	0.1144	0.1108	3.63E-02
1	38	c	4/19/2004	3:34	-152.56667	60.00667	24	3	2.972	24.3321	30.4773	83.81979	9.3684	2.2584	0.2338	0.1005	3.63E-02
1	38	c	4/19/2004	3:34	-152.56667	60.00667	24	4	3.963	24.3316	30.4767	83.95986	9.38405	2.2586	0.2307	0.1047	3.63E-02
1	38	c	4/19/2004	3:34	-152.56667	60.00667	24	5	4.953	24.3322	30.4775	83.96822	9.38467	2.2597	0.234	0.0951	3.63E-02
1	38	c	4/19/2004	3:34	-152.56667	60.00667	24	6	5.944	24.3324	30.4777	83.97344	9.38518	2.2599	0.2335	0.0903	3.63E-02
1	38	c	4/19/2004	3:34	-152.56667	60.00667	24	7	6.934	24.3324	30.4777	83.98716	9.38686	2.2593	0.2327	0.0939	3.63E-02
1	38	c	4/19/2004	3:34	-152.56667	60.00667	24	8	7.925	24.3325	30.4777	83.9654	9.38437	2.2595	0.2302	0.0947	3.63E-02
1	38	c	4/19/2004	3:34	-152.56667	60.00667	24	9	8.916	24.3324	30.4777	83.92809	9.38013	2.2599	0.2321	0.0989	3.63E-02
1	38	c	4/19/2004	3:34	-152.56667	60.00667	24	10	9.906	24.3324	30.4776	83.90374	9.37749	2.2595	0.2308	0.0951	3.63E-02
1	38	c	4/19/2004	3:34	-152.56667	60.00667	24	11	10.897	24.3323	30.4776	83.92716	9.38018	2.2593	0.2311	0.0994	3.63E-02
1	38	c	4/19/2004	3:34	-152.56667	60.00667	24	12	11.887	24.3325	30.4776	83.91852	9.37984	2.2566	0.2345	0.0962	3.63E-02
1	38	c	4/19/2004	3:34	-152.56667	60.00667	24	13	12.878	24.3329	30.478	83.95216	9.38362	2.2564	0.2328	0.0982	3.63E-02
1	38	c	4/19/2004	3:34	-152.56667	60.00667	24	14	13.869	24.3326	30.4777	83.97516	9.38621	2.2564	0.2314	0.0986	3.63E-02
1	38	c	4/19/2004	3:34	-152.56667	60.00667	24	15	14.859	24.333	30.4781	83.94756	9.3832	2.256	0.2382	0.0942	3.63E-02
1	38	c	4/19/2004	3:34	-152.56667	60.00667	24	16	15.85	24.3328	30.4779	83.9169	9.37982	2.2559	0.2321	0.0957	3.63E-02
1	38	c	4/19/2004	3:34	-152.56667	60.00667	24	17	16.84	24.3331	30.4782	83.91478	9.37972	2.2552	0.2346	0.0905	3.63E-02
1	38	c	4/19/2004	3:34	-152.56667	60.00667	24	18	17.831	24.3334	30.4783	83.94948	9.38387	2.2541	0.2323	0.0901	3.63E-02
1	38	c	4/19/2004	3:34	-152.56667	60.00667	24	19	18.822	24.3332	30.4781	83.98069	9.38734	2.2542	0.2321	0.0939	3.63E-02
1	38	c	4/19/2004	3:34	-152.56667	60.00667	24	20	19.812	24.3335	30.4786	83.98407	9.38768	2.2542	0.2327	0.089	3.63E-02
1	38	c	4/19/2004	3:34	-152.56667	60.00667	24	21	20.803	24.3334	30.4784	84.00691	9.39006	2.255	0.2307	0.0863	3.63E-02
1	38	c	4/19/2004	3:34	-152.56667	60.00667	24	22	21.793	24.3333	30.4783	83.96224	9.38524	2.2543	0.2318	0.0882	3.63E-02
1	38	c	4/19/2004	3:34	-152.56667	60.00667	24	23	22.784	24.3338	30.4788	83.98635	9.38823	2.253	0.23	0.0905	3.63E-02
1	38	c	4/19/2004	3:34	-152.56667	60.00667	24	24	23.774	24.3336	30.4785	83.99641	9.38959	2.2521	0.235	0.085	3.63E-02
1	39	c	4/19/2004	3:19	-152.53667	59.99667	32	2	1.981	24.359	30.5109	83.57802	9.3389	2.2599	0.2303	0.1069	3.63E-02
1	39	c	4/19/2004	3:19	-152.53667	59.99667	32	3	2.972	24.3589	30.5108	83.78856	9.36248	2.2597	0.2339	0.0942	3.63E-02
1	39	c	4/19/2004	3:19	-152.53667	59.99667	32	4	3.962	24.359	30.511	83.80171	9.36391	2.2599	0.2275	0.0949	3.63E-02
1	39	c	4/19/2004	3:19	-152.53667	59.99667	32	5	4.953	24.359	30.511	83.84221	9.36845	2.2598	0.229	0.1075	3.63E-02
1	39	c	4/19/2004	3:19	-152.53667	59.99667	32	6	5.944	24.3606	30.5128	83.83678	9.36852	2.2565	0.2287	0.0972	3.63E-02
1	39	c	4/19/2004	3:19	-152.53667	59.99667	32	7	6.935	24.3614	30.5135	83.86968	9.37242	2.2554	0.2299	0.0996	3.63E-02
1	39	c	4/19/2004	3:19	-152.53667	59.99667	32	8	7.925	24.3609	30.513	83.87712	9.37307	2.2563	0.2278	0.1039	3.63E-02
1	39	c	4/19/2004	3:19	-152.53667	59.99667	32	9	8.916	24.3601	30.5121	83.84292	9.36897	2.2577	0.2275	0.1054	3.63E-02
1	39	c	4/19/2004	3:19	-152.53667	59.99667	32	10	9.906	24.3601	30.5122	83.80885	9.36509	2.2579	0.2235	0.1033	3.63E-02
1	39	c	4/19/2004	3:19	-152.53667	59.99667	32	11	10.897	24.3597	30.5118	83.8251	9.36678	2.2586	0.2304	0.1055	3.63E-02
1	39	c	4/19/2004	3:19	-152.53667	59.99667	32	12	11.887	24.3602	30.5122	83.78251	9.36222	2.2576	0.2323	0.1007	3.63E-02
1	39	c	4/19/2004	3:19	-152.53667	59.99667	32	13	12.878	24.3604	30.5125	83.79428	9.36359	2.2573	0.2282	0.1041	3.63E-02
1	39	c	4/19/2004	3:19	-152.53667	59.99667	32	14	13.869	24.3599	30.5119	83.78736	9.36265	2.2582	0.2275	0.0951	3.63E-02
1	39	c	4/19/2004	3:19	-152.53667	59.99667	32	15	14.859	24.3605	30.5126	83.81134	9.36551	2.2573	0.2286	0.0968	3.63E-02
1	39	c	4/19/2004	3:19	-152.53667	59.99667	32	16	15.85	24.3606	30.5127	83.81283	9.36565	2.2573	0.2316	0.0935	3.63E-02
1	39	c	4/19/2004	3:19	-152.53667	59.99667	32	17	16.84	24.3607	30.5128	83.83867	9.3686	2.2571	0.2296	0.1011	3.63E-02
1	39	c	4/19/2004	3:19	-152.53667	59.99667	32	18	17.831	24.3613	30.5135	83.83513	9.36835	2.2562	0.2295	0.1026	3.63E-02
1	39	c	4/19/2004	3:19	-152.53667	59.99667	32	19	18.822	24.3613	30.5135	83.82922	9.36763	2.2565	0.2275	0.0968	3.63E-02
1	39	c	4/19/2004	3:19	-152.53667	59.99667	32	20	19.812	24.3606	30.5127	83.84077	9.36886	2.2569	0.2291	0.1144	3.63E-02
1	39	c	4/19/2004	3:19	-152.53667	59.99667	32	21	20.803	24.3613	30.5135	83.8609	9.37133	2.2558	0.2289	0.1059	3.63E-02
1	39	c	4/19/2004	3:19	-152.53667	59.99667	32	22	21.793	24.3615	30.5137	83.84584	9.3697	2.2556	0.2292	0.1099	3.63E-02
1	39	c	4/19/2004	3:19	-152.53667	59.99667	32	23	22.784	24.3619	30.5141	83.82292	9.3673	2.2548	0.2256	0.1065	3.63E-02
1	39	c	4/19/2004	3:19	-152.53667	59.99667	32	24	23.774	24.3623	30.5145	83.862	9.37164	2.2548	0.23	0.1087	3.63E-02
1	39	c	4/19/2004	3:19	-152.53667	59.99667	32	25	24.765	24.3625	30.5148	83.84956	9.37027	2.2546	0.2311	0.0984	3.63E-02
1	39	c	4/19/2004	3:19	-152.53667	59.99667	32	26	25.755	24.3629	30.5153	83.78296	9.36303	2.2537	0.2292	0.1101	3.63E-02
1	39	c	4/19/2004	3:19	-152.53667	59.99667	32	27	26.746	24.3634	30.5158	83.80041	9.365	2.2534	0.2302	0.1003	3.63E-02
1	39	c	4/19/2004	3:19	-152.53667	59.99667	32	28	27.736	24.3638	30.5162	83.87286	9.37322	2.2528	0.2281	0.1095	3.63E-02
1	39	c	4/19/2004	3:19	-152.53667	59.99667	32	29	28.727	24.3635	30.516	83.85918	9.37172	2.2528	0.2277	0.1044	3.63E-02
1	39	c	4/19/2004	3:19	-152.53667	59.99667	32	30	29.717	24.3636	30.5161	83.84782	9.3704	2.2529	0.2279	0.104	3.63E-02
1	39	c	4/19/2004	3:19	-152.53667	59.99667	32	31	30.708	24.3635	30.5159	83.90121	9.37642	2.2528	0.2313	0.1009	3.63E-02
1	39	c	4/19/2004	3:19	-152.53667	59.99667	32	32	31.698	24.3652	30.518	83.81292	9.3667	2.2516	0.2235	0.0963	3.63E-02
1	40	c	4/19/2004	3:04	-152.51	59.98667	35	2	1.981	24.3937	30.5516	83.63149	9.34986	2.2284	0.2268	0.112	3.63E-02
1	40	c	4/19/2004	3:04	-152.51	59.98667	35	3	2.972	24.3951	30.5534	83.71692	9.3591	2.2293	0.2269	0.0994	3.63E-02
1	40	c	4/19/2004	3:04	-152.51	59.98667	35	4	3.963	24.3951	30.5535	83.72755	9.36027	2.2293	0.2251	0.1019	3.63E-02
1	40	c	4/19/2004	3:04	-152.51	59.98667	35	5	4.953	24.3951	30.5534	83.6793	9.35488	2.2293	0.226	0.1008	3.63E-02
1	40	c	4/19/2004	3:04	-152.51	59.98667	35	6	5.944	24.3949	30.5531	83.71135	9.35852	2.2292	0.2276	0.102	3.63E-02
1	40	c	4/19/2004	3:04	-152.51	59.98667	35	7	6.935	24.3946	30.5528	83.71243	9.35867	2.2292	0.2285	0.1038	3.63E-02
1	40	c	4/19/2004	3:04	-152.51	59.98667	35	8	7.925	24.3941	30.5521	83.74813	9.36277	2.2289	0.2261	0.1098	3.63E-02
1	40	c	4/19/2004	3:04	-152.51	59.98667	35	9	8.916	24.3944	30.5525	83.81649	9.37034	2.2291	0.2218	0.1103	3.63E-02
1	40	c	4/19/2004	3:04	-152.51	59.98667	35	10	9.906	24.3942	30.5523	83.82277	9.37107	2.229	0.2244	0.1079	3.63E-02
1	40	c	4/19/2004	3:04	-152.51	59.98667	35	11	10.897	24.3937	30.5517	83.78055	9.36645	2.2287	0.2274	0.1102	3.63E-02
1	40	c	4/19/2004	3:04	-152.51	59.98667	35	12	11.887	24.3941	30.5522	83.75956	9.36404	2.2289	0.2234	0.1105	3.63E-02
1	40	c	4/19/2004	3:04	-152.51	59.98667	35	13	12.878	24.3944	30.5524	83.80746	9.36935	2.229	0.225	0.1128	3.63E-02
1	40	c	4/19/2004	3:04	-152.51	59.98667	35	14	13.869	24.3943	30.5524	83.7961	9.36808	2.229	0.2249	0.1128	3.63E-02
1	40	c	4/19/2004	3:04	-152.51	59.98667	35	15	14.859	24.3942	30.5523	83.74456	9.36228	2.2292	0.227	0.1095	3.63E-02
1	40	c	4/19/2004	3:04	-152.51	59.98667	35	16	15.85	24.3942	30.5523	83.80304	9.3688	2.2293	0.223	0.117	3.63E-02
1	40	c	4/19/2004	3:04	-152.51	59.98667	35	17	16.84	24.3955	30.554	83.82586	9.37113	2.2297	0.2246	0.1084	3.63E-02
1	40	c	4/19/2004	3:04	-152.51	59.98667	35	18	17.831	24.3978	30.5569	83.83291	9.37141	2.2311	0.2299	0.114	3.63E-02
1	40	c	4/19/2004	3:04	-152.51	59.98667	35	19	18.821	24.398	30.5572	83.84834	9.37302	2.2315	0.2272	0.1108	3.63E-02
1	40	c	4/19/2004	3:04	-152.51	59.98667	35	20	19.812	24.3966	30.5555	83.82312	9.37048	2.2308	0.2253	0.111	3.63E-02
1	40	c	4/19/2004	3:04	-152.51	59.98667	35	21	20.803	24.3966	30.5554	83.83628	9.37199	2.2306	0.2226	0.114	3.63E-02
1	40	c	4/19/2004	3:04	-152.51	59.98667	35	22	21.793	24.3963	30.555	83.82229	9.37048	2.2305	0.2269	0.1099	3.63E-02
1	40	c	4/19/2004	3:04	-152.51	59.98667	35	23	22.784	24.3976	30.5567	83.86407	9.37492	2.2311	0.224	0.1177	3.63E-02
1	40	c	4/19/2004	3:04	-152.51	59.98667	35	24	23.774	24.3986	30.5579	83.86758	9.37503	2.2319	0.2267	0.1116	3.63E-02
1	40	c	4/19/2004	3:04	-152.51	59.98667	35	25	24.765	24.3994	30.559	83.85937	9.3739	2.2325	0.2272	0.112	3.63E-02
1	40	c	4/19/2004	3:04	-152.51	59.98667	35	26	25.755	24.4004	30.5602	83.85417	9.37312	2.233	0.2279	0.1121	3.63E-02
1	40	c	4/19/2004	3:04	-152.51	59.98667	35	27	26.746	24.4001	30.5599	83.8248	9.36993	2.2327	0.2275	0.1138	3.63E-02
1	40	c	4/19/2004	3:04	-152.51	59.98667	35	28	27.736	24.3993	30.5589	83.83267	9.37093	2.2325	0.2267	0.1066	3.63E-02
1	40	c	4/19/2004	3:04	-152.51	59.98667	35	29	28.727	24.3984	30.5577	83.77384	9.36456	2.2319	0.2231	0.1143	3.63E-02
1	40	c	4/19/2004	3:04	-152.51	59.98667	35	30	29.718	24.3982	30.5575	83.71635	9.3582	2.2317	0.224	0.1102	3.63E-02
1	40	c	4/19/2004	3:04	-152.51	59.98667	35	31	30.708	24.4006	30.5606	83.78166	9.36494	2.2332	0.2344	0.1162	3.63E-02
1	40	c	4/19/2004	3:04	-152.51	59.98667	35	32	31.698	24.4013	30.5615	83.80937	9.36784	2.2338	0.227	0.1035	3.63E-02
1	40	c	4/19/2004	3:04	-152.51	59.98667	35	33	32.689	24.4016	30.5618	83.81813	9.36877	2.2339	0.2252	0.1045	3.63E-02
1	40	c	4/19/2004	3:04	-152.51	59.98667	35	34	33.679	24.4028	30.5635	83.84981	9.37201	2.2347	0.2273	0.1073	3.63E-02
1	40	c	4/19/2004	3:04	-152.51	59.98667	35	35	34.67	24.4035	30.5644	83.84331	9.37105	2.2355	0.2259	0.1036	3.63E-02
1	41	c	4/19/2004	2:49	-152.48167	59.98733	33	2	1.981	24.4732	30.6675	83.75774	9.31308	2.411	0.2228	0.2155	3.63E-02
1	41	c	4/19/2004	2:49	-152.48167	59.98733	33	3	2.972	24.4737	30.6679	84.13225	9.35487	2.4103	0.2208	0.2072	3.63E-02
1	41	c	4/19/2004	2:49	-152.48167	59.98733	33	4	3.963	24.4745	30.6689	84.08574	9.34985	2.4094	0.2249	0.2068	3.63E-02
1	41	c	4/19/2004	2:49	-152.48167	59.98733	33	5	4.953	24.4752	30.6697	84.06924	9.34806	2.409	0.2215	0.2253	3.63E-02
1	41	c	4/19/2004	2:49	-152.48167	59.98733	33	6	5.944	24.4747	30.6691	84.04158	9.34494	2.4093	0.2241	0.2303	3.63E-02
1	41	c	4/19/2004	2:49	-152.48167	59.98733	33	7	6.934	24.4748	30.6692	84.07622	9.3488	2.4092	0.2244	0.2133	3.63E-02
1	41	c	4/19/2004	2:49	-152.48167	59.98733	33	8	7.925	24.4751	30.6696	84.09998	9.35148	2.409	0.2236	0.2207	3.63E-02
1	41	c	4/19/2004	2:49	-152.48167	59.98733	33	9	8.916	24.4742	30.6686	84.06028	9.34692	2.4099	0.2234	0.2093	3.63E-02
1	41	c	4/19/2004	2:49	-152.48167	59.98733	33	10	9.906	24.4744	30.6688	84.03868	9.34447	2.41	0.2231	0.2101	3.63E-02
1	41	c	4/19/2004	2:49	-152.48167	59.98733	33	11	10.897	24.4747	30.6692	84.0766	9.34859	2.4103	0.2229	0.2069	3.63E-02
1	41	c	4/19/2004	2:49	-152.48167	59.98733	33	12	11.887	24.4741	30.6685	84.10277	9.35148	2.4106	0.2213	0.2229	3.63E-02
1	41	c	4/19/2004	2:49	-152.48167	59.98733	33	13	12.878	24.4742	30.6686	84.08156	9.34908	2.4107	0.2193	0.2206	3.63E-02
1	41	c	4/19/2004	2:49	-152.48167	59.98733	33	14	13.869	24.4733	30.6674	84.13264	9.35485	2.4107	0.2217	0.2185	3.63E-02
1	41	c	4/19/2004	2:49	-152.48167	59.98733	33	15	14.859	24.474	30.6683	84.1088	9.35207	2.4109	0.2233	0.2187	3.63E-02
1	41	c	4/19/2004	2:49	-152.48167	59.98733	33	16	15.85	24.4742	30.6686	84.16477	9.35821	2.4113	0.2209	0.2193	3.63E-02
1	41	c	4/19/2004	2:49	-152.48167	59.98733	33	17	16.84	24.4741	30.6685	84.17602	9.35942	2.4114	0.2197	0.2214	3.63E-02
1	41	c	4/19/2004	2:49	-152.48167	59.98733	33	18	17.831	24.4742	30.6686	84.13816	9.35522	2.4114	0.225	0.2146	3.63E-02
1	41	c	4/19/2004	2:49	-152.48167	59.98733	33	19	18.821	24.4739	30.6682	84.09861	9.35081	2.4115	0.222	0.2235	3.63E-02
1	41	c	4/19/2004	2:49	-152.48167	59.98733	33	20	19.812	24.4739	30.6683	84.0352	9.34375	2.4116	0.2223	0.2109	3.63E-02
1	41	c	4/19/2004	2:49	-152.48167	59.98733	33	21	20.803	24.4739	30.6683	84.02485	9.34258	2.4116	0.2233	0.2295	3.63E-02
1	41	c	4/19/2004	2:49	-152.48167	59.98733	33	22	21.793	24.4741	30.6685	84.03653	9.34392	2.4114	0.2194	0.2113	3.63E-02
1	41	c	4/19/2004	2:49	-152.48167	59.98733	33	23	22.784	24.4728	30.6668	84.07537	9.34842	2.4111	0.2248	0.2174	3.63E-02
1	41	c	4/19/2004	2:49	-152.48167	59.98733	33	24	23.774	24.4728	30.6669	84.07056	9.34786	2.4112	0.2197	0.212	3.63E-02
1	41	c	4/19/2004	2:49	-152.48167	59.98733	33	25	24.764	24.4724	30.6663	84.07975	9.34894	2.4111	0.2234	0.2116	3.63E-02
1	41	c	4/19/2004	2:49	-152.48167	59.98733	33	26	25.755	24.4722	30.6661	84.11582	9.35299	2.411	0.226	0.2051	3.63E-02
1	41	c	4/19/2004	2:49	-152.48167	59.98733	33	27	26.746	24.4714	30.665	84.10162	9.35154	2.4107	0.2207	0.209	3.63E-02
1	41	c	4/19/2004	2:49	-152.48167	59.98733	33	28	27.736	24.4717	30.6653	84.14234	9.35604	2.4108	0.2268	0.1916	3.63E-02
1	41	c	4/19/2004	2:49	-152.48167	59.98733	33	29	28.727	24.4716	30.6652	84.18453	9.36071	2.4109	0.2248	0.204	3.63E-02
1	41	c	4/19/2004	2:49	-152.48167	59.98733	33	30	29.717	24.471	30.6645	84.16848	9.35904	2.4106	0.2236	0.1948	3.63E-02
1	41	c	4/19/2004	2:49	-152.48167	59.98733	33	31	30.708	24.4705	30.6637	84.20077	9.36278	2.4101	0.2212	0.1872	3.63E-02
1	41	c	4/19/2004	2:49	-152.48167	59.98733	33	32	31.698	24.4704	30.6637	84.19415	9.36205	2.4101	0.2217	0.1806	3.63E-02
1	41	c	4/19/2004	2:49	-152.48167	59.98733	33	33	32.689	24.4707	30.6641	83.97614	9.33767	2.4106	0.2222	0.1888	3.63E-02
1	42	c	4/19/2004	2:20	-152.42167	59.95667	27	2	1.981	24.4149	30.5812	83.41152	9.31512	2.2632	0.256	0.0873	3.63E-02
1	42	c	4/19/2004	2:20	-152.42167	59.95667	27	3	2.972	24.4145	30.5805	83.85372	9.3653	2.26	0.2549	0.0796	3.63E-02
1	42	c	4/19/2004	2:20	-152.42167	59.95667	27	4	3.963	24.4146	30.5806	83.82442	9.36195	2.2603	0.2549	0.0822	3.63E-02
1	42	c	4/19/2004	2:20	-152.42167	59.95667	27	5	4.953	24.4141	30.5799	83.84198	9.36394	2.2604	0.2531	0.0815	3.63E-02
1	42	c	4/19/2004	2:20	-152.42167	59.95667	27	6	5.944	24.4139	30.5797	83.85264	9.36515	2.2604	0.2519	0.0828	3.63E-02
1	42	c	4/19/2004	2:20	-152.42167	59.95667	27	7	6.935	24.4136	30.5793	83.80833	9.36019	2.2605	0.2487	0.0858	3.63E-02
1	42	c	4/19/2004	2:20	-152.42167	59.95667	27	8	7.925	24.4135	30.5792	83.82002	9.3615	2.2605	0.249	0.0885	3.63E-02
1	42	c	4/19/2004	2:20	-152.42167	59.95667	27	9	8.916	24.4139	30.5797	83.83301	9.36292	2.2605	0.2543	0.0874	3.63E-02
1	42	c	4/19/2004	2:20	-152.42167	59.95667	27	10	9.906	24.4133	30.5789	83.86009	9.36597	2.2606	0.2487	0.0936	3.63E-02
1	42	c	4/19/2004	2:20	-152.42167	59.95667	27	11	10.897	24.4141	30.5799	83.87175	9.36722	2.2606	0.2506	0.0853	3.63E-02
1	42	c	4/19/2004	2:20	-152.42167	59.95667	27	12	11.887	24.4139	30.5797	83.87709	9.36781	2.2606	0.2462	0.0917	3.63E-02
1	42	c	4/19/2004	2:20	-152.42167	59.95667	27	13	12.878	24.4136	30.5793	83.85396	9.36524	2.2607	0.2401	0.0831	3.63E-02
1	42	c	4/19/2004	2:20	-152.42167	59.95667	27	14	13.869	24.414	30.5799	83.8364	9.36322	2.2608	0.2426	0.0927	3.63E-02
1	42	c	4/19/2004	2:20	-152.42167	59.95667	27	15	14.859	24.4135	30.5793	83.90949	9.37139	2.2609	0.244	0.0809	3.63E-02
1	42	c	4/19/2004	2:20	-152.42167	59.95667	27	16	15.85	24.4142	30.5801	83.95956	9.37693	2.2609	0.2376	0.0931	3.63E-02
1	42	c	4/19/2004	2:20	-152.42167	59.95667	27	17	16.84	24.4147	30.5807	83.91682	9.37215	2.2608	0.2358	0.0788	3.63E-02
1	42	c	4/19/2004	2:20	-152.42167	59.95667	27	18	17.831	24.4159	30.5821	83.93366	9.37397	2.2607	0.2392	0.0891	3.63E-02
1	42	c	4/19/2004	2:20	-152.42167	59.95667	27	19	18.822	24.4159	30.5822	83.92635	9.37316	2.2607	0.2381	0.0769	3.63E-02
1	42	c	4/19/2004	2:20	-152.42167	59.95667	27	20	19.812	24.4156	30.5818	83.93021	9.37358	2.2608	0.2401	0.0821	3.63E-02
1	42	c	4/19/2004	2:20	-152.42167	59.95667	27	21	20.803	24.4163	30.5827	83.90536	9.37075	2.2608	0.2423	0.0799	3.63E-02
1	42	c	4/19/2004	2:20	-152.42167	59.95667	27	22	21.793	24.4161	30.5825	83.87277	9.367	2.2613	0.2348	0.0812	3.63E-02
1	42	c	4/19/2004	2:20	-152.42167	59.95667	27	23	22.784	24.4161	30.5824	83.83934	9.36328	2.2613	0.2358	0.0784	3.63E-02
1	42	c	4/19/2004	2:20	-152.42167	59.95667	27	24	23.774	24.416	30.5823	83.82759	9.36197	2.2613	0.2329	0.0828	3.63E-02
1	42	c	4/19/2004	2:20	-152.42167	59.95667	27	25	24.765	24.4157	30.582	83.83673	9.36298	2.2614	0.2363	0.0799	3.63E-02
1	42	c	4/19/2004	2:20	-152.42167	59.95667	27	26	25.755	24.4156	30.5818	83.89752	9.36976	2.2615	0.2382	0.0816	3.63E-02
1	42	c	4/19/2004	2:20	-152.42167	59.95667	27	27	26.746	24.4156	30.5819	83.86248	9.36583	2.2615	0.2357	0.0776	3.63E-02
1	43	c	4/19/2004	1:54	-152.36833	59.93833	52	2	1.981	24.4387	30.6053	81.81121	9.15017	2.1988	0.2159	0.2296	3.63E-02
1	43	c	4/19/2004	1:54	-152.36833	59.93833	52	3	2.972	24.4351	30.6004	83.92409	9.38774	2.1941	0.2105	0.2179	3.63E-02
1	43	c	4/19/2004	1:54	-152.36833	59.93833	52	4	3.963	24.4355	30.6008	83.81374	9.37547	2.1938	0.2058	0.2359	3.63E-02
1	43	c	4/19/2004	1:54	-152.36833	59.93833	52	5	4.953	24.4356	30.6013	83.84106	9.37782	2.1966	0.2096	0.2363	3.63E-02
1	43	c	4/19/2004	1:54	-152.36833	59.93833	52	6	5.944	24.4357	30.6016	83.86106	9.37925	2.1999	0.2128	0.2298	3.63E-02
1	43	c	4/19/2004	1:54	-152.36833	59.93833	52	7	6.935	24.4358	30.6016	83.86896	9.3804	2.1987	0.2126	0.1898	3.63E-02
1	43	c	4/19/2004	1:54	-152.36833	59.93833	52	8	7.925	24.4354	30.6011	83.85097	9.37855	2.1982	0.2118	0.2275	3.63E-02
1	43	c	4/19/2004	1:54	-152.36833	59.93833	52	9	8.916	24.4352	30.6008	83.8191	9.37514	2.1977	0.2157	0.2041	3.63E-02
1	43	c	4/19/2004	1:54	-152.36833	59.93833	52	10	9.906	24.4353	30.6009	83.84423	9.37795	2.1976	0.2139	0.212	3.63E-02
1	43	c	4/19/2004	1:54	-152.36833	59.93833	52	11	10.897	24.4349	30.6006	83.86427	9.3801	2.1981	0.2102	0.2205	3.63E-02
1	43	c	4/19/2004	1:54	-152.36833	59.93833	52	12	11.888	24.4353	30.601	83.8592	9.3794	2.1986	0.2092	0.2456	3.63E-02
1	43	c	4/19/2004	1:54	-152.36833	59.93833	52	13	12.878	24.4356	30.6013	83.84222	9.37768	2.1977	0.2107	0.262	3.63E-02
1	43	c	4/19/2004	1:54	-152.36833	59.93833	52	14	13.869	24.4356	30.6013	83.86527	9.38029	2.1976	0.2094	0.2582	3.63E-02
1	43	c	4/19/2004	1:54	-152.36833	59.93833	52	15	14.859	24.4355	30.6011	83.89033	9.38312	2.1975	0.2155	0.2309	3.63E-02
1	43	c	4/19/2004	1:54	-152.36833	59.93833	52	16	15.85	24.4348	30.6003	83.87349	9.38129	2.1975	0.2148	0.1855	3.63E-02
1	43	c	4/19/2004	1:54	-152.36833	59.93833	52	17	16.84	24.4352	30.6007	83.83683	9.37718	2.1974	0.2154	0.1916	3.63E-02
1	43	c	4/19/2004	1:54	-152.36833	59.93833	52	18	17.831	24.4349	30.6004	83.83407	9.37694	2.1972	0.2169	0.1689	3.63E-02
1	43	c	4/19/2004	1:54	-152.36833	59.93833	52	19	18.821	24.4349	30.6004	83.84858	9.3786	2.1971	0.2265	0.135	3.63E-02
1	43	c	4/19/2004	1:54	-152.36833	59.93833	52	20	19.812	24.4349	30.6004	83.86469	9.38034	2.1973	0.2191	0.1503	3.63E-02
1	43	c	4/19/2004	1:54	-152.36833	59.93833	52	21	20.803	24.4347	30.6001	83.8556	9.37936	2.1973	0.2243	0.1196	3.63E-02
1	43	c	4/19/2004	1:54	-152.36833	59.93833	52	22	21.793	24.4354	30.601	83.80202	9.37316	2.1979	0.2252	0.1386	3.63E-02
1	43	c	4/19/2004	1:54	-152.36833	59.93833	52	23	22.784	24.436	30.6018	83.79531	9.37224	2.1984	0.2248	0.1216	3.63E-02
1	43	c	4/19/2004	1:54	-152.36833	59.93833	52	24	23.774	24.4363	30.6023	83.85692	9.37901	2.1988	0.2315	0.0977	3.63E-02
1	43	c	4/19/2004	1:54	-152.36833	59.93833	52	25	24.765	24.4366	30.6026	83.80764	9.37344	2.1989	0.225	0.1043	3.63E-02
1	43	c	4/19/2004	1:54	-152.36833	59.93833	52	26	25.755	24.4362	30.6021	83.82859	9.37585	2.1988	0.2227	0.1019	3.63E-02
1	43	c	4/19/2004	1:54	-152.36833	59.93833	52	27	26.746	24.436	30.6018	83.84411	9.37761	2.1988	0.2229	0.1128	3.63E-02
1	43	c	4/19/2004	1:54	-152.36833	59.93833	52	28	27.736	24.4362	30.6021	83.84166	9.3773	2.1988	0.2228	0.1137	3.63E-02
1	43	c	4/19/2004	1:54	-152.36833	59.93833	52	29	28.727	24.4359	30.6017	83.82694	9.37571	2.1987	0.223	0.1105	3.63E-02
1	43	c	4/19/2004	1:54	-152.36833	59.93833	52	30	29.717	24.4358	30.6015	83.87377	9.38099	2.1986	0.2259	0.127	3.63E-02
1	43	c	4/19/2004	1:54	-152.36833	59.93833	52	31	30.708	24.4361	30.6019	83.86659	9.38011	2.1988	0.2229	0.1155	3.63E-02
1	43	c	4/19/2004	1:54	-152.36833	59.93833	52	32	31.698	24.436	30.6018	83.89437	9.38322	2.1988	0.2239	0.1092	3.63E-02
1	43	c	4/19/2004	1:54	-152.36833	59.93833	52	33	32.689	24.4359	30.6017	83.87196	9.38071	2.1988	0.2204	0.1201	3.63E-02
1	43	c	4/19/2004	1:54	-152.36833	59.93833	52	34	33.679	24.4365	30.6025	83.84722	9.37783	2.1991	0.2265	0.103	3.63E-02
1	43	c	4/19/2004	1:54	-152.36833	59.93833	52	35	34.67	24.4364	30.6023	83.82667	9.37553	2.1992	0.2253	0.1092	3.63E-02
1	43	c	4/19/2004	1:54	-152.36833	59.93833	52	36	35.66	24.4365	30.6025	83.80714	9.37328	2.1994	0.2217	0.1205	3.63E-02
1	43	c	4/19/2004	1:54	-152.36833	59.93833	52	37	36.651	24.4365	30.6025	83.80649	9.3732	2.1994	0.2251	0.1117	3.63E-02
1	43	c	4/19/2004	1:54	-152.36833	59.93833	52	38	37.641	24.4365	30.6025	83.79722	9.37214	2.1995	0.2286	0.1046	3.63E-02
1	43	c	4/19/2004	1:54	-152.36833	59.93833	52	39	38.632	24.4364	30.6023	83.78702	9.37105	2.1994	0.2369	0.1034	3.63E-02
1	43	c	4/19/2004	1:54	-152.36833	59.93833	52	40	39.622	24.4362	30.6021	83.76451	9.36859	2.1991	0.238	0.1129	3.63E-02
1	43	c	4/19/2004	1:54	-152.36833	59.93833	52	41	40.613	24.4363	30.6022	83.76183	9.36825	2.1993	0.2366	0.1049	3.63E-02
1	43	c	4/19/2004	1:54	-152.36833	59.93833	52	42	41.603	24.4364	30.6023	83.80722	9.37329	2.1994	0.2376	0.0964	3.63E-02
1	43	c	4/19/2004	1:54	-152.36833	59.93833	52	43	42.594	24.4366	30.6026	83.81052	9.3736	2.1996	0.2352	0.1022	3.63E-02
1	43	c	4/19/2004	1:54	-152.36833	59.93833	52	44	43.584	24.4362	30.602	83.83316	9.37625	2.1992	0.2328	0.0956	3.63E-02
1	43	c	4/19/2004	1:54	-152.36833	59.93833	52	45	44.574	24.4369	30.603	83.86315	9.3794	2.1998	0.2359	0.1004	3.63E-02
1	43	c	4/19/2004	1:54	-152.36833	59.93833	52	46	45.565	24.4371	30.6033	83.79865	9.3721	2.2001	0.2357	0.0876	3.63E-02
1	43	c	4/19/2004	1:54	-152.36833	59.93833	52	47	46.555	24.4371	30.6033	83.81983	9.37447	2.2001	0.2276	0.0892	3.63E-02
1	43	c	4/19/2004	1:54	-152.36833	59.93833	52	48	47.546	24.437	30.6031	83.86394	9.37943	2.2001	0.2331	0.0908	3.63E-02
1	43	c	4/19/2004	1:54	-152.36833	59.93833	52	49	48.536	24.4372	30.6034	83.83805	9.37645	2.2003	0.2278	0.0845	3.63E-02
1	43	c	4/19/2004	1:54	-152.36833	59.93833	52	50	49.527	24.4373	30.6035	83.78723	9.37071	2.2006	0.2329	0.0937	3.63E-02
1	43	c	4/19/2004	1:54	-152.36833	59.93833	52	51	50.517	24.4373	30.6036	83.8291	9.37535	2.2007	0.2303	0.0917	3.63E-02
1	43	c	4/19/2004	1:54	-152.36833	59.93833	52	52	51.508	24.4373	30.6035	83.85258	9.37794	2.2009	0.223	0.0811	3.63E-02
1	44	c	4/19/2004	1:21	-152.30833	59.91833	112	2	1.981	24.4465	30.6187	82.9087	9.2619	2.2411	0.2091	0.2016	3.63E-02
1	44	c	4/19/2004	1:21	-152.30833	59.91833	112	3	2.972	24.4443	30.6157	84.07897	9.39382	2.2368	0.2155	0.1841	3.63E-02
1	44	c	4/19/2004	1:21	-152.30833	59.91833	112	4	3.962	24.4444	30.6157	84.04523	9.38998	2.2371	0.206	0.175	3.63E-02
1	44	c	4/19/2004	1:21	-152.30833	59.91833	112	5	4.953	24.445	30.6164	84.03256	9.38866	2.2365	0.2072	0.1888	3.63E-02
1	44	c	4/19/2004	1:21	-152.30833	59.91833	112	6	5.944	24.4483	30.6208	84.01364	9.38591	2.2381	0.2152	0.1877	3.63E-02
1	44	c	4/19/2004	1:21	-152.30833	59.91833	112	7	6.934	24.451	30.6243	84.0366	9.38771	2.2403	0.2131	0.1522	3.63E-02
1	44	c	4/19/2004	1:21	-152.30833	59.91833	112	8	7.925	24.4531	30.6271	84.03069	9.38668	2.2411	0.2153	0.1483	3.63E-02
1	44	c	4/19/2004	1:21	-152.30833	59.91833	112	9	8.916	24.4552	30.6297	84.00765	9.3838	2.2417	0.2135	0.1426	3.63E-02
1	44	c	4/19/2004	1:21	-152.30833	59.91833	112	10	9.906	24.4556	30.6303	83.97723	9.38029	2.242	0.2165	0.1618	3.63E-02
1	44	c	4/19/2004	1:21	-152.30833	59.91833	112	11	10.897	24.457	30.632	84.0024	9.38285	2.2426	0.214	0.1652	3.63E-02
1	44	c	4/19/2004	1:21	-152.30833	59.91833	112	12	11.888	24.4587	30.6342	83.99711	9.38181	2.2439	0.2127	0.1696	3.63E-02
1	44	c	4/19/2004	1:21	-152.30833	59.91833	112	13	12.878	24.4614	30.6379	84.01066	9.38242	2.2467	0.2123	0.142	3.63E-02
1	44	c	4/19/2004	1:21	-152.30833	59.91833	112	14	13.869	24.4642	30.6415	83.993	9.37984	2.2483	0.2143	0.1327	3.63E-02
1	44	c	4/19/2004	1:21	-152.30833	59.91833	112	15	14.859	24.4645	30.6419	83.94985	9.37486	2.2488	0.2115	0.135	3.63E-02
1	44	c	4/19/2004	1:21	-152.30833	59.91833	112	16	15.85	24.4666	30.6446	83.93908	9.37321	2.25	0.2119	0.1313	3.63E-02
1	44	c	4/19/2004	1:21	-152.30833	59.91833	112	17	16.84	24.4704	30.6495	83.94839	9.37339	2.2523	0.2117	0.1664	3.63E-02
1	44	c	4/19/2004	1:21	-152.30833	59.91833	112	18	17.831	24.4762	30.6571	83.92432	9.36935	2.2559	0.2101	0.1868	3.63E-02
1	44	c	4/19/2004	1:21	-152.30833	59.91833	112	19	18.821	24.4866	30.6707	83.9355	9.36847	2.2612	0.221	0.1857	3.63E-02
1	44	c	4/19/2004	1:21	-152.30833	59.91833	112	20	19.812	24.4917	30.6774	83.87396	9.36018	2.2654	0.2137	0.1856	3.63E-02
1	44	c	4/19/2004	1:21	-152.30833	59.91833	112	21	20.803	24.4938	30.6801	83.91017	9.36372	2.2668	0.2111	0.1995	3.63E-02
1	44	c	4/19/2004	1:21	-152.30833	59.91833	112	22	21.793	24.4962	30.6833	83.91375	9.36338	2.269	0.2163	0.2086	3.63E-02
1	44	c	4/19/2004	1:21	-152.30833	59.91833	112	23	22.784	24.4979	30.6856	83.91591	9.36306	2.2707	0.2164	0.2061	3.63E-02
1	44	c	4/19/2004	1:21	-152.30833	59.91833	112	24	23.774	24.4986	30.6866	83.8656	9.35718	2.2716	0.2116	0.1395	3.63E-02
1	44	c	4/19/2004	1:21	-152.30833	59.91833	112	25	24.765	24.5	30.6884	83.88437	9.35878	2.2732	0.219	0.169	3.63E-02
1	44	c	4/19/2004	1:21	-152.30833	59.91833	112	26	25.755	24.5001	30.6885	83.88757	9.35911	2.2733	0.2164	0.1446	3.63E-02
1	44	c	4/19/2004	1:21	-152.30833	59.91833	112	27	26.746	24.5007	30.6893	83.92254	9.36287	2.2736	0.2181	0.2054	3.63E-02
1	44	c	4/19/2004	1:21	-152.30833	59.91833	112	28	27.736	24.5029	30.6922	83.94503	9.36519	2.2737	0.2173	0.1794	3.63E-02
1	44	c	4/19/2004	1:21	-152.30833	59.91833	112	29	28.727	24.5031	30.6923	83.96333	9.36729	2.2734	0.2168	0.1658	3.63E-02
1	44	c	4/19/2004	1:21	-152.30833	59.91833	112	30	29.717	24.5048	30.6945	83.962	9.36674	2.2745	0.2206	0.1848	3.63E-02
1	44	c	4/19/2004	1:21	-152.30833	59.91833	112	31	30.708	24.5064	30.6967	83.96281	9.36626	2.2763	0.2269	0.1619	3.63E-02
1	44	c	4/19/2004	1:21	-152.30833	59.91833	112	32	31.698	24.5086	30.6996	83.95407	9.36477	2.2777	0.2257	0.1251	3.63E-02
1	44	c	4/19/2004	1:21	-152.30833	59.91833	112	33	32.689	24.5081	30.6989	83.93152	9.36232	2.2776	0.2215	0.0994	3.63E-02
1	44	c	4/19/2004	1:21	-152.30833	59.91833	112	34	33.679	24.5084	30.6994	83.86628	9.35493	2.2779	0.2247	0.1603	3.63E-02
1	44	c	4/19/2004	1:21	-152.30833	59.91833	112	35	34.67	24.5119	30.7036	83.85514	9.35361	2.2772	0.2281	0.1211	3.63E-02
1	44	c	4/19/2004	1:21	-152.30833	59.91833	112	36	35.66	24.5128	30.7047	83.8999	9.35848	2.2774	0.2277	0.0967	3.63E-02
1	44	c	4/19/2004	1:21	-152.30833	59.91833	112	37	36.651	24.5126	30.7046	83.91202	9.35969	2.278	0.2248	0.1092	3.63E-02
1	44	c	4/19/2004	1:21	-152.30833	59.91833	112	38	37.641	24.5122	30.704	83.91451	9.35998	2.2781	0.2224	0.0792	3.63E-02
1	44	c	4/19/2004	1:21	-152.30833	59.91833	112	39	38.632	24.5129	30.705	83.90898	9.35923	2.2784	0.2267	0.1152	3.63E-02
1	44	c	4/19/2004	1:21	-152.30833	59.91833	112	40	39.622	24.5128	30.7048	83.91084	9.35943	2.2785	0.2249	0.1155	3.63E-02
1	44	c	4/19/2004	1:21	-152.30833	59.91833	112	41	40.612	24.5129	30.705	83.91016	9.35932	2.2786	0.2329	0.1044	3.63E-02
1	44	c	4/19/2004	1:21	-152.30833	59.91833	112	42	41.603	24.5134	30.7054	83.85731	9.35384	2.2768	0.2291	0.1138	3.63E-02
1	44	c	4/19/2004	1:21	-152.30833	59.91833	112	43	42.594	24.5134	30.7054	83.79682	9.3472	2.2763	0.2298	0.0856	3.63E-02
1	44	c	4/19/2004	1:21	-152.30833	59.91833	112	44	43.584	24.513	30.7049	83.84314	9.35244	2.2761	0.2238	0.1175	3.63E-02
1	44	c	4/19/2004	1:21	-152.30833	59.91833	112	45	44.574	24.5163	30.7089	83.81177	9.34888	2.2753	0.2299	0.1045	3.63E-02
1	44	c	4/19/2004	1:21	-152.30833	59.91833	112	46	45.565	24.5168	30.7095	83.86465	9.35482	2.275	0.2282	0.0909	3.63E-02
1	44	c	4/19/2004	1:21	-152.30833	59.91833	112	47	46.555	24.5165	30.7092	83.85932	9.35438	2.2744	0.2313	0.1119	3.63E-02
1	44	c	4/19/2004	1:21	-152.30833	59.91833	112	48	47.546	24.5202	30.7138	83.82501	9.35003	2.2754	0.2328	0.1172	3.63E-02
1	44	c	4/19/2004	1:21	-152.30833	59.91833	112	49	48.536	24.5203	30.7139	83.84609	9.3526	2.2745	0.2397	0.1068	3.63E-02
1	44	c	4/19/2004	1:21	-152.30833	59.91833	112	50	49.527	24.5208	30.7145	83.80978	9.34848	2.2746	0.2348	0.1032	3.63E-02
1	44	c	4/19/2004	1:21	-152.30833	59.91833	112	51	50.517	24.5206	30.7143	83.78287	9.34528	2.2755	0.2324	0.0862	3.63E-02
1	44	c	4/19/2004	1:21	-152.30833	59.91833	112	52	51.507	24.5198	30.7133	83.78351	9.3456	2.2747	0.2349	0.1166	3.63E-02
1	44	c	4/19/2004	1:21	-152.30833	59.91833	112	53	52.498	24.518	30.711	83.74895	9.34175	2.2753	0.2299	0.0973	3.63E-02
1	44	c	4/19/2004	1:21	-152.30833	59.91833	112	54	53.488	24.5184	30.7115	83.7467	9.34143	2.2754	0.2325	0.1132	3.63E-02
1	44	c	4/19/2004	1:21	-152.30833	59.91833	112	55	54.478	24.5199	30.7133	83.85652	9.35365	2.2751	0.2313	0.1083	3.63E-02
1	44	c	4/19/2004	1:21	-152.30833	59.91833	112	56	55.469	24.5191	30.7122	83.82934	9.35127	2.2727	0.234	0.1024	3.63E-02
1	44	c	4/19/2004	1:21	-152.30833	59.91833	112	57	56.459	24.5176	30.71	83.81633	9.35037	2.2709	0.2358	0.0777	3.63E-02
1	44	c	4/19/2004	1:21	-152.30833	59.91833	112	58	57.45	24.5176	30.71	83.83006	9.35227	2.2694	0.2374	0.085	3.63E-02
1	44	c	4/19/2004	1:21	-152.30833	59.91833	112	59	58.44	24.5185	30.7111	83.81011	9.34993	2.2696	0.2398	0.0932	3.63E-02
1	44	c	4/19/2004	1:21	-152.30833	59.91833	112	60	59.43	24.5163	30.7081	83.85607	9.35583	2.2672	0.236	0.0714	3.63E-02
1	44	c	4/19/2004	1:21	-152.30833	59.91833	112	61	60.421	24.5153	30.7067	83.8729	9.35846	2.2644	0.2418	0.0848	3.63E-02
1	44	c	4/19/2004	1:21	-152.30833	59.91833	112	62	61.411	24.5154	30.7067	83.82119	9.35268	2.2644	0.2408	0.0805	3.63E-02
1	44	c	4/19/2004	1:21	-152.30833	59.91833	112	63	62.401	24.5159	30.7075	83.80185	9.35032	2.2651	0.2364	0.0694	3.63E-02
1	44	c	4/19/2004	1:21	-152.30833	59.91833	112	64	63.392	24.5157	30.7071	83.84219	9.35488	2.2649	0.2387	0.0963	3.63E-02
1	44	c	4/19/2004	1:21	-152.30833	59.91833	112	65	64.382	24.5154	30.7067	83.8877	9.36015	2.2642	0.2381	0.0864	3.63E-02
1	44	c	4/19/2004	1:21	-152.30833	59.91833	112	66	65.373	24.5134	30.704	83.91261	9.36374	2.2616	0.2405	0.0746	3.63E-02
1	44	c	4/19/2004	1:21	-152.30833	59.91833	112	67	66.363	24.5142	30.7051	83.85033	9.35653	2.2624	0.2403	0.087	3.63E-02
1	44	c	4/19/2004	1:21	-152.30833	59.91833	112	68	67.353	24.5133	30.704	83.86731	9.35845	2.2625	0.2408	0.0791	3.63E-02
1	44	c	4/19/2004	1:21	-152.30833	59.91833	112	69	68.343	24.5133	30.704	83.85647	9.35727	2.2624	0.2386	0.0801	3.63E-02
1	44	c	4/19/2004	1:21	-152.30833	59.91833	112	70	69.334	24.5121	30.7022	83.81648	9.35346	2.2602	0.2415	0.0711	3.63E-02
1	44	c	4/19/2004	1:21	-152.30833	59.91833	112	71	70.324	24.5134	30.704	83.82827	9.35408	2.2626	0.2428	0.075	3.63E-02
1	44	c	4/19/2004	1:21	-152.30833	59.91833	112	72	71.315	24.5135	30.7042	83.80496	9.35148	2.2625	0.2432	0.0646	3.63E-02
1	44	c	4/19/2004	1:21	-152.30833	59.91833	112	73	72.305	24.5131	30.7037	83.83704	9.35516	2.2623	0.2456	0.0695	3.63E-02
1	44	c	4/19/2004	1:21	-152.30833	59.91833	112	74	73.295	24.5118	30.7019	83.83366	9.35531	2.2605	0.2439	0.0618	3.63E-02
1	44	c	4/19/2004	1:21	-152.30833	59.91833	112	75	74.286	24.5075	30.6962	83.78767	9.35147	2.2566	0.2449	0.0645	3.63E-02
1	44	c	4/19/2004	1:21	-152.30833	59.91833	112	76	75.276	24.5068	30.695	83.81007	9.35482	2.2534	0.2473	0.0621	3.63E-02
1	44	c	4/19/2004	1:21	-152.30833	59.91833	112	77	76.266	24.5065	30.6946	83.80568	9.35448	2.2529	0.2478	0.0592	3.63E-02
1	44	c	4/19/2004	1:21	-152.30833	59.91833	112	78	77.256	24.5065	30.6945	83.75672	9.34907	2.2527	0.2531	0.0671	3.63E-02
1	44	c	4/19/2004	1:21	-152.30833	59.91833	112	79	78.246	24.5069	30.6951	83.7838	9.35194	2.2531	0.2501	0.0663	3.63E-02
1	44	c	4/19/2004	1:21	-152.30833	59.91833	112	80	79.237	24.508	30.6965	83.7921	9.35247	2.2544	0.2438	0.0682	3.63E-02
1	44	c	4/19/2004	1:21	-152.30833	59.91833	112	81	80.227	24.5055	30.6933	83.77089	9.35079	2.2524	0.2455	0.0643	3.63E-02
1	44	c	4/19/2004	1:21	-152.30833	59.91833	112	82	81.217	24.5057	30.6934	83.74877	9.34852	2.2516	0.2484	0.067	3.63E-02
1	44	c	4/19/2004	1:21	-152.30833	59.91833	112	83	82.207	24.5055	30.6931	83.75621	9.3494	2.2514	0.2514	0.0665	3.63E-02
1	44	c	4/19/2004	1:21	-152.30833	59.91833	112	84	83.198	24.5062	30.6941	83.79465	9.35341	2.2523	0.251	0.0612	3.63E-02
1	44	c	4/19/2004	1:21	-152.30833	59.91833	112	85	84.188	24.5062	30.6941	83.76485	9.34997	2.2528	0.2444	0.0689	3.63E-02
1	44	c	4/19/2004	1:21	-152.30833	59.91833	112	86	85.178	24.5068	30.6949	83.72484	9.34523	2.2537	0.2481	0.0655	3.63E-02
1	44	c	4/19/2004	1:21	-152.30833	59.91833	112	87	86.169	24.5067	30.6948	83.67645	9.3398	2.2539	0.2507	0.0614	3.63E-02
1	44	c	4/19/2004	1:21	-152.30833	59.91833	112	88	87.159	24.5062	30.6942	83.71328	9.34406	2.2534	0.2467	0.0659	3.63E-02
1	44	c	4/19/2004	1:21	-152.30833	59.91833	112	89	88.149	24.5062	30.6942	83.7428	9.3473	2.2536	0.2466	0.0607	3.63E-02
1	44	c	4/19/2004	1:21	-152.30833	59.91833	112	90	89.139	24.5066	30.6946	83.74984	9.34804	2.2537	0.2483	0.0707	3.63E-02
1	44	c	4/19/2004	1:21	-152.30833	59.91833	112	91	90.13	24.5057	30.6935	83.69117	9.34189	2.2524	0.256	0.0655	3.63E-02
1	44	c	4/19/2004	1:21	-152.30833	59.91833	112	92	91.12	24.5051	30.6927	83.73106	9.34653	2.2518	0.2587	0.0593	3.63E-02
1	44	c	4/19/2004	1:21	-152.30833	59.91833	112	93	92.11	24.505	30.6924	83.71405	9.3448	2.2511	0.2552	0.0608	3.63E-02
1	44	c	4/19/2004	1:21	-152.30833	59.91833	112	94	93.1	24.5051	30.6926	83.68695	9.3417	2.2514	0.2547	0.0598	3.63E-02
1	44	c	4/19/2004	1:21	-152.30833	59.91833	112	95	94.09	24.5049	30.6923	83.71495	9.34489	2.2512	0.2586	0.0603	3.63E-02
1	44	c	4/19/2004	1:21	-152.30833	59.91833	112	96	95.08	24.5057	30.6934	83.76556	9.3503	2.252	0.255	0.0581	3.63E-02
1	44	c	4/19/2004	1:21	-152.30833	59.91833	112	97	96.07	24.5052	30.6929	83.73737	9.34705	2.2525	0.2596	0.0612	3.63E-02
1	44	c	4/19/2004	1:21	-152.30833	59.91833	112	98	97.061	24.5047	30.6921	83.73231	9.34678	2.2515	0.2604	0.0586	3.63E-02
1	44	c	4/19/2004	1:21	-152.30833	59.91833	112	99	98.051	24.5043	30.6915	83.78127	9.35244	2.2508	0.2621	0.0579	3.63E-02
1	44	c	4/19/2004	1:21	-152.30833	59.91833	112	100	99.041	24.5044	30.6917	83.6953	9.3428	2.251	0.2651	0.0588	3.63E-02
1	44	c	4/19/2004	1:21	-152.30833	59.91833	112	101	100.031	24.5044	30.6917	83.74756	9.34865	2.2509	0.2616	0.058	3.63E-02
1	44	c	4/19/2004	1:21	-152.30833	59.91833	112	102	101.021	24.5046	30.6919	83.7812	9.35237	2.251	0.2634	0.0583	3.63E-02
1	44	c	4/19/2004	1:21	-152.30833	59.91833	112	103	102.012	24.5038	30.6909	83.81325	9.35609	2.2507	0.2689	0.0575	3.63E-02
1	44	c	4/19/2004	1:21	-152.30833	59.91833	112	104	103.002	24.5039	30.691	83.76602	9.35086	2.2504	0.2649	0.0579	3.63E-02
1	44	c	4/19/2004	1:21	-152.30833	59.91833	112	105	103.992	24.504	30.691	83.69529	9.34296	2.2505	0.2631	0.0586	3.63E-02
1	44	c	4/19/2004	1:21	-152.30833	59.91833	112	106	104.982	24.5041	30.6912	83.72594	9.34638	2.2504	0.2609	0.0582	3.63E-02
1	44	c	4/19/2004	1:21	-152.30833	59.91833	112	107	105.972	24.5041	30.6912	83.737	9.34755	2.2507	0.2612	0.0584	3.63E-02
1	44	c	4/19/2004	1:21	-152.30833	59.91833	112	108	106.962	24.5041	30.6912	83.71817	9.34545	2.2507	0.2612	0.0591	3.63E-02
1	44	c	4/19/2004	1:21	-152.30833	59.91833	112	109	107.953	24.5039	30.6909	83.7269	9.3465	2.2505	0.2655	0.058	3.63E-02
1	44	c	4/19/2004	1:21	-152.30833	59.91833	112	110	108.943	24.5033	30.6902	83.76564	9.35089	2.2503	0.2667	0.0578	3.63E-02
1	45	c	4/19/2004	0:54	-152.25333	59.9	82	2	1.981	24.6159	30.8608	82.56734	9.13173	2.5703	0.2202	0.7145	3.63E-02
1	45	c	4/19/2004	0:54	-152.25333	59.9	82	3	2.972	24.6135	30.8571	83.94261	9.28565	2.5633	0.2203	0.733	3.63E-02
1	45	c	4/19/2004	0:54	-152.25333	59.9	82	4	3.962	24.6143	30.8583	84.06125	9.29823	2.5652	0.2206	0.7003	3.63E-02
1	45	c	4/19/2004	0:54	-152.25333	59.9	82	5	4.953	24.6172	30.8633	84.03772	9.29192	2.5796	0.2251	0.5753	3.63E-02
1	45	c	4/19/2004	0:54	-152.25333	59.9	82	6	5.944	24.6168	30.8629	84.06285	9.29443	2.5808	0.2241	0.4893	3.63E-02
1	45	c	4/19/2004	0:54	-152.25333	59.9	82	7	6.934	24.6178	30.8643	84.06286	9.29375	2.5833	0.2267	0.6186	3.63E-02
1	45	c	4/19/2004	0:54	-152.25333	59.9	82	8	7.925	24.6174	30.864	84.07357	9.29473	2.5843	0.2209	0.5102	3.63E-02
1	45	c	4/19/2004	0:54	-152.25333	59.9	82	9	8.916	24.6173	30.864	84.06258	9.29319	2.5856	0.2268	0.5648	3.63E-02
1	45	c	4/19/2004	0:54	-152.25333	59.9	82	10	9.906	24.6173	30.8639	84.02535	9.28904	2.5858	0.2241	0.525	3.63E-02
1	45	c	4/19/2004	0:54	-152.25333	59.9	82	11	10.897	24.6186	30.8659	84.06172	9.29215	2.5892	0.2394	0.5457	3.63E-02
1	45	c	4/19/2004	0:54	-152.25333	59.9	82	12	11.888	24.6179	30.8653	84.05401	9.29069	2.5918	0.229	0.4892	3.63E-02
1	45	c	4/19/2004	0:54	-152.25333	59.9	82	13	12.878	24.6194	30.8675	84.04678	9.28905	2.5949	0.2273	0.4672	3.63E-02
1	45	c	4/19/2004	0:54	-152.25333	59.9	82	14	13.869	24.6209	30.8699	84.03712	9.28644	2.6007	0.2279	0.4888	3.63E-02
1	45	c	4/19/2004	0:54	-152.25333	59.9	82	15	14.859	24.6247	30.8756	84.00609	9.2802	2.6111	0.2386	0.3671	3.63E-02
1	45	c	4/19/2004	0:54	-152.25333	59.9	82	16	15.85	24.626	30.8782	83.99527	9.27653	2.6209	0.2339	0.4864	3.63E-02
1	45	c	4/19/2004	0:54	-152.25333	59.9	82	17	16.84	24.6274	30.8803	84.0441	9.2809	2.6247	0.2328	0.291	3.63E-02
1	45	c	4/19/2004	0:54	-152.25333	59.9	82	18	17.831	24.632	30.8876	84.08333	9.28089	2.6412	0.2383	0.4008	3.63E-02
1	45	c	4/19/2004	0:54	-152.25333	59.9	82	19	18.821	24.6295	30.8838	84.02472	9.27631	2.6342	0.2374	0.22	3.63E-02
1	45	c	4/19/2004	0:54	-152.25333	59.9	82	20	19.812	24.6258	30.8779	84.02935	9.28048	2.6202	0.2399	0.3727	3.63E-02
1	45	c	4/19/2004	0:54	-152.25333	59.9	82	21	20.803	24.6275	30.8807	84.03341	9.27913	2.6271	0.2368	0.3946	3.63E-02
1	45	c	4/19/2004	0:54	-152.25333	59.9	82	22	21.793	24.6319	30.8873	84.02409	9.27497	2.6386	0.2407	0.3623	3.63E-02
1	45	c	4/19/2004	0:54	-152.25333	59.9	82	23	22.784	24.6306	30.8856	84.04747	9.27768	2.6385	0.2382	0.3558	3.63E-02
1	45	c	4/19/2004	0:54	-152.25333	59.9	82	24	23.774	24.6358	30.8936	83.9978	9.26815	2.6536	0.2497	0.3525	3.63E-02
1	45	c	4/19/2004	0:54	-152.25333	59.9	82	25	24.765	24.6382	30.8976	84.00073	9.26565	2.6645	0.2483	0.3327	3.63E-02
1	45	c	4/19/2004	0:54	-152.25333	59.9	82	26	25.755	24.6383	30.898	84.08491	9.27427	2.6673	0.2489	0.2646	3.63E-02
1	45	c	4/19/2004	0:54	-152.25333	59.9	82	27	26.746	24.6388	30.8988	84.09009	9.27441	2.6689	0.2459	0.3473	3.63E-02
1	45	c	4/19/2004	0:54	-152.25333	59.9	82	28	27.736	24.6409	30.9019	84.092	9.27326	2.6738	0.2452	0.3143	3.63E-02
1	45	c	4/19/2004	0:54	-152.25333	59.9	82	29	28.727	24.6407	30.9018	84.05308	9.26851	2.6758	0.2471	0.3455	3.63E-02
1	45	c	4/19/2004	0:54	-152.25333	59.9	82	30	29.718	24.6433	30.9055	84.06558	9.26849	2.6808	0.2526	0.316	3.63E-02
1	45	c	4/19/2004	0:54	-152.25333	59.9	82	31	30.708	24.6443	30.9073	84.04902	9.26518	2.6866	0.2557	0.3263	3.63E-02
1	45	c	4/19/2004	0:54	-152.25333	59.9	82	32	31.698	24.6454	30.9091	84.09209	9.26907	2.6898	0.2533	0.2563	3.63E-02
1	45	c	4/19/2004	0:54	-152.25333	59.9	82	33	32.689	24.6454	30.909	84.06922	9.26634	2.6907	0.2494	0.2926	3.63E-02
1	45	c	4/19/2004	0:54	-152.25333	59.9	82	34	33.679	24.6454	30.9089	83.99538	9.2589	2.6878	0.2509	0.2178	3.63E-02
1	45	c	4/19/2004	0:54	-152.25333	59.9	82	35	34.67	24.6456	30.9087	83.97256	9.25719	2.6844	0.2511	0.251	3.63E-02
1	45	c	4/19/2004	0:54	-152.25333	59.9	82	36	35.66	24.6453	30.9081	83.95875	9.25648	2.6811	0.2548	0.1984	3.63E-02
1	45	c	4/19/2004	0:54	-152.25333	59.9	82	37	36.651	24.6449	30.9071	84.00946	9.26321	2.6765	0.2544	0.2401	3.63E-02
1	45	c	4/19/2004	0:54	-152.25333	59.9	82	38	37.641	24.646	30.9084	83.99318	9.26156	2.6755	0.2554	0.2209	3.63E-02
1	45	c	4/19/2004	0:54	-152.25333	59.9	82	39	38.632	24.6467	30.909	84.00607	9.26356	2.6729	0.2572	0.1793	3.63E-02
1	45	c	4/19/2004	0:54	-152.25333	59.9	82	40	39.622	24.646	30.908	84.04589	9.26814	2.6724	0.2584	0.2108	3.63E-02
1	45	c	4/19/2004	0:54	-152.25333	59.9	82	41	40.613	24.6466	30.9088	84.05165	9.2687	2.6725	0.2554	0.1691	3.63E-02
1	45	c	4/19/2004	0:54	-152.25333	59.9	82	42	41.603	24.6498	30.9131	84.05167	9.26773	2.6755	0.2525	0.2152	3.63E-02
1	45	c	4/19/2004	0:54	-152.25333	59.9	82	43	42.594	24.6527	30.9171	84.04459	9.26571	2.6797	0.2577	0.1929	3.63E-02
1	45	c	4/19/2004	0:54	-152.25333	59.9	82	44	43.584	24.6538	30.9186	84.07366	9.26861	2.6806	0.2563	0.1557	3.63E-02
1	45	c	4/19/2004	0:54	-152.25333	59.9	82	45	44.574	24.6554	30.9207	84.0753	9.26829	2.6822	0.2547	0.1406	3.63E-02
1	45	c	4/19/2004	0:54	-152.25333	59.9	82	46	45.565	24.6576	30.9239	84.1141	9.27146	2.686	0.2568	0.1694	3.63E-02
1	45	c	4/19/2004	0:54	-152.25333	59.9	82	47	46.555	24.6611	30.9285	84.03641	9.26202	2.6885	0.2566	0.122	3.63E-02
1	45	c	4/19/2004	0:54	-152.25333	59.9	82	48	47.546	24.6645	30.9334	83.99127	9.2551	2.6955	0.2591	0.1912	3.63E-02
1	45	c	4/19/2004	0:54	-152.25333	59.9	82	49	48.536	24.6633	30.9317	83.99436	9.25609	2.6932	0.2568	0.1649	3.63E-02
1	45	c	4/19/2004	0:54	-152.25333	59.9	82	50	49.526	24.6672	30.9371	83.97968	9.2528	2.6989	0.2543	0.1842	3.63E-02
1	45	c	4/19/2004	0:54	-152.25333	59.9	82	51	50.517	24.6671	30.9372	83.99331	9.25385	2.7008	0.2589	0.1759	3.63E-02
1	45	c	4/19/2004	0:54	-152.25333	59.9	82	52	51.507	24.6648	30.9338	84.0301	9.25929	2.6958	0.255	0.1695	3.63E-02
1	45	c	4/19/2004	0:54	-152.25333	59.9	82	53	52.498	24.6715	30.9434	84.01869	9.25471	2.7074	0.2606	0.189	3.63E-02
1	45	c	4/19/2004	0:54	-152.25333	59.9	82	54	53.488	24.6696	30.9407	83.99966	9.25341	2.7047	0.2551	0.1894	3.63E-02
1	45	c	4/19/2004	0:54	-152.25333	59.9	82	55	54.479	24.6702	30.9415	83.97763	9.25082	2.7052	0.2593	0.1996	3.63E-02
1	45	c	4/19/2004	0:54	-152.25333	59.9	82	56	55.469	24.6693	30.9402	83.9832	9.25186	2.7037	0.2572	0.1989	3.63E-02
1	45	c	4/19/2004	0:54	-152.25333	59.9	82	57	56.459	24.6678	30.938	84.00475	9.25485	2.7017	0.255	0.1606	3.63E-02
1	45	c	4/19/2004	0:54	-152.25333	59.9	82	58	57.45	24.6675	30.9376	84.01054	9.25566	2.701	0.262	0.1865	3.63E-02
1	45	c	4/19/2004	0:54	-152.25333	59.9	82	59	58.44	24.6679	30.9382	84.01042	9.25553	2.7014	0.2583	0.1592	3.63E-02
1	45	c	4/19/2004	0:54	-152.25333	59.9	82	60	59.43	24.6804	30.9558	84.03379	9.25236	2.7212	0.2681	0.1307	3.63E-02
1	45	c	4/19/2004	0:54	-152.25333	59.9	82	61	60.421	24.6828	30.9598	84.02928	9.24911	2.7319	0.2633	0.1384	3.63E-02
1	45	c	4/19/2004	0:54	-152.25333	59.9	82	62	61.411	24.6834	30.9606	83.93099	9.23809	2.7325	0.2634	0.1259	3.63E-02
1	45	c	4/19/2004	0:54	-152.25333	59.9	82	63	62.401	24.678	30.9529	83.92902	9.24052	2.7233	0.2583	0.1248	3.63E-02
1	45	c	4/19/2004	0:54	-152.25333	59.9	82	64	63.392	24.6821	30.9587	84.00447	9.24712	2.729	0.2615	0.1588	3.63E-02
1	45	c	4/19/2004	0:54	-152.25333	59.9	82	65	64.382	24.684	30.9614	83.94665	9.23954	2.7335	0.2665	0.1183	3.63E-02
1	45	c	4/19/2004	0:54	-152.25333	59.9	82	66	65.372	24.6836	30.9609	83.91951	9.2367	2.733	0.2677	0.1129	3.63E-02
1	45	c	4/19/2004	0:54	-152.25333	59.9	82	67	66.363	24.6839	30.9613	83.92644	9.23723	2.7339	0.2657	0.1096	3.63E-02
1	45	c	4/19/2004	0:54	-152.25333	59.9	82	68	67.353	24.6839	30.9613	83.99612	9.24482	2.7342	0.2714	0.121	3.63E-02
1	45	c	4/19/2004	0:54	-152.25333	59.9	82	69	68.343	24.6842	30.9618	83.9792	9.24285	2.7345	0.2691	0.1288	3.63E-02
1	45	c	4/19/2004	0:54	-152.25333	59.9	82	70	69.334	24.6838	30.9612	83.98205	9.24339	2.7337	0.2641	0.1374	3.63E-02
1	45	c	4/19/2004	0:54	-152.25333	59.9	82	71	70.324	24.6836	30.9608	83.98584	9.24389	2.7335	0.271	0.1541	3.63E-02
1	45	c	4/19/2004	0:54	-152.25333	59.9	82	72	71.315	24.684	30.9615	84.00918	9.24628	2.7341	0.2667	0.1345	3.63E-02
1	45	c	4/19/2004	0:54	-152.25333	59.9	82	73	72.305	24.6842	30.9618	84.03552	9.24901	2.7347	0.2717	0.111	3.63E-02
1	45	c	4/19/2004	0:54	-152.25333	59.9	82	74	73.295	24.6841	30.9616	83.95015	9.23953	2.7351	0.2756	0.1148	3.63E-02
1	45	c	4/19/2004	0:54	-152.25333	59.9	82	75	74.285	24.6836	30.961	83.99232	9.24424	2.735	0.2761	0.0832	3.63E-02
1	45	c	4/19/2004	0:54	-152.25333	59.9	82	76	75.275	24.6833	30.9606	84.01603	9.2469	2.7349	0.2849	0.0719	3.63E-02
1	45	c	4/19/2004	0:54	-152.25333	59.9	82	77	76.266	24.683	30.9602	84.05274	9.25107	2.7344	0.2809	0.0693	3.63E-02
1	45	c	4/19/2004	0:54	-152.25333	59.9	82	78	77.257	24.682	30.9589	84.02831	9.24851	2.7342	0.2888	0.0675	3.63E-02
1	46	c	4/19/2004	0:24	-152.2	59.88	73	2	1.981	24.8239	31.1774	84.02328	9.14238	3.1307	0.2607	2.0935	3.63E-02
1	46	c	4/19/2004	0:24	-152.2	59.88	73	3	2.972	24.8338	31.1933	84.1603	9.14858	3.1643	0.2681	1.8968	3.63E-02
1	46	c	4/19/2004	0:24	-152.2	59.88	73	4	3.962	24.839	31.2018	84.19537	9.14751	3.1833	0.2779	1.827	3.63E-02
1	46	c	4/19/2004	0:24	-152.2	59.88	73	5	4.953	24.8413	31.2059	84.23788	9.14923	3.1948	0.2678	1.8385	3.63E-02
1	46	c	4/19/2004	0:24	-152.2	59.88	73	6	5.944	24.845	31.2118	84.28139	9.15085	3.2067	0.2719	1.7824	3.63E-02
1	46	c	4/19/2004	0:24	-152.2	59.88	73	7	6.934	24.8502	31.2197	84.3573	9.15561	3.2198	0.2688	1.8035	3.63E-02
1	46	c	4/19/2004	0:24	-152.2	59.88	73	8	7.925	24.858	31.2326	84.3893	9.15168	3.2485	0.2737	1.8918	3.63E-02
1	46	c	4/19/2004	0:24	-152.2	59.88	73	9	8.916	24.8599	31.2362	84.36421	9.14613	3.2599	0.2824	1.8098	3.63E-02
1	46	c	4/19/2004	0:24	-152.2	59.88	73	10	9.906	24.8624	31.2399	84.37589	9.14568	3.2664	0.2713	1.8639	3.63E-02
1	46	c	4/19/2004	0:24	-152.2	59.88	73	11	10.897	24.8672	31.2477	84.35294	9.13889	3.283	0.2908	1.9408	3.63E-02
1	46	c	4/19/2004	0:24	-152.2	59.88	73	12	11.887	24.8699	31.2524	84.3774	9.13855	3.2948	0.2857	1.8672	3.63E-02
1	46	c	4/19/2004	0:24	-152.2	59.88	73	13	12.878	24.8792	31.2669	84.38576	9.1326	3.3209	0.2866	1.8988	3.63E-02
1	46	c	4/19/2004	0:24	-152.2	59.88	73	14	13.869	24.8884	31.2821	84.35878	9.12111	3.3543	0.2873	2.024	3.63E-02
1	46	c	4/19/2004	0:24	-152.2	59.88	73	15	14.859	24.8909	31.287	84.38472	9.11985	3.3708	0.2967	2.0834	3.63E-02
1	46	c	4/19/2004	0:24	-152.2	59.88	73	16	15.85	24.9011	31.3025	84.43029	9.11819	3.3955	0.3003	2.0117	3.63E-02
1	46	c	4/19/2004	0:24	-152.2	59.88	73	17	16.84	24.91	31.3173	84.42365	9.10901	3.4286	0.294	1.9442	3.63E-02
1	46	c	4/19/2004	0:24	-152.2	59.88	73	18	17.831	24.9122	31.3217	84.44507	9.10756	3.444	0.3093	2.2358	3.63E-02
1	46	c	4/19/2004	0:24	-152.2	59.88	73	19	18.822	24.9212	31.3362	84.54112	9.11039	3.4732	0.305	2.1092	3.63E-02
1	46	c	4/19/2004	0:24	-152.2	59.88	73	20	19.812	24.942	31.3694	84.56091	9.0962	3.5361	0.3084	2.1815	3.63E-02
1	46	c	4/19/2004	0:24	-152.2	59.88	73	21	20.803	24.9465	31.3787	84.5381	9.08577	3.5688	0.3146	2.2031	3.63E-02
1	46	c	4/19/2004	0:24	-152.2	59.88	73	22	21.793	24.957	31.3952	84.53335	9.07756	3.5983	0.32	2.1665	3.63E-02
1	46	c	4/19/2004	0:24	-152.2	59.88	73	23	22.784	24.9572	31.3969	84.59896	9.08186	3.61	0.3249	2.4599	3.63E-02
1	46	c	4/19/2004	0:24	-152.2	59.88	73	24	23.774	24.9615	31.4034	84.58666	9.07793	3.6198	0.3254	2.39	3.63E-02
1	46	c	4/19/2004	0:24	-152.2	59.88	73	25	24.765	24.9622	31.4046	84.55064	9.07308	3.6238	0.3146	2.47	3.63E-02
1	46	c	4/19/2004	0:24	-152.2	59.88	73	26	25.755	24.9653	31.4095	84.51136	9.06669	3.6321	0.3228	2.5022	3.63E-02
1	46	c	4/19/2004	0:24	-152.2	59.88	73	27	26.746	24.9662	31.411	84.45595	9.05992	3.6354	0.3263	2.48	3.63E-02
1	46	c	4/19/2004	0:24	-152.2	59.88	73	28	27.736	24.9667	31.4118	84.46816	9.06075	3.6373	0.3288	2.5366	3.63E-02
1	46	c	4/19/2004	0:24	-152.2	59.88	73	29	28.727	24.9635	31.4065	84.49737	9.06661	3.6266	0.3194	2.4434	3.63E-02
1	46	c	4/19/2004	0:24	-152.2	59.88	73	30	29.717	24.9674	31.4122	84.44524	9.05928	3.6328	0.3146	2.4551	3.63E-02
1	46	c	4/19/2004	0:24	-152.2	59.88	73	31	30.708	24.9747	31.4239	84.39881	9.04865	3.6548	0.3242	2.3879	3.63E-02
1	46	c	4/19/2004	0:24	-152.2	59.88	73	32	31.698	24.9707	31.4183	84.36689	9.04654	3.6504	0.321	2.3891	3.63E-02
1	46	c	4/19/2004	0:24	-152.2	59.88	73	33	32.689	24.9734	31.4218	84.38828	9.04842	3.6513	0.3235	2.4423	3.63E-02
1	46	c	4/19/2004	0:24	-152.2	59.88	73	34	33.68	24.9755	31.4245	84.40139	9.04949	3.6521	0.321	2.284	3.63E-02
1	46	c	4/19/2004	0:24	-152.2	59.88	73	35	34.67	24.9769	31.4268	84.42555	9.05085	3.6569	0.3236	2.2607	3.63E-02
1	46	c	4/19/2004	0:24	-152.2	59.88	73	36	35.66	24.9769	31.4272	84.40505	9.04787	3.6603	0.3208	2.2861	3.63E-02
1	46	c	4/19/2004	0:24	-152.2	59.88	73	37	36.651	24.9771	31.4277	84.39714	9.04655	3.6623	0.3218	2.3947	3.63E-02
1	46	c	4/19/2004	0:24	-152.2	59.88	73	38	37.641	24.9755	31.4252	84.4237	9.05048	3.6581	0.3155	2.4152	3.63E-02
1	46	c	4/19/2004	0:24	-152.2	59.88	73	39	38.632	24.976	31.4259	84.43391	9.05149	3.6583	0.3279	2.3374	3.63E-02
1	46	c	4/19/2004	0:24	-152.2	59.88	73	40	39.622	24.9757	31.4256	84.39463	9.04721	3.6587	0.319	2.4184	3.63E-02
1	46	c	4/19/2004	0:24	-152.2	59.88	73	41	40.613	24.9737	31.4218	84.38459	9.04883	3.6478	0.3202	2.3556	3.63E-02
1	46	c	4/19/2004	0:24	-152.2	59.88	73	42	41.603	24.9743	31.4222	84.43531	9.05478	3.6454	0.3224	2.3589	3.63E-02
1	46	c	4/19/2004	0:24	-152.2	59.88	73	43	42.593	24.9753	31.4237	84.44397	9.05515	3.6475	0.3073	2.1804	3.63E-02
1	46	c	4/19/2004	0:24	-152.2	59.88	73	44	43.584	24.9761	31.425	84.46921	9.05708	3.6505	0.3167	2.2017	3.63E-02
1	46	c	4/19/2004	0:24	-152.2	59.88	73	45	44.574	24.978	31.4281	84.4222	9.05033	3.6573	0.3183	2.1745	3.63E-02
1	46	c	4/19/2004	0:24	-152.2	59.88	73	46	45.565	24.9785	31.4292	84.40351	9.04743	3.661	0.3136	2.0477	3.63E-02
1	46	c	4/19/2004	0:24	-152.2	59.88	73	47	46.555	24.9802	31.432	84.34794	9.04004	3.6666	0.3219	2.1607	3.63E-02
1	47	c	4/19/2004	0:01	-152.145	59.86333	47	2	1.981	24.9322	31.3653	83.94426	9.014	3.6078	0.3341	2.7986	3.63E-02
1	47	c	4/19/2004	0:01	-152.145	59.86333	47	3	2.972	24.9319	31.365	84.96938	9.12378	3.6091	0.3369	2.695	3.63E-02
1	47	c	4/19/2004	0:01	-152.145	59.86333	47	4	3.963	24.9316	31.3647	84.98654	9.12554	3.6095	0.3405	2.611	3.63E-02
1	47	c	4/19/2004	0:01	-152.145	59.86333	47	5	4.953	24.9321	31.3656	84.99647	9.12628	3.6107	0.3375	2.676	3.63E-02
1	47	c	4/19/2004	0:01	-152.145	59.86333	47	6	5.944	24.9324	31.3659	85.01845	9.12857	3.6109	0.3278	2.6379	3.63E-02
1	47	c	4/19/2004	0:01	-152.145	59.86333	47	7	6.934	24.9325	31.3661	84.93962	9.11975	3.6124	0.3265	2.6488	3.63E-02
1	47	c	4/19/2004	0:01	-152.145	59.86333	47	8	7.925	24.9331	31.3672	84.9775	9.1231	3.6153	0.3216	2.7197	3.63E-02
1	47	c	4/19/2004	0:01	-152.145	59.86333	47	9	8.916	24.9331	31.3673	84.91028	9.11581	3.6156	0.3231	2.6431	3.63E-02
1	47	c	4/19/2004	0:01	-152.145	59.86333	47	10	9.906	24.9321	31.3653	84.90036	9.11632	3.6092	0.3322	2.7051	3.63E-02
1	47	c	4/19/2004	0:01	-152.145	59.86333	47	11	10.897	24.9321	31.3655	84.93081	9.11909	3.6113	0.3302	2.5813	3.63E-02
1	47	c	4/19/2004	0:01	-152.145	59.86333	47	12	11.887	24.9343	31.3692	84.90481	9.11426	3.6193	0.3329	2.7194	3.63E-02
1	47	c	4/19/2004	0:01	-152.145	59.86333	47	13	12.878	24.934	31.3689	84.92922	9.11669	3.6202	0.3301	2.6532	3.63E-02
1	47	c	4/19/2004	0:01	-152.145	59.86333	47	14	13.869	24.9334	31.3677	84.94044	9.11896	3.6159	0.3381	2.7051	3.63E-02
1	47	c	4/19/2004	0:01	-152.145	59.86333	47	15	14.859	24.9344	31.3694	84.93693	9.11739	3.6206	0.3442	2.6785	3.63E-02
1	47	c	4/19/2004	0:01	-152.145	59.86333	47	16	15.85	24.9392	31.3773	84.98142	9.11818	3.6361	0.3468	2.7024	3.63E-02
1	47	c	4/19/2004	0:01	-152.145	59.86333	47	17	16.84	24.9397	31.3792	84.99368	9.11676	3.6476	0.3439	2.7363	3.63E-02
1	47	c	4/19/2004	0:01	-152.145	59.86333	47	18	17.831	24.9406	31.38	84.99388	9.1172	3.6455	0.3443	2.6914	3.63E-02
1	47	c	4/19/2004	0:01	-152.145	59.86333	47	19	18.821	24.9416	31.3821	84.98028	9.11403	3.6525	0.3467	2.7672	3.63E-02
1	47	c	4/19/2004	0:01	-152.145	59.86333	47	20	19.812	24.9427	31.3842	84.95343	9.10963	3.6587	0.3405	2.6863	3.63E-02
1	47	c	4/19/2004	0:01	-152.145	59.86333	47	21	20.803	24.9404	31.3805	84.92918	9.10877	3.652	0.3377	2.7594	3.63E-02
1	47	c	4/19/2004	0:01	-152.145	59.86333	47	22	21.793	24.943	31.3842	84.94362	9.10923	3.6558	0.3427	2.7611	3.63E-02
1	47	c	4/19/2004	0:01	-152.145	59.86333	47	23	22.783	24.9438	31.3859	85.01219	9.11515	3.6616	0.3508	2.7204	3.63E-02
1	47	c	4/19/2004	0:01	-152.145	59.86333	47	24	23.774	24.9431	31.385	84.99846	9.11374	3.6616	0.3356	2.7425	3.63E-02
1	47	c	4/19/2004	0:01	-152.145	59.86333	47	25	24.765	24.9435	31.3855	84.94832	9.10827	3.6619	0.3421	2.7753	3.63E-02
1	47	c	4/19/2004	0:01	-152.145	59.86333	47	26	25.755	24.9435	31.3857	85.0373	9.11754	3.663	0.3382	2.6219	3.63E-02
1	47	c	4/19/2004	0:01	-152.145	59.86333	47	27	26.746	24.9441	31.3865	84.96718	9.10965	3.6645	0.341	2.7457	3.63E-02
1	47	c	4/19/2004	0:01	-152.145	59.86333	47	28	27.736	24.9444	31.387	84.95284	9.10779	3.6657	0.3552	2.7135	3.63E-02
1	47	c	4/19/2004	0:01	-152.145	59.86333	47	29	28.727	24.9445	31.3873	84.98506	9.11101	3.6667	0.3427	2.7519	3.63E-02
1	47	c	4/19/2004	0:01	-152.145	59.86333	47	30	29.717	24.9443	31.3869	84.96329	9.10908	3.665	0.3371	2.7455	3.63E-02
1	47	c	4/19/2004	0:01	-152.145	59.86333	47	31	30.708	24.9447	31.3876	84.92135	9.10398	3.6675	0.3489	2.7637	3.63E-02
1	47	c	4/19/2004	0:01	-152.145	59.86333	47	32	31.698	24.9443	31.387	84.90748	9.10253	3.6675	0.3389	2.6965	3.63E-02
1	47	c	4/19/2004	0:01	-152.145	59.86333	47	33	32.689	24.9458	31.3895	84.93504	9.10436	3.6718	0.3423	2.7498	3.63E-02
1	47	c	4/19/2004	0:01	-152.145	59.86333	47	34	33.679	24.9468	31.3914	84.98183	9.10796	3.6775	0.3418	2.7558	3.63E-02
1	47	c	4/19/2004	0:01	-152.145	59.86333	47	35	34.67	24.9457	31.3897	84.99328	9.10987	3.6749	0.3497	2.7615	3.63E-02
1	47	c	4/19/2004	0:01	-152.145	59.86333	47	36	35.66	24.946	31.3899	85.02222	9.11324	3.6737	0.3482	2.7799	3.63E-02
1	47	c	4/19/2004	0:01	-152.145	59.86333	47	37	36.651	24.946	31.39	84.96738	9.1072	3.6744	0.3501	2.765	3.63E-02
1	47	c	4/19/2004	0:01	-152.145	59.86333	47	38	37.641	24.9463	31.3904	84.92894	9.10294	3.6749	0.3446	2.7385	3.63E-02
1	47	c	4/19/2004	0:01	-152.145	59.86333	47	39	38.631	24.9508	31.3976	84.92515	9.09907	3.6883	0.347	2.6676	3.63E-02
1	48	c	4/18/2004	23:35	-152.09333	59.845	38	2	1.981	25.01	31.5264	85.72377	9.07363	4.1443	0.4937	4.0103	3.63E-02
1	48	c	4/18/2004	23:35	-152.09333	59.845	38	3	2.972	25.0129	31.5301	86.52517	9.15812	4.1449	0.4987	4.0223	3.63E-02
1	48	c	4/18/2004	23:35	-152.09333	59.845	38	4	3.963	25.0129	31.5301	86.52403	9.15797	4.145	0.4924	4.0187	3.63E-02
1	48	c	4/18/2004	23:35	-152.09333	59.845	38	5	4.953	25.0132	31.5307	86.5509	9.16047	4.1464	0.512	4.0093	3.63E-02
1	48	c	4/18/2004	23:35	-152.09333	59.845	38	6	5.944	25.0131	31.5305	86.53069	9.15828	4.1466	0.508	3.9849	3.63E-02
1	48	c	4/18/2004	23:35	-152.09333	59.845	38	7	6.934	25.0131	31.5306	86.539	9.15914	4.1467	0.5094	3.9868	3.63E-02
1	48	c	4/18/2004	23:35	-152.09333	59.845	38	8	7.925	25.0134	31.5309	86.50051	9.15495	4.1471	0.4911	3.9875	3.63E-02
1	48	c	4/18/2004	23:35	-152.09333	59.845	38	9	8.916	25.0147	31.5329	86.52292	9.15674	4.1492	0.4939	3.992	3.63E-02
1	48	c	4/18/2004	23:35	-152.09333	59.845	38	10	9.906	25.0142	31.5322	86.54984	9.15963	4.1492	0.5093	3.9834	3.63E-02
1	48	c	4/18/2004	23:35	-152.09333	59.845	38	11	10.897	25.0154	31.5338	86.59451	9.16409	4.1499	0.5031	3.9941	3.63E-02
1	48	c	4/18/2004	23:35	-152.09333	59.845	38	12	11.887	25.0176	31.5371	86.61121	9.16467	4.1543	0.4964	3.993	3.63E-02
1	48	c	4/18/2004	23:35	-152.09333	59.845	38	13	12.878	25.0147	31.533	86.55351	9.15964	4.1506	0.5023	3.9964	3.63E-02
1	48	c	4/18/2004	23:35	-152.09333	59.845	38	14	13.869	25.0125	31.5295	86.53145	9.15858	4.1459	0.5217	3.9985	3.63E-02
1	48	c	4/18/2004	23:35	-152.09333	59.845	38	15	14.859	25.0124	31.5294	86.55277	9.16084	4.146	0.523	3.9946	3.63E-02
1	48	c	4/18/2004	23:35	-152.09333	59.845	38	16	15.85	25.0123	31.5294	86.58701	9.16444	4.146	0.5007	3.9994	3.63E-02
1	48	c	4/18/2004	23:35	-152.09333	59.845	38	17	16.84	25.0126	31.5298	86.58994	9.16455	4.1468	0.5042	3.9957	3.63E-02
1	48	c	4/18/2004	23:35	-152.09333	59.845	38	18	17.831	25.0127	31.5299	86.5474	9.16006	4.1468	0.5161	4.0003	3.63E-02
1	48	c	4/18/2004	23:35	-152.09333	59.845	38	19	18.822	25.0123	31.5293	86.55784	9.16131	4.1462	0.5128	3.9939	3.63E-02
1	48	c	4/18/2004	23:35	-152.09333	59.845	38	20	19.812	25.0123	31.5293	86.55172	9.16069	4.1461	0.4956	3.9974	3.63E-02
1	48	c	4/18/2004	23:35	-152.09333	59.845	38	21	20.803	25.0135	31.5311	86.51374	9.15615	4.148	0.5148	4.0036	3.63E-02
1	48	c	4/18/2004	23:35	-152.09333	59.845	38	22	21.793	25.014	31.5318	86.52984	9.15762	4.1488	0.5124	3.9944	3.63E-02
1	48	c	4/18/2004	23:35	-152.09333	59.845	38	23	22.784	25.0142	31.5322	86.54546	9.15899	4.15	0.5252	4.0024	3.63E-02
1	48	c	4/18/2004	23:35	-152.09333	59.845	38	24	23.774	25.0183	31.538	86.52019	9.15465	4.1558	0.4967	4.0012	3.63E-02
1	48	c	4/18/2004	23:35	-152.09333	59.845	38	25	24.765	25.0148	31.533	86.56838	9.16114	4.151	0.511	4.0022	3.63E-02
1	48	c	4/18/2004	23:35	-152.09333	59.845	38	26	25.756	25.0169	31.5359	86.5796	9.1617	4.153	0.5152	3.9987	3.63E-02
1	48	c	4/18/2004	23:35	-152.09333	59.845	38	27	26.746	25.0199	31.5405	86.59154	9.16124	4.1594	0.4771	4.0047	3.63E-02
1	48	c	4/18/2004	23:35	-152.09333	59.845	38	28	27.736	25.0203	31.5411	86.54625	9.15633	4.1598	0.5092	3.9992	3.63E-02
1	48	c	4/18/2004	23:35	-152.09333	59.845	38	29	28.727	25.0199	31.5404	86.52602	9.15431	4.1594	0.4962	4.006	3.63E-02
1	48	c	4/18/2004	23:35	-152.09333	59.845	38	30	29.717	25.0189	31.539	86.54812	9.15711	4.1577	0.5252	4.0025	3.63E-02
1	48	c	4/18/2004	23:35	-152.09333	59.845	38	31	30.708	25.0186	31.5386	86.5255	9.15478	4.1575	0.4979	4	3.63E-02
1	48	c	4/18/2004	23:35	-152.09333	59.845	38	32	31.699	25.019	31.5391	86.56225	9.15861	4.1577	0.5036	3.9939	3.63E-02
1	48	c	4/18/2004	23:35	-152.09333	59.845	38	33	32.689	25.0197	31.5402	86.60834	9.16306	4.1593	0.4857	4.0033	3.63E-02
1	48	c	4/18/2004	23:35	-152.09333	59.845	38	34	33.679	25.0204	31.5412	86.66491	9.16874	4.1603	0.5011	4.0004	3.63E-02
1	48	c	4/18/2004	23:35	-152.09333	59.845	38	35	34.67	25.0206	31.5415	86.57655	9.15919	4.1611	0.4768	4.0113	3.63E-02
1	48	c	4/18/2004	23:35	-152.09333	59.845	38	36	35.66	25.0203	31.5411	86.51471	9.1527	4.161	0.4933	4.0187	3.63E-02
1	48	c	4/18/2004	23:35	-152.09333	59.845	38	37	36.651	25.0207	31.5416	86.42898	9.14356	4.1612	0.4905	4.0226	3.63E-02
1	48	c	4/18/2004	23:35	-152.09333	59.845	38	38	37.641	25.0204	31.5413	86.49899	9.15098	4.1612	0.5139	4.0182	3.63E-02
1	49	c	4/18/2004	23:11	-152.04	59.82667	35	1	0.991	25.0002	31.5075	56.30915	5.97161	4.0899	1.8214	3.7871	3.63E-02
1	49	c	4/18/2004	23:11	-152.04	59.82667	35	2	1.981	24.9826	31.4947	105.84034	11.20083	4.1679	-0.1294	3.9894	3.63E-02
1	49	c	4/18/2004	23:11	-152.04	59.82667	35	3	2.972	24.9892	31.4991	87.11329	9.22443	4.1353	0.6122	3.9504	3.63E-02
1	49	c	4/18/2004	23:11	-152.04	59.82667	35	4	3.962	24.9889	31.4988	87.08071	9.22075	4.1365	0.6249	3.9181	3.63E-02
1	49	c	4/18/2004	23:11	-152.04	59.82667	35	5	4.953	24.9889	31.4989	87.0702	9.21947	4.1371	0.6143	3.905	3.63E-02
1	49	c	4/18/2004	23:11	-152.04	59.82667	35	6	5.944	24.9891	31.4992	87.05314	9.21761	4.1373	0.6563	3.8919	3.63E-02
1	49	c	4/18/2004	23:11	-152.04	59.82667	35	7	6.934	24.9894	31.4996	87.08373	9.22078	4.1375	0.6459	3.8937	3.63E-02
1	49	c	4/18/2004	23:11	-152.04	59.82667	35	8	7.925	24.9895	31.4998	87.04788	9.21695	4.1376	0.6191	3.8882	3.63E-02
1	49	c	4/18/2004	23:11	-152.04	59.82667	35	9	8.916	24.9902	31.5007	87.01206	9.21289	4.1385	0.6263	3.8933	3.63E-02
1	49	c	4/18/2004	23:11	-152.04	59.82667	35	10	9.906	24.9901	31.5005	87.025	9.2143	4.1384	0.6423	3.8707	3.63E-02
1	49	c	4/18/2004	23:11	-152.04	59.82667	35	11	10.897	24.9901	31.5006	87.00618	9.21227	4.1386	0.6389	3.8631	3.63E-02
1	49	c	4/18/2004	23:11	-152.04	59.82667	35	12	11.888	24.9903	31.5008	86.95397	9.20666	4.1388	0.6425	3.8615	3.63E-02
1	49	c	4/18/2004	23:11	-152.04	59.82667	35	13	12.878	24.9909	31.5016	86.93131	9.20411	4.1393	0.6512	3.8729	3.63E-02
1	49	c	4/18/2004	23:11	-152.04	59.82667	35	14	13.869	24.9915	31.5024	87.03688	9.21516	4.1397	0.6383	3.865	3.63E-02
1	49	c	4/18/2004	23:11	-152.04	59.82667	35	15	14.859	24.9916	31.5026	87.04701	9.21617	4.1399	0.6406	3.8684	3.63E-02
1	49	c	4/18/2004	23:11	-152.04	59.82667	35	16	15.85	24.9916	31.5025	87.06344	9.2179	4.1399	0.648	3.8683	3.63E-02
1	49	c	4/18/2004	23:11	-152.04	59.82667	35	17	16.84	24.9912	31.502	87.04232	9.21577	4.1396	0.6379	3.8684	3.63E-02
1	49	c	4/18/2004	23:11	-152.04	59.82667	35	18	17.831	24.9915	31.5025	87.04185	9.21566	4.1397	0.6558	3.8604	3.63E-02
1	49	c	4/18/2004	23:11	-152.04	59.82667	35	19	18.822	24.9913	31.5021	87.0273	9.21411	4.1399	0.6503	3.8636	3.63E-02
1	49	c	4/18/2004	23:11	-152.04	59.82667	35	20	19.812	24.9913	31.5021	86.9815	9.2093	4.1397	0.6312	3.8613	3.63E-02
1	49	c	4/18/2004	23:11	-152.04	59.82667	35	21	20.803	24.9914	31.5023	87.05677	9.21722	4.1399	0.6344	3.8614	3.63E-02
1	49	c	4/18/2004	23:11	-152.04	59.82667	35	22	21.793	24.9915	31.5024	87.07498	9.21911	4.14	0.6433	3.8716	3.63E-02
1	49	c	4/18/2004	23:11	-152.04	59.82667	35	23	22.784	24.9914	31.5023	87.04373	9.2158	4.1401	0.6394	3.8704	3.63E-02
1	49	c	4/18/2004	23:11	-152.04	59.82667	35	24	23.774	24.9914	31.5022	86.97749	9.20873	4.1403	0.6563	3.8632	3.63E-02
1	49	c	4/18/2004	23:11	-152.04	59.82667	35	25	24.765	24.9915	31.5025	87.02277	9.21347	4.1405	0.6417	3.8668	3.63E-02
1	49	c	4/18/2004	23:11	-152.04	59.82667	35	26	25.755	24.9915	31.5025	87.0235	9.21353	4.1406	0.6444	3.8616	3.63E-02
1	49	c	4/18/2004	23:11	-152.04	59.82667	35	27	26.746	24.9922	31.5033	87.01047	9.21202	4.1409	0.6415	3.8643	3.63E-02
1	49	c	4/18/2004	23:11	-152.04	59.82667	35	28	27.736	24.9927	31.504	86.97407	9.208	4.1415	0.6312	3.8696	3.63E-02
1	49	c	4/18/2004	23:11	-152.04	59.82667	35	29	28.727	24.9921	31.5033	86.99555	9.21037	4.1413	0.6319	3.8571	3.63E-02
1	49	c	4/18/2004	23:11	-152.04	59.82667	35	30	29.717	24.9922	31.5034	86.95135	9.20565	4.1414	0.6229	3.8726	3.63E-02
1	49	c	4/18/2004	23:11	-152.04	59.82667	35	31	30.708	24.992	31.5032	86.94195	9.20467	4.1414	0.6209	3.8852	3.63E-02
1	49	c	4/18/2004	23:11	-152.04	59.82667	35	32	31.699	24.9919	31.503	86.93497	9.20398	4.1412	0.6419	3.8738	3.63E-02
1	49	c	4/18/2004	23:11	-152.04	59.82667	35	33	32.689	24.9921	31.5032	86.89308	9.19951	4.1413	0.6294	3.8648	3.63E-02
1	49	c	4/18/2004	23:11	-152.04	59.82667	35	34	33.679	24.9918	31.5028	86.93532	9.204	4.1413	0.6328	3.8669	3.63E-02
1	49	c	4/18/2004	23:11	-152.04	59.82667	35	35	34.669	24.9915	31.5025	86.89757	9.19998	4.1415	0.6375	3.8475	3.63E-02
1	50	c	4/18/2004	22:43	-151.98667	59.81	32	1	0.991	24.9441	31.4393	76.39097	8.09786	4.1111	3.2019	3.2448	3.63E-02
1	50	c	4/18/2004	22:43	-151.98667	59.81	32	2	1.981	24.9489	31.4519	91.43421	9.67832	4.1644	0.7576	3.6937	3.63E-02
1	50	c	4/18/2004	22:43	-151.98667	59.81	32	3	2.972	24.9481	31.4497	89.34592	9.45956	4.1541	1.3896	3.5853	3.63E-02
1	50	c	4/18/2004	22:43	-151.98667	59.81	32	4	3.963	24.9483	31.4498	89.26054	9.45064	4.1536	1.3724	3.5832	3.63E-02
1	50	c	4/18/2004	22:43	-151.98667	59.81	32	5	4.953	24.9484	31.4499	89.33694	9.45876	4.1534	1.3735	3.5637	3.63E-02
1	50	c	4/18/2004	22:43	-151.98667	59.81	32	6	5.944	24.9483	31.4499	89.33976	9.45906	4.1534	1.3412	3.5392	3.63E-02
1	50	c	4/18/2004	22:43	-151.98667	59.81	32	7	6.935	24.9484	31.45	89.30681	9.45547	4.1538	1.3435	3.5525	3.63E-02
1	50	c	4/18/2004	22:43	-151.98667	59.81	32	8	7.925	24.9486	31.4503	89.29522	9.45422	4.1538	1.3526	3.5422	3.63E-02
1	50	c	4/18/2004	22:43	-151.98667	59.81	32	9	8.916	24.9488	31.4505	89.12835	9.43643	4.1543	1.4144	3.5168	3.63E-02
1	50	c	4/18/2004	22:43	-151.98667	59.81	32	10	9.906	24.9488	31.4505	89.13017	9.43661	4.1544	1.4583	3.4871	3.63E-02
1	50	c	4/18/2004	22:43	-151.98667	59.81	32	11	10.897	24.9485	31.4501	89.20953	9.44507	4.1542	1.4472	3.4944	3.63E-02
1	50	c	4/18/2004	22:43	-151.98667	59.81	32	12	11.887	24.9484	31.4499	89.23128	9.44743	4.154	1.4363	3.4893	3.63E-02
1	50	c	4/18/2004	22:43	-151.98667	59.81	32	13	12.878	24.9487	31.4504	89.26831	9.45127	4.1543	1.4415	3.5158	3.63E-02
1	50	c	4/18/2004	22:43	-151.98667	59.81	32	14	13.869	24.9488	31.4504	89.22272	9.44641	4.1544	1.4563	3.4926	3.63E-02
1	50	c	4/18/2004	22:43	-151.98667	59.81	32	15	14.859	24.9487	31.4504	89.20903	9.44491	4.1546	1.4245	3.4836	3.63E-02
1	50	c	4/18/2004	22:43	-151.98667	59.81	32	16	15.85	24.9488	31.4504	89.20001	9.44391	4.1548	1.4212	3.4805	3.63E-02
1	50	c	4/18/2004	22:43	-151.98667	59.81	32	17	16.84	24.9487	31.4504	89.16806	9.44046	4.1551	1.4729	3.4601	3.63E-02
1	50	c	4/18/2004	22:43	-151.98667	59.81	32	18	17.831	24.9485	31.4502	89.20069	9.44392	4.1551	1.4756	3.4455	3.63E-02
1	50	c	4/18/2004	22:43	-151.98667	59.81	32	19	18.822	24.9483	31.4499	89.29028	9.45338	4.1553	1.4391	3.4948	3.63E-02
1	50	c	4/18/2004	22:43	-151.98667	59.81	32	20	19.812	24.9489	31.4507	89.22505	9.44644	4.1552	1.485	3.4701	3.63E-02
1	50	c	4/18/2004	22:43	-151.98667	59.81	32	21	20.803	24.949	31.4508	89.15618	9.43915	4.1552	1.5207	3.4435	3.63E-02
1	50	c	4/18/2004	22:43	-151.98667	59.81	32	22	21.793	24.9497	31.4516	89.00404	9.42306	4.1549	1.4704	3.4377	3.63E-02
1	50	c	4/18/2004	22:43	-151.98667	59.81	32	23	22.784	24.9499	31.4518	88.89425	9.41139	4.155	1.4874	3.4139	3.63E-02
1	50	c	4/18/2004	22:43	-151.98667	59.81	32	24	23.774	24.9497	31.4517	88.83543	9.40512	4.1553	1.5111	3.4057	3.63E-02
1	50	c	4/18/2004	22:43	-151.98667	59.81	32	25	24.765	24.9502	31.4522	88.82945	9.40459	4.1547	1.5106	3.4171	3.63E-02
1	50	c	4/18/2004	22:43	-151.98667	59.81	32	26	25.755	24.9509	31.453	88.71121	9.39224	4.1538	1.444	3.4105	3.63E-02
1	50	c	4/18/2004	22:43	-151.98667	59.81	32	27	26.746	24.9508	31.4528	88.71069	9.39217	4.1539	1.4485	3.4072	3.63E-02
1	50	c	4/18/2004	22:43	-151.98667	59.81	32	28	27.736	24.9506	31.4526	88.70823	9.39183	4.1543	1.4606	3.4062	3.63E-02
1	50	c	4/18/2004	22:43	-151.98667	59.81	32	29	28.727	24.9508	31.4529	88.63636	9.38418	4.1544	1.4417	3.3969	3.63E-02
1	50	c	4/18/2004	22:43	-151.98667	59.81	32	30	29.718	24.9508	31.4528	88.62115	9.3826	4.1543	1.4303	3.371	3.63E-02
1	50	c	4/18/2004	22:43	-151.98667	59.81	32	31	30.708	24.9508	31.4528	88.57846	9.37809	4.1542	1.4295	3.3849	3.63E-02
1	50	c	4/18/2004	22:43	-151.98667	59.81	32	32	31.699	24.9512	31.4533	88.53947	9.37394	4.1542	1.4637	3.456	3.63E-02
1	51	c	4/18/2004	22:26	-151.95833	59.79833	27	2	1.981	24.877	31.3655	86.1367	9.11482	4.1988	1.0154	3.603	3.63E-02
1	51	c	4/18/2004	22:26	-151.95833	59.79833	27	3	2.972	24.8776	31.3664	86.24408	9.12596	4.1996	1.0231	3.5562	3.63E-02
1	51	c	4/18/2004	22:26	-151.95833	59.79833	27	4	3.962	24.8776	31.3664	86.27186	9.12886	4.1997	1.0042	3.5647	3.63E-02
1	51	c	4/18/2004	22:26	-151.95833	59.79833	27	5	4.953	24.8771	31.3659	86.3359	9.13557	4.2002	1.0096	3.5472	3.63E-02
1	51	c	4/18/2004	22:26	-151.95833	59.79833	27	6	5.944	24.8772	31.3661	86.43901	9.14645	4.2002	1.037	3.5353	3.63E-02
1	51	c	4/18/2004	22:26	-151.95833	59.79833	27	7	6.934	24.8773	31.3661	86.40638	9.14296	4.2004	1.0287	3.5357	3.63E-02
1	51	c	4/18/2004	22:26	-151.95833	59.79833	27	8	7.925	24.8781	31.3672	86.29626	9.13124	4.2004	0.997	3.5081	3.63E-02
1	51	c	4/18/2004	22:26	-151.95833	59.79833	27	9	8.916	24.8786	31.3677	86.25479	9.12688	4.2002	0.9703	3.522	3.63E-02
1	51	c	4/18/2004	22:26	-151.95833	59.79833	27	10	9.906	24.8791	31.3684	86.17416	9.11832	4.2001	0.964	3.4913	3.63E-02
1	51	c	4/18/2004	22:26	-151.95833	59.79833	27	11	10.897	24.8792	31.3684	86.06018	9.10624	4.2002	0.9719	3.4871	3.63E-02
1	51	c	4/18/2004	22:26	-151.95833	59.79833	27	12	11.888	24.8794	31.3687	86.09381	9.10981	4.2001	0.9445	3.4807	3.63E-02
1	51	c	4/18/2004	22:26	-151.95833	59.79833	27	13	12.878	24.8794	31.3687	86.1181	9.11235	4.2002	0.9279	3.4815	3.63E-02
1	51	c	4/18/2004	22:26	-151.95833	59.79833	27	14	13.869	24.8793	31.3686	86.10585	9.11103	4.2003	0.9824	3.472	3.63E-02
1	51	c	4/18/2004	22:26	-151.95833	59.79833	27	15	14.859	24.8791	31.3684	86.07791	9.10807	4.2004	0.9528	3.4751	3.63E-02
1	51	c	4/18/2004	22:26	-151.95833	59.79833	27	16	15.85	24.8793	31.3686	86.08807	9.10913	4.2004	0.9603	3.4628	3.63E-02
1	51	c	4/18/2004	22:26	-151.95833	59.79833	27	17	16.84	24.8793	31.3686	86.14063	9.11468	4.2004	0.9732	3.4669	3.63E-02
1	51	c	4/18/2004	22:26	-151.95833	59.79833	27	18	17.831	24.8793	31.3685	86.07071	9.10728	4.2005	0.9696	3.4863	3.63E-02
1	51	c	4/18/2004	22:26	-151.95833	59.79833	27	19	18.822	24.8796	31.3689	86.06027	9.10615	4.2005	0.937	3.4751	3.63E-02
1	51	c	4/18/2004	22:26	-151.95833	59.79833	27	20	19.812	24.8797	31.3691	86.06221	9.10636	4.2004	0.9152	3.4708	3.63E-02
1	51	c	4/18/2004	22:26	-151.95833	59.79833	27	21	20.803	24.8799	31.3693	85.95855	9.0954	4.2003	0.9325	3.4881	3.63E-02
1	51	c	4/18/2004	22:26	-151.95833	59.79833	27	22	21.793	24.88	31.3695	85.94745	9.09422	4.2003	0.928	3.4798	3.63E-02
1	51	c	4/18/2004	22:26	-151.95833	59.79833	27	23	22.784	24.8801	31.3696	86.0072	9.10053	4.2003	0.9377	3.4841	3.63E-02
1	51	c	4/18/2004	22:26	-151.95833	59.79833	27	24	23.774	24.88	31.3694	85.99815	9.09955	4.2005	0.9323	3.4774	3.63E-02
1	51	c	4/18/2004	22:26	-151.95833	59.79833	27	25	24.765	24.88	31.3694	85.98631	9.09828	4.2005	0.91	3.46	3.63E-02
1	51	c	4/18/2004	22:26	-151.95833	59.79833	27	26	25.755	24.8798	31.3692	85.97794	9.09742	4.2005	0.9256	3.4762	3.63E-02
1	52	c	4/18/2004	22:10	-151.935	59.79	20	2	1.981	24.8351	31.316	83.75998	8.86046	4.2251	0.4281	3.9034	5.51E-02
1	52	c	4/18/2004	22:10	-151.935	59.79	20	3	2.972	24.8372	31.3191	84.55258	8.94347	4.2282	0.4148	3.849	4.37E-02
1	52	c	4/18/2004	22:10	-151.935	59.79	20	4	3.963	24.838	31.3201	84.44848	8.93251	4.2277	0.4382	3.8436	3.94E-02
1	52	c	4/18/2004	22:10	-151.935	59.79	20	5	4.953	24.8383	31.3204	84.404	8.92781	4.2275	0.4184	3.8489	3.65E-02
1	52	c	4/18/2004	22:10	-151.935	59.79	20	6	5.944	24.8384	31.3204	84.37578	8.92481	4.2276	0.4054	3.8556	3.63E-02
1	52	c	4/18/2004	22:10	-151.935	59.79	20	7	6.935	24.8387	31.3209	84.36972	8.92409	4.2278	0.4146	3.8615	3.63E-02
1	52	c	4/18/2004	22:10	-151.935	59.79	20	8	7.925	24.839	31.3213	84.45519	8.93308	4.2279	0.422	3.8537	3.63E-02
1	52	c	4/18/2004	22:10	-151.935	59.79	20	9	8.916	24.8387	31.3209	84.52917	8.94093	4.2279	0.4245	3.864	3.63E-02
1	52	c	4/18/2004	22:10	-151.935	59.79	20	10	9.906	24.8402	31.3228	84.51928	8.93983	4.2277	0.4171	3.8482	3.63E-02
1	52	c	4/18/2004	22:10	-151.935	59.79	20	11	10.897	24.8405	31.3231	84.43501	8.93091	4.2276	0.4224	3.8514	3.63E-02
1	52	c	4/18/2004	22:10	-151.935	59.79	20	12	11.888	24.8419	31.3249	84.37518	8.92454	4.2273	0.4252	3.8498	3.63E-02
1	52	c	4/18/2004	22:10	-151.935	59.79	20	13	12.878	24.8399	31.3224	84.39686	8.92684	4.228	0.4269	3.8553	3.63E-02
1	52	c	4/18/2004	22:10	-151.935	59.79	20	14	13.869	24.8412	31.3239	84.41226	8.92847	4.2276	0.4176	3.8533	3.63E-02
1	52	c	4/18/2004	22:10	-151.935	59.79	20	15	14.859	24.8427	31.3258	84.39843	8.927	4.2271	0.4113	3.8595	3.63E-02
1	52	c	4/18/2004	22:10	-151.935	59.79	20	16	15.85	24.8442	31.3276	84.41195	8.92844	4.2266	0.4193	3.8547	3.63E-02
1	52	c	4/18/2004	22:10	-151.935	59.79	20	17	16.84	24.8443	31.3277	84.34194	8.92102	4.2266	0.4077	3.8596	3.63E-02
1	52	c	4/18/2004	22:10	-151.935	59.79	20	18	17.831	24.8443	31.3277	84.34717	8.92157	4.2266	0.4115	3.868	3.63E-02
1	53	c	4/18/2004	21:53	-151.905	59.78	13	1	0.991	24.6965	31.1454	82.26032	8.705	4.2562	0.4458	3.7154	4.44E-01
1	53	c	4/18/2004	21:53	-151.905	59.78	13	2	1.982	24.712	31.1669	79.56962	8.41522	4.2729	0.5645	3.7888	2.58E-01
1	53	c	4/18/2004	21:53	-151.905	59.78	13	3	2.972	24.7091	31.1631	84.89612	8.97952	4.2713	0.4694	3.7634	1.68E-01
1	53	c	4/18/2004	21:53	-151.905	59.78	13	4	3.963	24.7091	31.1631	85.08061	8.99896	4.2717	0.452	3.7691	1.20E-01
1	53	c	4/18/2004	21:53	-151.905	59.78	13	5	4.953	24.7091	31.1632	85.05465	8.99617	4.2719	0.4603	3.7682	8.81E-02
1	53	c	4/18/2004	21:53	-151.905	59.78	13	6	5.944	24.7085	31.1624	85.07369	8.99814	4.2723	0.4496	3.7678	6.66E-02
1	53	c	4/18/2004	21:53	-151.905	59.78	13	7	6.935	24.7085	31.1624	85.09597	9.00049	4.2723	0.4544	3.7732	5.37E-02
1	53	c	4/18/2004	21:53	-151.905	59.78	13	8	7.925	24.7084	31.1623	85.11909	9.00292	4.2724	0.4577	3.7773	4.53E-02
1	53	c	4/18/2004	21:53	-151.905	59.78	13	9	8.916	24.7083	31.1622	85.11317	9.00228	4.2725	0.4567	3.7806	3.95E-02
1	53	c	4/18/2004	21:53	-151.905	59.78	13	10	9.906	24.7083	31.1622	85.1025	9.00113	4.2726	0.4488	3.7816	3.63E-02
1	53	c	4/18/2004	21:53	-151.905	59.78	13	11	10.897	24.708	31.1618	85.01666	8.99205	4.2727	0.4385	3.7894	3.63E-02
1	54	c	4/18/2004	21:36	-151.88333	59.77167	12	2	1.981	24.469	30.8666	87.92272	9.30675	4.3201	0.6056	3.8005	1.07E+00
1	54	c	4/18/2004	21:36	-151.88333	59.77167	12	3	2.972	24.4689	30.8665	88.18852	9.33469	4.3209	0.6122	3.7918	6.96E-01
1	54	c	4/18/2004	21:36	-151.88333	59.77167	12	4	3.963	24.4898	30.8934	88.0902	9.32182	4.3245	0.5878	3.8283	4.67E-01
1	54	c	4/18/2004	21:36	-151.88333	59.77167	12	5	4.953	24.4973	30.903	88.03376	9.31495	4.3258	0.5892	3.8472	3.17E-01
1	54	c	4/18/2004	21:36	-151.88333	59.77167	12	6	5.944	24.4944	30.8992	88.11288	9.3236	4.3256	0.5909	3.8437	2.29E-01
1	54	c	4/18/2004	21:36	-151.88333	59.77167	12	7	6.934	24.4924	30.8968	88.18241	9.33114	4.3255	0.581	3.8473	1.69E-01
1	54	c	4/18/2004	21:36	-151.88333	59.77167	12	8	7.925	24.4949	30.8999	88.09669	9.32184	4.3256	0.5512	3.853	1.10E-01
