Cruise	Station	Type	mon/day/yr	hh:mm	Lon (E)	Lat (N)	Bot. Depth [m]	Press	Depth [m]	Sigma	Salinity [psu]	oxper [%]	oxconc	Temperature [C]	fluor [v]	tran [v]	PAR
3	38	c	6/14/2004	13:24	-152.56667	60.00667	24	0	0	22.7099	29.3198	87.44374	8.419	8.7571	0.5792	0.5395	9.64E+02
3	38	c	6/14/2004	13:24	-152.56667	60.00667	24	1	0.991	22.793	29.3526	76.63025	7.44561	8.3547	0.2023	2.0977	2.84E+02
3	38	c	6/14/2004	13:24	-152.56667	60.00667	24	2	1.981	22.7829	29.3156	84.5192	8.23733	8.2196	0.2798	1.8911	1.37E+02
3	38	c	6/14/2004	13:24	-152.56667	60.00667	24	3	2.972	22.8502	29.3844	85.04347	8.30264	8.1239	0.293	1.7306	5.31E+01
3	38	c	6/14/2004	13:24	-152.56667	60.00667	24	4	3.963	22.8873	29.4259	84.96916	8.2994	8.0912	0.2931	1.6139	1.81E+01
3	38	c	6/14/2004	13:24	-152.56667	60.00667	24	5	4.953	22.9053	29.4459	84.98445	8.30318	8.0737	0.291	1.5502	7.13E+00
3	38	c	6/14/2004	13:24	-152.56667	60.00667	24	6	5.944	22.9278	29.4695	84.86854	8.29604	8.0452	0.2895	1.5502	2.31E+00
3	38	c	6/14/2004	13:24	-152.56667	60.00667	24	7	6.934	22.935	29.4768	84.81763	8.29272	8.0345	0.285	1.6126	8.36E-01
3	38	c	6/14/2004	13:24	-152.56667	60.00667	24	8	7.925	22.9339	29.4755	84.84638	8.29548	8.0351	0.2805	1.6206	3.29E-01
3	38	c	6/14/2004	13:24	-152.56667	60.00667	24	9	8.916	22.9372	29.4788	84.83463	8.29519	8.0297	0.2768	1.5036	1.33E-01
3	38	c	6/14/2004	13:24	-152.56667	60.00667	24	10	9.906	22.9407	29.4823	84.86304	8.29876	8.0246	0.2765	1.4733	7.03E-02
3	38	c	6/14/2004	13:24	-152.56667	60.00667	24	11	10.897	22.9435	29.485	84.80266	8.29375	8.0191	0.2736	1.4609	5.51E-02
3	38	c	6/14/2004	13:24	-152.56667	60.00667	24	12	11.887	22.952	29.4932	84.78764	8.29456	8.0049	0.2676	1.4391	5.01E-02
3	38	c	6/14/2004	13:24	-152.56667	60.00667	24	13	12.878	22.9522	29.4937	84.77519	8.29315	8.0058	0.2694	1.4191	4.87E-02
3	38	c	6/14/2004	13:24	-152.56667	60.00667	24	14	13.869	22.9518	29.4918	84.75188	8.2924	7.9983	0.2718	1.3355	4.83E-02
3	38	c	6/14/2004	13:24	-152.56667	60.00667	24	15	14.859	22.9519	29.4918	84.80561	8.29782	7.9975	0.2723	1.2976	4.81E-02
3	38	c	6/14/2004	13:24	-152.56667	60.00667	24	16	15.85	22.9519	29.4917	84.7871	8.29598	7.9977	0.2643	1.2978	4.81E-02
3	38	c	6/14/2004	13:24	-152.56667	60.00667	24	17	16.84	22.9526	29.4928	84.78376	8.2955	7.9982	0.2658	1.3004	4.81E-02
3	38	c	6/14/2004	13:24	-152.56667	60.00667	24	18	17.831	22.9547	29.4955	84.79136	8.29595	7.9989	0.2592	1.2978	4.81E-02
3	38	c	6/14/2004	13:24	-152.56667	60.00667	24	19	18.821	22.9546	29.4954	84.78089	8.29489	7.9991	0.2626	1.3119	4.82E-02
3	38	c	6/14/2004	13:24	-152.56667	60.00667	24	20	19.812	22.9526	29.4928	84.83108	8.29998	7.9989	0.2581	1.3437	4.82E-02
3	38	c	6/14/2004	13:24	-152.56667	60.00667	24	21	20.803	22.9521	29.4922	84.74739	8.29182	7.999	0.2592	1.4068	4.83E-02
3	38	c	6/14/2004	13:24	-152.56667	60.00667	24	22	21.793	22.9524	29.4925	84.7523	8.29228	7.999	0.2556	1.3997	4.83E-02
3	38	c	6/14/2004	13:24	-152.56667	60.00667	24	23	22.784	22.9507	29.4904	84.78758	8.29584	7.999	0.2556	1.3414	4.84E-02
3	39	c	6/14/2004	13:39	-152.53667	59.99667	32	1	0.991	23.067	29.6473	83.9471	8.19643	8.046	0.2038	1.8371	2.19E+02
3	39	c	6/14/2004	13:39	-152.53667	59.99667	32	2	1.981	23.0663	29.6468	84.34812	8.2351	8.0486	0.225	1.8209	7.38E+01
3	39	c	6/14/2004	13:39	-152.53667	59.99667	32	3	2.972	23.0684	29.6468	84.31439	8.2348	8.0329	0.2305	1.8274	3.03E+01
3	39	c	6/14/2004	13:39	-152.53667	59.99667	32	4	3.963	23.0705	29.647	84.3225	8.23818	8.0192	0.2325	1.7249	1.22E+01
3	39	c	6/14/2004	13:39	-152.53667	59.99667	32	5	4.953	23.0722	29.6472	84.26504	8.23469	8.0079	0.2363	1.6734	4.19E+00
3	39	c	6/14/2004	13:39	-152.53667	59.99667	32	6	5.944	23.0728	29.6478	84.33128	8.24136	8.0067	0.2353	1.7373	1.80E+00
3	39	c	6/14/2004	13:39	-152.53667	59.99667	32	7	6.934	23.0722	29.6477	84.33268	8.24073	8.0108	0.2365	1.7766	6.63E-01
3	39	c	6/14/2004	13:39	-152.53667	59.99667	32	8	7.925	23.0721	29.6476	84.38659	8.24593	8.0112	0.2309	1.7804	2.59E-01
3	39	c	6/14/2004	13:39	-152.53667	59.99667	32	9	8.916	23.0711	29.6474	84.36633	8.24272	8.0177	0.2335	1.6241	1.19E-01
3	39	c	6/14/2004	13:39	-152.53667	59.99667	32	10	9.906	23.0717	29.6473	84.38706	8.24573	8.0125	0.2258	1.7155	6.94E-02
3	39	c	6/14/2004	13:39	-152.53667	59.99667	32	11	10.897	23.072	29.6474	84.44338	8.25153	8.011	0.2273	1.7309	5.24E-02
3	39	c	6/14/2004	13:39	-152.53667	59.99667	32	12	11.888	23.0723	29.6476	84.47047	8.25434	8.0101	0.2255	1.6998	4.78E-02
3	39	c	6/14/2004	13:39	-152.53667	59.99667	32	13	12.878	23.0733	29.6482	84.41295	8.2493	8.0068	0.2252	1.6707	4.59E-02
3	39	c	6/14/2004	13:39	-152.53667	59.99667	32	14	13.869	23.0738	29.6485	84.4284	8.25124	8.0045	0.2312	1.6228	4.51E-02
3	39	c	6/14/2004	13:39	-152.53667	59.99667	32	15	14.859	23.0739	29.6486	84.39189	8.24765	8.0046	0.2301	1.6439	4.49E-02
3	39	c	6/14/2004	13:39	-152.53667	59.99667	32	16	15.85	23.0737	29.6485	84.32281	8.24074	8.0055	0.2321	1.6387	4.48E-02
3	39	c	6/14/2004	13:39	-152.53667	59.99667	32	17	16.84	23.0748	29.6492	84.24474	8.23376	8.0018	0.233	1.6589	4.47E-02
3	39	c	6/14/2004	13:39	-152.53667	59.99667	32	18	17.831	23.0769	29.651	84.3098	8.24094	7.997	0.2264	1.6321	4.47E-02
3	39	c	6/14/2004	13:39	-152.53667	59.99667	32	19	18.821	23.0776	29.6516	84.35509	8.24564	7.9954	0.2255	1.607	4.47E-02
3	39	c	6/14/2004	13:39	-152.53667	59.99667	32	20	19.812	23.0796	29.6534	84.34048	8.24492	7.9911	0.2252	1.5842	4.48E-02
3	39	c	6/14/2004	13:39	-152.53667	59.99667	32	21	20.803	23.0809	29.6547	84.34334	8.24544	7.9895	0.2316	1.5492	4.48E-02
3	39	c	6/14/2004	13:39	-152.53667	59.99667	32	22	21.793	23.0809	29.6548	84.32725	8.2439	7.9893	0.2237	1.5378	4.48E-02
3	39	c	6/14/2004	13:39	-152.53667	59.99667	32	23	22.784	23.0808	29.6546	84.24429	8.23575	7.9896	0.2266	1.513	4.48E-02
3	39	c	6/14/2004	13:39	-152.53667	59.99667	32	24	23.774	23.0808	29.6547	84.21702	8.23304	7.9898	0.2269	1.5282	4.48E-02
3	39	c	6/14/2004	13:39	-152.53667	59.99667	32	25	24.765	23.082	29.6559	84.279	8.23932	7.9883	0.2277	1.5092	4.48E-02
3	39	c	6/14/2004	13:39	-152.53667	59.99667	32	26	25.755	23.0819	29.6559	84.38593	8.24971	7.9886	0.2301	1.5161	4.48E-02
3	39	c	6/14/2004	13:39	-152.53667	59.99667	32	27	26.746	23.0816	29.6555	84.36695	8.24782	7.9889	0.2253	1.5274	4.48E-02
3	39	c	6/14/2004	13:39	-152.53667	59.99667	32	28	27.736	23.0821	29.6559	84.35526	8.24681	7.9881	0.2304	1.5239	4.48E-02
3	39	c	6/14/2004	13:39	-152.53667	59.99667	32	29	28.727	23.0829	29.6568	84.32805	8.2443	7.9871	0.2272	1.5665	4.49E-02
3	39	c	6/14/2004	13:39	-152.53667	59.99667	32	30	29.717	23.084	29.658	84.35205	8.24676	7.9862	0.2262	1.6341	4.49E-02
3	40	c	6/14/2004	13:51	-152.51	59.98667	35	1	0.991	23.0929	29.6871	84.256	8.21727	8.084	0.2479	1.5812	1.19E+02
3	40	c	6/14/2004	13:51	-152.51	59.98667	35	2	1.981	23.0932	29.6881	84.3484	8.22555	8.0876	0.2592	1.5954	3.61E+01
3	40	c	6/14/2004	13:51	-152.51	59.98667	35	3	2.972	23.0934	29.6871	84.31683	8.2238	8.0809	0.2663	1.6414	1.11E+01
3	40	c	6/14/2004	13:51	-152.51	59.98667	35	4	3.963	23.0954	29.6877	84.27834	8.22221	8.0693	0.2657	1.671	3.52E+00
3	40	c	6/14/2004	13:51	-152.51	59.98667	35	5	4.953	23.0955	29.6873	84.33841	8.22857	8.0668	0.2733	1.6572	1.14E+00
3	40	c	6/14/2004	13:51	-152.51	59.98667	35	6	5.944	23.0957	29.6875	84.25355	8.22032	8.0666	0.269	1.608	4.06E-01
3	40	c	6/14/2004	13:51	-152.51	59.98667	35	7	6.934	23.0957	29.6876	84.23061	8.21798	8.0671	0.2644	1.5339	1.66E-01
3	40	c	6/14/2004	13:51	-152.51	59.98667	35	8	7.925	23.0948	29.6868	84.30632	8.22499	8.0693	0.2632	1.5171	7.63E-02
3	40	c	6/14/2004	13:51	-152.51	59.98667	35	9	8.916	23.0943	29.6866	84.36244	8.22996	8.072	0.2633	1.5416	5.18E-02
3	40	c	6/14/2004	13:51	-152.51	59.98667	35	10	9.906	23.0943	29.6872	84.3692	8.22994	8.0754	0.258	1.5363	4.50E-02
3	40	c	6/14/2004	13:51	-152.51	59.98667	35	11	10.897	23.0954	29.6875	84.28602	8.22307	8.0688	0.2569	1.5449	4.29E-02
3	40	c	6/14/2004	13:51	-152.51	59.98667	35	12	11.887	23.0973	29.6885	84.27034	8.22285	8.0615	0.2574	1.5078	4.22E-02
3	40	c	6/14/2004	13:51	-152.51	59.98667	35	13	12.878	23.0974	29.6886	84.37561	8.23322	8.0611	0.2616	1.4878	4.20E-02
3	40	c	6/14/2004	13:51	-152.51	59.98667	35	14	13.869	23.097	29.6882	84.39015	8.23454	8.0617	0.2579	1.4861	4.19E-02
3	40	c	6/14/2004	13:51	-152.51	59.98667	35	15	14.859	23.097	29.6881	84.31576	8.22737	8.0612	0.257	1.5004	4.19E-02
3	40	c	6/14/2004	13:51	-152.51	59.98667	35	16	15.85	23.0982	29.69	84.35259	8.23037	8.0638	0.2534	1.4931	4.19E-02
3	40	c	6/14/2004	13:51	-152.51	59.98667	35	17	16.84	23.1	29.6917	84.37372	8.2331	8.0598	0.254	1.4857	4.20E-02
3	40	c	6/14/2004	13:51	-152.51	59.98667	35	18	17.831	23.0997	29.6914	84.38637	8.23417	8.0608	0.2512	1.4821	4.20E-02
3	40	c	6/14/2004	13:51	-152.51	59.98667	35	19	18.822	23.0984	29.6903	84.38583	8.23357	8.064	0.2487	1.4948	4.20E-02
3	40	c	6/14/2004	13:51	-152.51	59.98667	35	20	19.812	23.1017	29.6938	84.41956	8.23743	8.06	0.2471	1.4587	4.20E-02
3	40	c	6/14/2004	13:51	-152.51	59.98667	35	21	20.803	23.1023	29.6944	84.41956	8.23746	8.0597	0.2486	1.4461	4.20E-02
3	40	c	6/14/2004	13:51	-152.51	59.98667	35	22	21.793	23.103	29.6953	84.35849	8.23145	8.0597	0.2469	1.4376	4.20E-02
3	40	c	6/14/2004	13:51	-152.51	59.98667	35	23	22.784	23.1026	29.6948	84.3324	8.2289	8.0599	0.2479	1.4419	4.21E-02
3	40	c	6/14/2004	13:51	-152.51	59.98667	35	24	23.774	23.1013	29.6931	84.29855	8.22569	8.0599	0.2464	1.4314	4.21E-02
3	40	c	6/14/2004	13:51	-152.51	59.98667	35	25	24.765	23.101	29.6928	84.22373	8.2184	8.0599	0.2478	1.4398	4.21E-02
3	40	c	6/14/2004	13:51	-152.51	59.98667	35	26	25.755	23.1011	29.6929	84.23224	8.21922	8.0599	0.2451	1.44	4.22E-02
3	40	c	6/14/2004	13:51	-152.51	59.98667	35	27	26.746	23.1014	29.6934	84.26419	8.22223	8.0603	0.2488	1.4492	4.21E-02
3	40	c	6/14/2004	13:51	-152.51	59.98667	35	28	27.736	23.1022	29.6944	84.28348	8.22398	8.0607	0.2453	1.4157	4.22E-02
3	40	c	6/14/2004	13:51	-152.51	59.98667	35	29	28.727	23.1025	29.6948	84.3507	8.23045	8.0611	0.2417	1.4143	4.22E-02
3	40	c	6/14/2004	13:51	-152.51	59.98667	35	30	29.717	23.1025	29.6947	84.34442	8.22986	8.061	0.2403	1.4105	4.22E-02
3	40	c	6/14/2004	13:51	-152.51	59.98667	35	31	30.708	23.1025	29.6948	84.44331	8.2395	8.061	0.2395	1.4156	4.23E-02
3	40	c	6/14/2004	13:51	-152.51	59.98667	35	32	31.698	23.1032	29.6955	84.45008	8.24009	8.0612	0.2505	1.4791	4.22E-02
3	42	c	6/14/2004	14:03	-152.42167	59.95667	29	1	0.991	22.9196	29.499	84.29339	8.19584	8.2697	0.236	1.7706	2.01E+02
3	42	c	6/14/2004	14:03	-152.42167	59.95667	29	2	1.981	22.9334	29.5092	84.27765	8.20141	8.2291	0.2601	1.5669	5.42E+01
3	42	c	6/14/2004	14:03	-152.42167	59.95667	29	3	2.972	22.9337	29.5098	84.31862	8.20525	8.2297	0.26	1.5738	1.88E+01
3	42	c	6/14/2004	14:03	-152.42167	59.95667	29	4	3.963	22.9338	29.5099	84.32892	8.20621	8.2299	0.2671	1.6701	6.13E+00
3	42	c	6/14/2004	14:03	-152.42167	59.95667	29	5	4.953	22.9367	29.5128	84.34838	8.20877	8.2255	0.266	1.6515	2.23E+00
3	42	c	6/14/2004	14:03	-152.42167	59.95667	29	6	5.944	22.9369	29.513	84.27993	8.20219	8.2251	0.2618	1.7442	6.73E-01
3	42	c	6/14/2004	14:03	-152.42167	59.95667	29	7	6.934	22.9427	29.5189	84.38717	8.21387	8.2169	0.2579	1.6678	2.52E-01
3	42	c	6/14/2004	14:03	-152.42167	59.95667	29	8	7.925	22.9441	29.5203	84.38018	8.21346	8.215	0.2542	1.6518	9.62E-02
3	42	c	6/14/2004	14:03	-152.42167	59.95667	29	9	8.916	22.9447	29.521	84.32533	8.20821	8.2143	0.2574	1.5791	5.88E-02
3	42	c	6/14/2004	14:03	-152.42167	59.95667	29	10	9.906	22.9433	29.5195	84.28547	8.20406	8.2162	0.2568	1.5448	4.50E-02
3	42	c	6/14/2004	14:03	-152.42167	59.95667	29	11	10.897	22.9517	29.5284	84.38661	8.21543	8.2056	0.2568	1.4761	4.21E-02
3	42	c	6/14/2004	14:03	-152.42167	59.95667	29	12	11.887	22.9561	29.5329	84.36509	8.21419	8.1998	0.2544	1.481	4.10E-02
3	42	c	6/14/2004	14:03	-152.42167	59.95667	29	13	12.878	22.9576	29.5345	84.42715	8.22041	8.1984	0.2546	1.4665	4.05E-02
3	42	c	6/14/2004	14:03	-152.42167	59.95667	29	14	13.869	22.9572	29.5341	84.35111	8.21296	8.1988	0.2579	1.4372	4.05E-02
3	42	c	6/14/2004	14:03	-152.42167	59.95667	29	15	14.859	22.957	29.5339	84.35076	8.21289	8.199	0.2543	1.451	4.04E-02
3	42	c	6/14/2004	14:03	-152.42167	59.95667	29	16	15.85	22.9559	29.5327	84.36436	8.21402	8.2004	0.2547	1.4964	4.04E-02
3	42	c	6/14/2004	14:03	-152.42167	59.95667	29	17	16.84	22.9543	29.531	84.32282	8.20965	8.2026	0.2553	1.515	4.05E-02
3	42	c	6/14/2004	14:03	-152.42167	59.95667	29	18	17.831	22.9544	29.5311	84.34618	8.21188	8.2028	0.2532	1.4878	4.05E-02
3	42	c	6/14/2004	14:03	-152.42167	59.95667	29	19	18.821	22.955	29.5318	84.35086	8.21239	8.2024	0.257	1.4966	4.05E-02
3	42	c	6/14/2004	14:03	-152.42167	59.95667	29	20	19.812	22.955	29.5318	84.36364	8.21367	8.2021	0.253	1.4921	4.05E-02
3	42	c	6/14/2004	14:03	-152.42167	59.95667	29	21	20.803	22.9562	29.5331	84.37506	8.2149	8.2011	0.254	1.5068	4.06E-02
3	42	c	6/14/2004	14:03	-152.42167	59.95667	29	22	21.793	22.955	29.5318	84.33773	8.2111	8.2024	0.2533	1.4892	4.06E-02
3	42	c	6/14/2004	14:03	-152.42167	59.95667	29	23	22.784	22.9652	29.5427	84.34705	8.21371	8.1903	0.2519	1.4554	4.06E-02
3	42	c	6/14/2004	14:03	-152.42167	59.95667	29	24	23.774	22.9654	29.5428	84.33308	8.21239	8.1901	0.2495	1.4076	4.07E-02
3	42	c	6/14/2004	14:03	-152.42167	59.95667	29	25	24.765	22.9675	29.545	84.37406	8.21672	8.1876	0.2529	1.401	4.07E-02
3	42	c	6/14/2004	14:03	-152.42167	59.95667	29	26	25.755	22.9692	29.5468	84.37622	8.21724	8.1855	0.2531	1.4049	4.07E-02
3	42	c	6/14/2004	14:03	-152.42167	59.95667	29	27	26.746	22.9709	29.5487	84.38092	8.21798	8.1835	0.2521	1.3999	4.08E-02
3	42	c	6/14/2004	14:03	-152.42167	59.95667	29	28	27.736	22.9704	29.5481	84.47065	8.22656	8.1845	0.2533	1.4263	4.08E-02
3	42	c	6/14/2004	14:03	-152.42167	59.95667	29	29	28.727	22.9721	29.55	84.42159	8.22197	8.183	0.2524	1.4266	4.08E-02
3	43	c	6/14/2004	14:27	-152.36833	59.93833	52	1	0.991	22.3721	28.8724	84.46142	8.16972	8.6723	0.1955	2.9972	1.97E+02
3	43	c	6/14/2004	14:27	-152.36833	59.93833	52	2	1.981	22.4937	29.0041	84.23179	8.16489	8.5419	0.2204	2.9669	1.29E+02
3	43	c	6/14/2004	14:27	-152.36833	59.93833	52	3	2.972	22.616	29.1373	84.07016	8.16607	8.4142	0.243	2.9318	9.06E+01
3	43	c	6/14/2004	14:27	-152.36833	59.93833	52	4	3.962	22.8156	29.3618	84.0988	8.18881	8.2449	0.2433	2.8144	6.40E+01
3	43	c	6/14/2004	14:27	-152.36833	59.93833	52	5	4.953	22.8985	29.4568	84.19112	8.20418	8.1844	0.2365	2.4805	4.16E+01
3	43	c	6/14/2004	14:27	-152.36833	59.93833	52	6	5.944	22.9046	29.4637	84.22612	8.20805	8.18	0.2342	2.3675	2.39E+01
3	43	c	6/14/2004	14:27	-152.36833	59.93833	52	7	6.935	22.9067	29.4663	84.1702	8.20267	8.1789	0.2354	2.338	1.31E+01
3	43	c	6/14/2004	14:27	-152.36833	59.93833	52	8	7.925	22.9079	29.4682	84.22424	8.20738	8.1813	0.2394	2.3374	7.13E+00
3	43	c	6/14/2004	14:27	-152.36833	59.93833	52	9	8.916	22.9089	29.4693	84.18948	8.20399	8.181	0.2363	2.3608	3.94E+00
3	43	c	6/14/2004	14:27	-152.36833	59.93833	52	10	9.906	22.9093	29.4702	84.2645	8.21095	8.1827	0.2376	2.3631	2.18E+00
3	43	c	6/14/2004	14:27	-152.36833	59.93833	52	11	10.897	22.9111	29.4724	84.26032	8.21039	8.1828	0.2331	2.329	1.15E+00
3	43	c	6/14/2004	14:27	-152.36833	59.93833	52	12	11.887	22.9099	29.4715	84.1539	8.19944	8.1862	0.2322	2.3455	6.28E-01
3	43	c	6/14/2004	14:27	-152.36833	59.93833	52	13	12.878	22.9108	29.4728	84.23638	8.20727	8.1869	0.2301	2.3464	3.57E-01
3	43	c	6/14/2004	14:27	-152.36833	59.93833	52	14	13.869	22.9118	29.4745	84.32261	8.21503	8.1898	0.2329	2.3254	1.97E-01
3	43	c	6/14/2004	14:27	-152.36833	59.93833	52	15	14.859	22.9148	29.4781	84.23577	8.20673	8.188	0.2317	2.3329	1.16E-01
3	43	c	6/14/2004	14:27	-152.36833	59.93833	52	16	15.85	22.9204	29.4851	84.19838	8.20275	8.1878	0.2307	2.3666	7.64E-02
3	43	c	6/14/2004	14:27	-152.36833	59.93833	52	17	16.84	22.9399	29.5096	84.21804	8.2038	8.1855	0.2304	2.3609	5.71E-02
3	43	c	6/14/2004	14:27	-152.36833	59.93833	52	18	17.831	22.9495	29.5211	84.31909	8.21375	8.1817	0.2307	2.3744	4.75E-02
3	43	c	6/14/2004	14:27	-152.36833	59.93833	52	19	18.821	22.9828	29.5613	84.29356	8.2117	8.1682	0.2299	2.385	4.31E-02
3	43	c	6/14/2004	14:27	-152.36833	59.93833	52	20	19.812	23.0605	29.6531	84.1531	8.20097	8.1268	0.2322	2.3965	4.09E-02
3	43	c	6/14/2004	14:27	-152.36833	59.93833	52	21	20.803	23.1734	29.7799	83.91669	8.18952	8.0298	0.2268	2.3404	3.97E-02
3	43	c	6/14/2004	14:27	-152.36833	59.93833	52	22	21.793	23.2988	29.921	83.90912	8.2015	7.923	0.2307	1.9718	3.91E-02
3	43	c	6/14/2004	14:27	-152.36833	59.93833	52	23	22.784	23.3038	29.9265	83.88474	8.1998	7.9179	0.2286	1.9142	3.88E-02
3	43	c	6/14/2004	14:27	-152.36833	59.93833	52	24	23.774	23.3697	30.0016	83.81934	8.19904	7.8671	0.232	1.7633	3.86E-02
3	43	c	6/14/2004	14:27	-152.36833	59.93833	52	25	24.765	23.4202	30.0592	83.78346	8.19979	7.8285	0.2366	1.5043	3.86E-02
3	43	c	6/14/2004	14:27	-152.36833	59.93833	52	26	25.755	23.4425	30.0847	83.77715	8.20107	7.8114	0.2397	1.375	3.86E-02
3	43	c	6/14/2004	14:27	-152.36833	59.93833	52	27	26.746	23.4587	30.1032	83.74932	8.19961	7.7995	0.2435	1.2149	3.86E-02
3	43	c	6/14/2004	14:27	-152.36833	59.93833	52	28	27.736	23.4748	30.1216	83.82292	8.20817	7.7872	0.2458	1.0323	3.87E-02
3	43	c	6/14/2004	14:27	-152.36833	59.93833	52	29	28.727	23.475	30.1217	83.84184	8.21008	7.7869	0.2436	0.9538	3.87E-02
3	43	c	6/14/2004	14:27	-152.36833	59.93833	52	30	29.717	23.4832	30.1312	83.77909	8.20454	7.7811	0.2464	0.9457	3.88E-02
3	43	c	6/14/2004	15:27	-152.36833	59.93833	52	31	30.708	23.4904	30.1395	83.71122	8.19846	7.7758	0.2476	0.9072	3.88E-02
3	43	c	6/14/2004	16:27	-152.36833	59.93833	52	32	31.698	23.502	30.1528	83.70153	8.19831	7.7678	0.2519	0.851	3.89E-02
3	43	c	6/14/2004	17:27	-152.36833	59.93833	52	33	32.689	23.5034	30.1546	83.73509	8.20158	7.7675	0.256	0.8171	3.89E-02
3	43	c	6/14/2004	18:27	-152.36833	59.93833	52	34	33.679	23.5028	30.1537	83.65873	8.19416	7.7674	0.2508	0.8392	3.90E-02
3	43	c	6/14/2004	19:27	-152.36833	59.93833	52	35	34.67	23.503	30.154	83.65249	8.19353	7.7674	0.2502	0.7897	3.90E-02
3	43	c	6/14/2004	20:27	-152.36833	59.93833	52	36	35.66	23.5022	30.153	83.67	8.19525	7.7676	0.2495	0.8082	3.91E-02
3	43	c	6/14/2004	21:27	-152.36833	59.93833	52	37	36.651	23.5031	30.1541	83.68078	8.19626	7.7675	0.2522	0.8029	3.91E-02
3	43	c	6/14/2004	22:27	-152.36833	59.93833	52	38	37.641	23.4985	30.1488	83.77428	8.20502	7.7711	0.2508	0.8373	3.91E-02
3	43	c	6/14/2004	23:27	-152.36833	59.93833	52	39	38.632	23.497	30.147	83.78275	8.2058	7.7719	0.2486	0.8106	3.92E-02
3	43	c	6/14/2004	0:27	-152.36833	59.93833	52	40	39.622	23.4957	30.1455	83.84772	8.21213	7.7725	0.249	0.8276	3.92E-02
3	43	c	6/14/2004	1:27	-152.36833	59.93833	52	41	40.613	23.4958	30.1458	83.78508	8.20575	7.7737	0.2504	0.854	3.93E-02
3	43	c	6/14/2004	2:27	-152.36833	59.93833	52	42	41.603	23.4954	30.1456	83.78369	8.20528	7.7755	0.2613	0.7344	3.93E-02
3	43	c	6/14/2004	3:27	-152.36833	59.93833	52	43	42.594	23.4943	30.1446	83.74892	8.20156	7.7775	0.2692	0.5244	3.94E-02
3	43	c	6/14/2004	4:27	-152.36833	59.93833	52	44	43.584	23.495	30.1453	83.67943	8.19477	7.7772	0.2695	0.6386	3.95E-02
3	43	c	6/14/2004	5:27	-152.36833	59.93833	52	45	44.574	23.4938	30.1438	83.72984	8.19974	7.7774	0.2597	0.7978	3.95E-02
3	43	c	6/14/2004	6:27	-152.36833	59.93833	52	46	45.565	23.4907	30.1402	83.78713	8.20517	7.7794	0.2631	0.803	3.95E-02
3	43	c	6/14/2004	7:27	-152.36833	59.93833	52	47	46.555	23.4913	30.1411	83.77328	8.2036	7.7803	0.2756	0.5123	3.96E-02
3	43	c	6/14/2004	8:27	-152.36833	59.93833	52	48	47.546	23.4903	30.1399	83.77856	8.20403	7.781	0.2761	0.4843	3.96E-02
3	43	c	6/14/2004	9:27	-152.36833	59.93833	52	49	48.536	23.4865	30.1356	83.74439	8.20037	7.7839	0.284	0.3574	3.97E-02
3	43	c	6/14/2004	10:27	-152.36833	59.93833	52	50	49.527	23.4851	30.1339	83.65878	8.19187	7.785	0.2827	0.4755	3.97E-02
3	44	c	6/14/2004	14:52	-152.30833	59.91833	112	1	0.991	22.8728	29.4762	84.58028	8.18654	8.4741	0.177	3.1342	2.77E+02
3	44	c	6/14/2004	14:52	-152.30833	59.91833	112	2	1.981	22.9677	29.5808	84.48937	8.18934	8.3827	0.2171	3.0902	1.79E+02
3	44	c	6/14/2004	14:52	-152.30833	59.91833	112	3	2.972	23.0405	29.6588	84.61593	8.21289	8.3008	0.2458	3.1087	1.27E+02
3	44	c	6/14/2004	14:52	-152.30833	59.91833	112	4	3.963	23.1132	29.7359	84.54243	8.21818	8.2132	0.2625	3.1196	8.89E+01
3	44	c	6/14/2004	14:52	-152.30833	59.91833	112	5	4.953	23.1892	29.8171	84.51895	8.22835	8.1246	0.269	3.1335	6.38E+01
3	44	c	6/14/2004	14:52	-152.30833	59.91833	112	6	5.944	23.234	29.8693	84.56635	8.23538	8.0972	0.2678	3.153	4.61E+01
3	44	c	6/14/2004	14:52	-152.30833	59.91833	112	7	6.934	23.248	29.8856	84.54512	8.2341	8.0885	0.266	3.1726	3.24E+01
3	44	c	6/14/2004	14:52	-152.30833	59.91833	112	8	7.925	23.3035	29.9493	84.46247	8.23026	8.0484	0.2645	3.1732	2.36E+01
3	44	c	6/14/2004	14:52	-152.30833	59.91833	112	9	8.916	23.3214	29.9701	84.33574	8.21897	8.037	0.2613	3.1833	1.71E+01
3	44	c	6/14/2004	14:52	-152.30833	59.91833	112	10	9.906	23.3743	30.03	84.26215	8.21667	7.9945	0.2617	3.2092	1.25E+01
3	44	c	6/14/2004	14:52	-152.30833	59.91833	112	11	10.897	23.3978	30.0567	84.2585	8.21839	7.976	0.2598	3.2197	9.04E+00
3	44	c	6/14/2004	14:52	-152.30833	59.91833	112	12	11.887	23.4375	30.1025	84.14125	8.20979	7.9482	0.2568	3.2235	6.59E+00
3	44	c	6/14/2004	14:52	-152.30833	59.91833	112	13	12.878	23.5265	30.2052	84.12287	8.21408	7.8874	0.2506	3.2507	4.83E+00
3	44	c	6/14/2004	14:52	-152.30833	59.91833	112	14	13.869	23.6018	30.2917	84.09536	8.21706	7.8333	0.2439	3.2785	3.54E+00
3	44	c	6/14/2004	14:52	-152.30833	59.91833	112	15	14.859	23.6702	30.3689	84.08147	8.22245	7.7762	0.234	3.2969	2.64E+00
3	44	c	6/14/2004	14:52	-152.30833	59.91833	112	16	15.85	23.7131	30.4169	84.11617	8.23063	7.7376	0.2301	3.3219	1.94E+00
3	44	c	6/14/2004	14:52	-152.30833	59.91833	112	17	16.84	23.7152	30.4191	84.13869	8.23316	7.7353	0.2302	3.3193	1.47E+00
3	44	c	6/14/2004	14:52	-152.30833	59.91833	112	18	17.831	23.7222	30.4269	84.02766	8.22301	7.7294	0.2315	3.3221	1.08E+00
3	44	c	6/14/2004	14:52	-152.30833	59.91833	112	19	18.822	23.7281	30.4334	84.00298	8.22137	7.7235	0.2272	3.3275	8.18E-01
3	44	c	6/14/2004	14:52	-152.30833	59.91833	112	20	19.812	23.7349	30.4411	83.98293	8.22008	7.7178	0.2263	3.3335	6.09E-01
3	44	c	6/14/2004	14:52	-152.30833	59.91833	112	21	20.803	23.7565	30.4656	84.06536	8.23014	7.7005	0.2258	3.3456	4.55E-01
3	44	c	6/14/2004	14:52	-152.30833	59.91833	112	22	21.793	23.7482	30.4561	84.01582	8.22458	7.7069	0.2261	3.3467	3.45E-01
3	44	c	6/14/2004	14:52	-152.30833	59.91833	112	23	22.784	23.7615	30.4712	83.97802	8.22198	7.6969	0.2245	3.3442	2.63E-01
3	44	c	6/14/2004	14:52	-152.30833	59.91833	112	24	23.774	23.7946	30.5084	83.98029	8.22576	7.6678	0.2232	3.3601	2.02E-01
3	44	c	6/14/2004	14:52	-152.30833	59.91833	112	25	24.765	23.8167	30.5349	83.91303	8.21961	7.6581	0.2265	3.3776	1.56E-01
3	44	c	6/14/2004	14:52	-152.30833	59.91833	112	26	25.755	23.8277	30.5477	83.88261	8.21724	7.6513	0.2276	3.3959	1.24E-01
3	44	c	6/14/2004	14:52	-152.30833	59.91833	112	27	26.746	23.8372	30.5584	83.84665	8.21467	7.6434	0.2277	3.407	1.01E-01
3	44	c	6/14/2004	14:52	-152.30833	59.91833	112	28	27.736	23.8582	30.5827	83.81775	8.21331	7.6288	0.2292	3.422	8.35E-02
3	44	c	6/14/2004	14:52	-152.30833	59.91833	112	29	28.727	23.8788	30.6072	83.89409	8.22127	7.6195	0.233	3.4435	7.15E-02
3	44	c	6/14/2004	14:52	-152.30833	59.91833	112	30	29.717	23.891	30.622	83.92036	8.22392	7.615	0.2382	3.4585	6.29E-02
3	44	c	6/14/2004	14:52	-152.30833	59.91833	112	31	30.708	23.9323	30.6709	83.81607	8.21512	7.5939	0.2462	3.4882	5.65E-02
3	44	c	6/14/2004	14:52	-152.30833	59.91833	112	32	31.698	23.9696	30.7139	83.82772	8.21887	7.5682	0.2464	3.5325	5.25E-02
3	44	c	6/14/2004	14:52	-152.30833	59.91833	112	33	32.689	23.9842	30.7311	83.87854	8.22459	7.5595	0.2543	3.548	4.92E-02
3	44	c	6/14/2004	14:52	-152.30833	59.91833	112	34	33.679	24.0034	30.7542	83.86853	8.22375	7.5523	0.2539	3.5706	4.70E-02
3	44	c	6/14/2004	14:52	-152.30833	59.91833	112	35	34.67	24.0126	30.7653	83.84627	8.22167	7.5487	0.2554	3.5824	4.53E-02
3	44	c	6/14/2004	14:52	-152.30833	59.91833	112	36	35.66	24.0295	30.7861	83.89472	8.22598	7.5452	0.2591	3.6005	4.40E-02
3	44	c	6/14/2004	14:52	-152.30833	59.91833	112	37	36.651	24.0441	30.8044	83.81465	8.21754	7.5432	0.2601	3.6162	4.31E-02
3	44	c	6/14/2004	14:52	-152.30833	59.91833	112	38	37.641	24.0588	30.8222	83.79455	8.21557	7.5382	0.2662	3.6295	4.23E-02
3	44	c	6/14/2004	14:52	-152.30833	59.91833	112	39	38.632	24.0881	30.8588	83.80885	8.21579	7.5342	0.2713	3.6536	4.17E-02
3	44	c	6/14/2004	14:52	-152.30833	59.91833	112	40	39.622	24.1022	30.8766	83.84618	8.21874	7.533	0.274	3.6832	4.13E-02
3	44	c	6/14/2004	14:52	-152.30833	59.91833	112	41	40.613	24.1078	30.8836	83.86796	8.22066	7.5322	0.2743	3.6957	4.09E-02
3	44	c	6/14/2004	14:52	-152.30833	59.91833	112	42	41.603	24.1467	30.9322	83.89336	8.22162	7.5267	0.2812	3.7159	4.06E-02
3	44	c	6/14/2004	14:52	-152.30833	59.91833	112	43	42.594	24.1936	30.9901	83.8141	8.21273	7.5164	0.2854	3.7597	4.05E-02
3	44	c	6/14/2004	14:52	-152.30833	59.91833	112	44	43.584	24.1923	30.9885	83.80658	8.21201	7.5168	0.2855	3.7718	4.03E-02
3	44	c	6/14/2004	14:52	-152.30833	59.91833	112	45	44.574	24.1925	30.9885	83.85327	8.21672	7.516	0.2867	3.7727	4.02E-02
3	44	c	6/14/2004	14:52	-152.30833	59.91833	112	46	45.565	24.1948	30.9913	83.81595	8.21315	7.5148	0.2864	3.7718	4.01E-02
3	44	c	6/14/2004	14:52	-152.30833	59.91833	112	47	46.555	24.1923	30.9882	83.73521	8.20529	7.5154	0.2903	3.7676	4.00E-02
3	44	c	6/14/2004	14:52	-152.30833	59.91833	112	48	47.546	24.1915	30.9872	83.79375	8.21095	7.5161	0.2844	3.7705	3.99E-02
3	44	c	6/14/2004	14:52	-152.30833	59.91833	112	49	48.536	24.1866	30.9813	83.82541	8.2141	7.5175	0.2845	3.7716	3.99E-02
3	44	c	6/14/2004	14:52	-152.30833	59.91833	112	50	49.527	24.1875	30.9822	83.77497	8.20925	7.5167	0.2844	3.7717	3.99E-02
3	44	c	6/14/2004	14:52	-152.30833	59.91833	112	51	50.517	24.1908	30.9862	83.77867	8.20968	7.5152	0.2868	3.7725	3.99E-02
3	44	c	6/14/2004	14:52	-152.30833	59.91833	112	52	51.507	24.1879	30.9826	83.76865	8.20864	7.5166	0.2883	3.7737	3.99E-02
3	44	c	6/14/2004	14:52	-152.30833	59.91833	112	53	52.498	24.184	30.978	83.8762	8.21905	7.5186	0.2863	3.7679	3.99E-02
3	44	c	6/14/2004	14:52	-152.30833	59.91833	112	54	53.488	24.1901	30.9862	83.85506	8.21613	7.5207	0.2886	3.7724	3.99E-02
3	44	c	6/14/2004	14:52	-152.30833	59.91833	112	55	54.479	24.1935	30.9906	83.86407	8.21662	7.5215	0.2904	3.7742	3.98E-02
3	44	c	6/14/2004	14:52	-152.30833	59.91833	112	56	55.469	24.1907	30.9868	83.85643	8.21635	7.5201	0.2891	3.7746	3.99E-02
3	44	c	6/14/2004	14:52	-152.30833	59.91833	112	57	56.459	24.195	30.9924	83.83343	8.21366	7.5208	0.2892	3.7788	3.99E-02
3	44	c	6/14/2004	14:52	-152.30833	59.91833	112	58	57.45	24.1963	30.9939	83.81493	8.21187	7.5203	0.2884	3.7864	3.99E-02
3	44	c	6/14/2004	14:52	-152.30833	59.91833	112	59	58.44	24.1846	30.979	83.80721	8.21199	7.5198	0.2857	3.7793	4.12E-02
3	44	c	6/14/2004	14:52	-152.30833	59.91833	112	60	59.43	24.1773	30.97	83.78531	8.20995	7.5218	0.287	3.7669	4.20E-02
3	44	c	6/14/2004	14:52	-152.30833	59.91833	112	61	60.421	24.1775	30.9703	83.80396	8.21166	7.5223	0.2849	3.77	4.25E-02
3	44	c	6/14/2004	14:52	-152.30833	59.91833	112	62	61.411	24.1787	30.9718	83.83136	8.21423	7.5225	0.2856	3.7675	4.29E-02
3	44	c	6/14/2004	14:52	-152.30833	59.91833	112	63	62.402	24.1785	30.9716	83.91408	8.22229	7.5228	0.2848	3.7634	4.32E-02
3	44	c	6/14/2004	14:52	-152.30833	59.91833	112	64	63.392	24.179	30.972	83.9213	8.22323	7.5214	0.2861	3.767	4.35E-02
3	44	c	6/14/2004	14:52	-152.30833	59.91833	112	65	64.382	24.1801	30.9734	83.91433	8.22249	7.5214	0.2856	3.7646	4.38E-02
3	44	c	6/14/2004	14:52	-152.30833	59.91833	112	66	65.373	24.1799	30.9731	83.84897	8.21606	7.5216	0.2849	3.7707	4.40E-02
3	44	c	6/14/2004	14:52	-152.30833	59.91833	112	67	66.363	24.1763	30.969	83.82181	8.21314	7.5241	0.2917	3.7719	4.43E-02
3	44	c	6/14/2004	14:52	-152.30833	59.91833	112	68	67.353	24.1791	30.9725	83.80431	8.21113	7.5246	0.2862	3.775	4.45E-02
3	44	c	6/14/2004	14:52	-152.30833	59.91833	112	69	68.344	24.1773	30.9705	83.79019	8.2097	7.5255	0.2883	3.7743	4.47E-02
3	44	c	6/14/2004	14:52	-152.30833	59.91833	112	70	69.334	24.1842	30.9799	83.88559	8.21777	7.5295	0.2902	3.781	4.49E-02
3	44	c	6/14/2004	14:52	-152.30833	59.91833	112	71	70.324	24.1843	30.9807	83.93552	8.22194	7.5331	0.2905	3.7884	4.52E-02
3	44	c	6/14/2004	14:52	-152.30833	59.91833	112	72	71.314	24.1835	30.9792	83.89136	8.21807	7.5311	0.294	3.7877	4.54E-02
3	44	c	6/14/2004	14:52	-152.30833	59.91833	112	73	72.305	24.1857	30.9825	83.91768	8.22007	7.5333	0.2965	3.7897	4.56E-02
3	44	c	6/14/2004	14:52	-152.30833	59.91833	112	74	73.295	24.2228	31.027	83.91976	8.22084	7.5178	0.2972	3.7956	4.59E-02
3	44	c	6/14/2004	14:52	-152.30833	59.91833	112	75	74.285	24.2421	31.049	83.82879	8.21361	7.5029	0.2952	3.7972	4.61E-02
3	44	c	6/14/2004	14:52	-152.30833	59.91833	112	76	75.276	24.268	31.0784	83.7455	8.20771	7.4828	0.2958	3.7796	4.62E-02
3	44	c	6/14/2004	14:52	-152.30833	59.91833	112	77	76.266	24.276	31.0874	83.71147	8.20521	7.4759	0.2967	3.7677	4.64E-02
3	44	c	6/14/2004	14:52	-152.30833	59.91833	112	78	77.256	24.2848	31.0975	83.74426	8.20907	7.4697	0.2948	3.7619	4.65E-02
3	44	c	6/14/2004	14:52	-152.30833	59.91833	112	79	78.247	24.2853	31.0981	83.7301	8.20776	7.4691	0.2948	3.7563	4.66E-02
3	44	c	6/14/2004	14:52	-152.30833	59.91833	112	80	79.237	24.2699	31.0807	83.70146	8.20336	7.4823	0.2963	3.7524	4.66E-02
3	44	c	6/14/2004	14:52	-152.30833	59.91833	112	81	80.227	24.2804	31.0928	83.64273	8.19834	7.4751	0.2967	3.7748	4.67E-02
3	44	c	6/14/2004	14:52	-152.30833	59.91833	112	82	81.217	24.2878	31.1014	83.66933	8.20151	7.4698	0.2943	3.775	4.67E-02
3	44	c	6/14/2004	14:52	-152.30833	59.91833	112	83	82.208	24.2883	31.1018	83.73295	8.20788	7.4689	0.2955	3.7691	4.68E-02
3	44	c	6/14/2004	14:52	-152.30833	59.91833	112	84	83.198	24.2941	31.1083	83.70208	8.20549	7.4638	0.2954	3.7753	4.65E-02
3	44	c	6/14/2004	14:52	-152.30833	59.91833	112	85	84.188	24.2988	31.1135	83.65859	8.20178	7.4594	0.296	3.762	4.64E-02
3	44	c	6/14/2004	14:52	-152.30833	59.91833	112	86	85.178	24.2942	31.1082	83.70358	8.20572	7.4634	0.2948	3.7764	4.65E-02
3	44	c	6/14/2004	14:52	-152.30833	59.91833	112	87	86.169	24.2946	31.1089	83.69451	8.20474	7.4637	0.2948	3.7826	4.60E-02
3	44	c	6/14/2004	14:52	-152.30833	59.91833	112	88	87.159	24.2993	31.114	83.66818	8.20277	7.459	0.2942	3.7756	4.58E-02
3	44	c	6/14/2004	14:52	-152.30833	59.91833	112	89	88.149	24.3018	31.1168	83.62548	8.19887	7.4568	0.294	3.7637	4.58E-02
3	44	c	6/14/2004	14:52	-152.30833	59.91833	112	90	89.139	24.2976	31.1122	83.71674	8.20727	7.4609	0.2933	3.782	4.57E-02
3	44	c	6/14/2004	14:52	-152.30833	59.91833	112	91	90.129	24.3015	31.1165	83.74393	8.21038	7.4574	0.2939	3.7625	4.56E-02
3	44	c	6/14/2004	14:52	-152.30833	59.91833	112	92	91.12	24.3026	31.1177	83.73697	8.20984	7.4563	0.2967	3.7636	4.56E-02
3	44	c	6/14/2004	14:52	-152.30833	59.91833	112	93	92.11	24.3062	31.1217	83.67356	8.20408	7.4528	0.2932	3.7465	4.55E-02
3	44	c	6/14/2004	14:52	-152.30833	59.91833	112	94	93.1	24.3059	31.1213	83.68361	8.2051	7.4527	0.2937	3.744	4.55E-02
3	44	c	6/14/2004	14:52	-152.30833	59.91833	112	95	94.09	24.3113	31.1272	83.64186	8.20163	7.4478	0.2928	3.7296	4.55E-02
3	44	c	6/14/2004	14:52	-152.30833	59.91833	112	96	95.08	24.3134	31.1296	83.64151	8.20182	7.4459	0.2925	3.6757	4.55E-02
3	44	c	6/14/2004	14:52	-152.30833	59.91833	112	97	96.071	24.3171	31.1337	83.59381	8.19765	7.4421	0.2923	3.6473	4.55E-02
3	44	c	6/14/2004	14:52	-152.30833	59.91833	112	98	97.061	24.3242	31.1414	83.47734	8.18718	7.435	0.2915	3.5681	4.55E-02
3	44	c	6/14/2004	14:52	-152.30833	59.91833	112	99	98.051	24.3203	31.1371	83.53991	8.19283	7.4388	0.2961	3.5883	4.59E-02
3	44	c	6/14/2004	14:52	-152.30833	59.91833	112	100	99.041	24.3212	31.1382	83.58151	8.19692	7.4384	0.2934	3.5974	4.61E-02
3	44	c	6/14/2004	14:52	-152.30833	59.91833	112	101	100.031	24.3237	31.1409	83.61021	8.20005	7.436	0.2922	3.5755	4.61E-02
3	44	c	6/14/2004	14:52	-152.30833	59.91833	112	102	101.021	24.325	31.1423	83.58344	8.19757	7.4348	0.2936	3.5435	4.63E-02
3	44	c	6/14/2004	14:52	-152.30833	59.91833	112	103	102.012	24.3247	31.1419	83.58884	8.1981	7.4349	0.2916	3.5033	4.63E-02
3	44	c	6/14/2004	14:52	-152.30833	59.91833	112	104	103.002	24.3245	31.1418	83.65858	8.2049	7.4352	0.2941	3.4466	4.64E-02
3	45	c	6/14/2004	15:42	-152.25333	59.9	82	1	0.991	23.6546	30.4888	84.93142	8.15308	8.5501	0.1999	3.4114	2.92E+02
3	45	c	6/14/2004	15:42	-152.25333	59.9	82	2	1.981	23.9753	30.8002	83.65775	8.11385	8.0138	0.2117	3.3028	2.29E+02
3	45	c	6/14/2004	15:42	-152.25333	59.9	82	3	2.972	24.2275	31.052	83.80939	8.18915	7.6209	0.2186	3.6245	1.92E+02
3	45	c	6/14/2004	15:42	-152.25333	59.9	82	4	3.962	24.3078	31.1325	83.79053	8.20686	7.4954	0.2231	3.7425	1.78E+02
3	45	c	6/14/2004	15:42	-152.25333	59.9	82	5	4.953	24.3492	31.1739	83.80373	8.21833	7.4305	0.2284	3.7907	1.61E+02
3	45	c	6/14/2004	15:42	-152.25333	59.9	82	6	5.944	24.3679	31.1933	83.79546	8.22133	7.4051	0.2413	3.829	1.40E+02
3	45	c	6/14/2004	15:42	-152.25333	59.9	82	7	6.935	24.3765	31.2016	83.80063	8.22433	7.3897	0.2516	3.8428	1.21E+02
3	45	c	6/14/2004	15:42	-152.25333	59.9	82	8	7.925	24.382	31.2066	83.78426	8.2247	7.378	0.2634	3.8535	1.06E+02
3	45	c	6/14/2004	15:42	-152.25333	59.9	82	9	8.915	24.3841	31.2083	83.73718	8.22109	7.3722	0.2755	3.8577	9.34E+01
3	45	c	6/14/2004	15:42	-152.25333	59.9	82	10	9.906	24.3892	31.2127	83.64915	8.21447	7.3604	0.2841	3.8659	8.23E+01
3	45	c	6/14/2004	15:42	-152.25333	59.9	82	11	10.897	24.3906	31.2139	83.61985	8.21216	7.3571	0.2982	3.8678	7.15E+01
3	45	c	6/14/2004	15:42	-152.25333	59.9	82	12	11.888	24.3909	31.2142	83.64982	8.21517	7.3567	0.307	3.8709	6.09E+01
3	45	c	6/14/2004	15:42	-152.25333	59.9	82	13	12.878	24.3937	31.2167	83.69208	8.22038	7.3504	0.3091	3.8792	5.46E+01
3	45	c	6/14/2004	15:42	-152.25333	59.9	82	14	13.869	24.3956	31.2177	83.66627	8.21932	7.3424	0.3088	3.8833	4.81E+01
3	45	c	6/14/2004	15:42	-152.25333	59.9	82	15	14.859	24.3964	31.2182	83.58988	8.21234	7.3395	0.3084	3.8809	3.73E+01
3	45	c	6/14/2004	15:42	-152.25333	59.9	82	16	15.85	24.3959	31.2175	83.52133	8.20579	7.3388	0.3076	3.88	3.19E+01
3	45	c	6/14/2004	15:42	-152.25333	59.9	82	17	16.84	24.3957	31.2171	83.49933	8.20373	7.3384	0.3107	3.8804	3.20E+01
3	45	c	6/14/2004	15:42	-152.25333	59.9	82	18	17.831	24.3975	31.219	83.43594	8.19793	7.3356	0.3071	3.8848	2.54E+01
3	45	c	6/14/2004	15:42	-152.25333	59.9	82	19	18.821	24.4015	31.2228	83.49022	8.20448	7.3281	0.3057	3.8862	1.81E+01
3	45	c	6/14/2004	15:42	-152.25333	59.9	82	20	19.812	24.4023	31.2235	83.53496	8.20916	7.3265	0.3049	3.8825	1.42E+01
3	45	c	6/14/2004	15:42	-152.25333	59.9	82	21	20.803	24.4029	31.2241	83.51991	8.20773	7.326	0.304	3.8835	1.13E+01
3	45	c	6/14/2004	15:42	-152.25333	59.9	82	22	21.793	24.4037	31.2249	83.44759	8.20088	7.3245	0.2979	3.8861	9.20E+00
3	45	c	6/14/2004	15:42	-152.25333	59.9	82	23	22.784	24.404	31.2253	83.46084	8.2021	7.3248	0.2971	3.887	7.54E+00
3	45	c	6/14/2004	15:42	-152.25333	59.9	82	24	23.774	24.4059	31.2274	83.49431	8.20566	7.3228	0.2938	3.8906	6.28E+00
3	45	c	6/14/2004	15:42	-152.25333	59.9	82	25	24.765	24.4097	31.2313	83.51498	8.20856	7.3172	0.2892	3.8905	5.26E+00
3	45	c	6/14/2004	15:42	-152.25333	59.9	82	26	25.755	24.4188	31.2418	83.51496	8.2091	7.3114	0.2883	3.9065	4.39E+00
3	45	c	6/14/2004	15:42	-152.25333	59.9	82	27	26.746	24.4206	31.2437	83.46236	8.20422	7.3093	0.2875	3.9082	3.75E+00
3	45	c	6/14/2004	15:42	-152.25333	59.9	82	28	27.736	24.4208	31.2438	83.47791	8.20585	7.3088	0.2856	3.9219	3.34E+00
3	45	c	6/14/2004	15:42	-152.25333	59.9	82	29	28.727	24.4201	31.2429	83.46382	8.20451	7.3088	0.2854	3.9276	3.03E+00
3	45	c	6/14/2004	15:42	-152.25333	59.9	82	30	29.718	24.4249	31.2486	83.48027	8.20622	7.3067	0.2854	3.9309	2.54E+00
3	45	c	6/14/2004	15:42	-152.25333	59.9	82	31	30.708	24.4257	31.2496	83.46793	8.20509	7.306	0.2865	3.935	1.96E+00
3	45	c	6/14/2004	15:42	-152.25333	59.9	82	32	31.698	24.4273	31.2516	83.45612	8.2038	7.3061	0.2874	3.9392	1.54E+00
3	45	c	6/14/2004	15:42	-152.25333	59.9	82	33	32.689	24.4369	31.2635	83.43326	8.20126	7.3043	0.2919	3.943	1.26E+00
3	45	c	6/14/2004	15:42	-152.25333	59.9	82	34	33.679	24.4433	31.2716	83.50165	8.20764	7.3039	0.2959	3.9608	1.07E+00
3	45	c	6/14/2004	15:42	-152.25333	59.9	82	35	34.67	24.4522	31.2829	83.46469	8.20342	7.3038	0.3016	3.9649	9.10E-01
3	45	c	6/14/2004	15:42	-152.25333	59.9	82	36	35.66	24.457	31.289	83.38342	8.19496	7.3046	0.3041	3.9715	7.67E-01
3	45	c	6/14/2004	15:42	-152.25333	59.9	82	37	36.651	24.4547	31.286	83.40103	8.19696	7.304	0.3004	3.9773	6.18E-01
3	45	c	6/14/2004	15:42	-152.25333	59.9	82	38	37.641	24.4556	31.2872	83.39991	8.19674	7.3043	0.3008	3.9808	5.04E-01
3	45	c	6/14/2004	15:42	-152.25333	59.9	82	39	38.632	24.4556	31.2872	83.37937	8.19471	7.3043	0.3004	3.9755	4.12E-01
3	45	c	6/14/2004	15:42	-152.25333	59.9	82	40	39.622	24.4577	31.2899	83.41737	8.19832	7.3042	0.2993	3.985	3.44E-01
3	45	c	6/14/2004	15:42	-152.25333	59.9	82	41	40.613	24.4571	31.2891	83.44605	8.2012	7.3041	0.2994	3.9765	2.88E-01
3	45	c	6/14/2004	15:42	-152.25333	59.9	82	42	41.603	24.4593	31.292	83.35433	8.19184	7.3051	0.3017	3.9841	2.43E-01
3	45	c	6/14/2004	15:42	-152.25333	59.9	82	43	42.594	24.4587	31.2912	83.3467	8.19116	7.3049	0.3006	3.9806	2.06E-01
3	45	c	6/14/2004	15:42	-152.25333	59.9	82	44	43.584	24.4579	31.2902	83.34262	8.19079	7.3051	0.2984	3.9828	1.75E-01
3	45	c	6/14/2004	15:42	-152.25333	59.9	82	45	44.574	24.4576	31.2898	83.40974	8.19741	7.3051	0.2995	3.982	1.49E-01
3	45	c	6/14/2004	15:42	-152.25333	59.9	82	46	45.565	24.4584	31.2908	83.43778	8.20013	7.305	0.2999	3.9839	1.28E-01
3	45	c	6/14/2004	15:42	-152.25333	59.9	82	47	46.555	24.4591	31.2917	83.4314	8.19946	7.305	0.2997	3.9798	1.11E-01
3	45	c	6/14/2004	15:42	-152.25333	59.9	82	48	47.546	24.4599	31.2928	83.4075	8.19686	7.306	0.3004	3.983	9.73E-02
3	45	c	6/14/2004	15:42	-152.25333	59.9	82	49	48.536	24.4596	31.2925	83.44648	8.20068	7.3061	0.3021	3.9828	8.66E-02
3	45	c	6/14/2004	15:42	-152.25333	59.9	82	50	49.527	24.4679	31.3037	83.40291	8.19506	7.31	0.3102	3.9926	7.78E-02
3	45	c	6/14/2004	15:42	-152.25333	59.9	82	51	50.517	24.4665	31.3018	83.41841	8.19678	7.3095	0.3088	3.9955	7.10E-02
3	45	c	6/14/2004	15:42	-152.25333	59.9	82	52	51.507	24.4689	31.3049	83.39977	8.19464	7.3103	0.3096	3.9974	6.56E-02
3	45	c	6/14/2004	15:42	-152.25333	59.9	82	53	52.498	24.4715	31.3086	83.33138	8.18739	7.312	0.3135	4.005	6.13E-02
3	45	c	6/14/2004	15:42	-152.25333	59.9	82	54	53.488	24.4711	31.3079	83.32766	8.18714	7.3116	0.3115	4.005	5.77E-02
3	45	c	6/14/2004	15:42	-152.25333	59.9	82	55	54.479	24.4732	31.3111	83.38015	8.19162	7.3143	0.316	4.0066	5.49E-02
3	45	c	6/14/2004	15:42	-152.25333	59.9	82	56	55.469	24.4743	31.3126	83.36139	8.18941	7.3158	0.3156	4.0077	5.25E-02
3	45	c	6/14/2004	15:42	-152.25333	59.9	82	57	56.459	24.473	31.3108	83.36765	8.19028	7.3149	0.3148	4.0042	5.07E-02
3	45	c	6/14/2004	15:42	-152.25333	59.9	82	58	57.45	24.4732	31.3111	83.39276	8.1927	7.3151	0.3138	4.0103	4.91E-02
3	45	c	6/14/2004	15:42	-152.25333	59.9	82	59	58.44	24.474	31.3124	83.40415	8.19347	7.3165	0.3164	4.007	4.79E-02
3	45	c	6/14/2004	15:42	-152.25333	59.9	82	60	59.43	24.4748	31.3135	83.43341	8.19612	7.3174	0.3164	4.0061	4.68E-02
3	45	c	6/14/2004	15:42	-152.25333	59.9	82	61	60.421	24.4747	31.3134	83.43456	8.19627	7.3173	0.3172	4.0055	4.60E-02
3	45	c	6/14/2004	15:42	-152.25333	59.9	82	62	61.411	24.4738	31.312	83.35581	8.18889	7.3158	0.3149	4.0084	4.53E-02
3	45	c	6/14/2004	15:42	-152.25333	59.9	82	63	62.402	24.4728	31.3105	83.37619	8.19115	7.3149	0.3136	4.0083	4.48E-02
3	45	c	6/14/2004	15:42	-152.25333	59.9	82	64	63.392	24.4735	31.3115	83.45085	8.19833	7.3154	0.3133	4.008	4.43E-02
3	45	c	6/14/2004	15:42	-152.25333	59.9	82	65	64.382	24.4721	31.3096	83.48215	8.20167	7.3146	0.3128	4.0045	4.39E-02
3	45	c	6/14/2004	15:42	-152.25333	59.9	82	66	65.373	24.4726	31.3104	83.44506	8.19778	7.3156	0.3149	4.0037	4.36E-02
3	45	c	6/14/2004	15:42	-152.25333	59.9	82	67	66.363	24.4743	31.3126	83.41616	8.19473	7.3161	0.3154	4.0083	4.34E-02
3	45	c	6/14/2004	15:42	-152.25333	59.9	82	68	67.353	24.4725	31.3101	83.42187	8.19571	7.3146	0.3132	4.009	4.36E-02
3	45	c	6/14/2004	15:42	-152.25333	59.9	82	69	68.343	24.4737	31.3117	83.46237	8.19939	7.3157	0.3162	4.0085	4.40E-02
3	45	c	6/14/2004	15:42	-152.25333	59.9	82	70	69.334	24.4753	31.3141	83.40092	8.19276	7.3182	0.3161	4.0071	4.40E-02
3	45	c	6/14/2004	15:42	-152.25333	59.9	82	71	70.324	24.4748	31.3135	83.27858	8.18075	7.3183	0.3175	4.0078	4.41E-02
3	45	c	6/14/2004	15:42	-152.25333	59.9	82	72	71.314	24.473	31.3108	83.38207	8.19152	7.3159	0.3128	4.0041	4.43E-02
3	45	c	6/14/2004	15:42	-152.25333	59.9	82	73	72.305	24.4719	31.309	83.44119	8.19779	7.3139	0.3131	4.0084	4.44E-02
3	45	c	6/14/2004	15:42	-152.25333	59.9	82	74	73.295	24.474	31.3124	83.46608	8.19939	7.3174	0.3148	4.0013	4.44E-02
3	45	c	6/14/2004	15:42	-152.25333	59.9	82	75	74.285	24.4757	31.3149	83.48038	8.20019	7.3199	0.3185	4.0041	4.45E-02
3	46	c	6/14/2004	16:08	-152.2	59.88	73	1	0.991	24.4896	31.3392	83.56668	8.20123	7.3521	0.3259	4.0867	2.08E+02
3	46	c	6/14/2004	16:08	-152.2	59.88	73	2	1.981	24.4897	31.3385	83.73834	8.2189	7.348	0.2791	4.0689	1.55E+02
3	46	c	6/14/2004	16:08	-152.2	59.88	73	3	2.972	24.4906	31.3395	83.69563	8.21496	7.3464	0.291	4.0658	1.32E+02
3	46	c	6/14/2004	16:08	-152.2	59.88	73	4	3.963	24.4925	31.3406	83.61752	8.20872	7.3386	0.3036	4.086	1.18E+02
3	46	c	6/14/2004	16:08	-152.2	59.88	73	5	4.953	24.4942	31.342	83.65064	8.21265	7.3347	0.3248	4.0911	1.02E+02
3	46	c	6/14/2004	16:08	-152.2	59.88	73	6	5.944	24.4939	31.3417	83.69248	8.21669	7.3351	0.3411	4.0932	9.14E+01
3	46	c	6/14/2004	16:08	-152.2	59.88	73	7	6.934	24.4938	31.3417	83.6474	8.21215	7.3357	0.3622	4.0897	8.11E+01
3	46	c	6/14/2004	16:08	-152.2	59.88	73	8	7.925	24.4939	31.3418	83.6561	8.21297	7.3359	0.3756	4.0937	7.17E+01
3	46	c	6/14/2004	16:08	-152.2	59.88	73	9	8.916	24.494	31.342	83.69878	8.21696	7.3368	0.3879	4.0971	6.22E+01
3	46	c	6/14/2004	16:08	-152.2	59.88	73	10	9.906	24.4941	31.342	83.76272	8.22353	7.3353	0.3969	4.0986	5.40E+01
3	46	c	6/14/2004	16:08	-152.2	59.88	73	11	10.897	24.4945	31.3421	83.76423	8.22392	7.334	0.4061	4.0972	4.69E+01
3	46	c	6/14/2004	16:08	-152.2	59.88	73	12	11.888	24.4945	31.3421	83.74516	8.22215	7.3335	0.4049	4.0954	4.05E+01
3	46	c	6/14/2004	16:08	-152.2	59.88	73	13	12.878	24.495	31.3427	83.70782	8.21848	7.3334	0.4031	4.0968	3.51E+01
3	46	c	6/14/2004	16:08	-152.2	59.88	73	14	13.869	24.4954	31.3433	83.70855	8.21841	7.3339	0.4006	4.0961	3.03E+01
3	46	c	6/14/2004	16:08	-152.2	59.88	73	15	14.859	24.4954	31.3431	83.69788	8.21756	7.3329	0.3928	4.0916	2.63E+01
3	46	c	6/14/2004	16:08	-152.2	59.88	73	16	15.85	24.4955	31.3431	83.67314	8.2152	7.3326	0.3897	4.0966	2.26E+01
3	46	c	6/14/2004	16:08	-152.2	59.88	73	17	16.84	24.4957	31.3434	83.63428	8.21134	7.3327	0.3877	4.098	1.97E+01
3	46	c	6/14/2004	16:08	-152.2	59.88	73	18	17.831	24.4963	31.3441	83.66521	8.21435	7.3327	0.3884	4.0968	1.71E+01
3	46	c	6/14/2004	16:08	-152.2	59.88	73	19	18.822	24.4965	31.3444	83.66004	8.2138	7.3328	0.391	4.0983	1.47E+01
3	46	c	6/14/2004	16:08	-152.2	59.88	73	20	19.812	24.4971	31.3452	83.6706	8.21476	7.333	0.3953	4.0952	1.26E+01
3	46	c	6/14/2004	16:08	-152.2	59.88	73	21	20.803	24.4966	31.3445	83.64247	8.21207	7.3328	0.3933	4.1	1.09E+01
3	46	c	6/14/2004	16:08	-152.2	59.88	73	22	21.793	24.4951	31.3426	83.68356	8.21616	7.3331	0.3939	4.0923	9.37E+00
3	46	c	6/14/2004	16:08	-152.2	59.88	73	23	22.784	24.4956	31.3433	83.71086	8.21878	7.3332	0.3974	4.0985	8.10E+00
3	46	c	6/14/2004	16:08	-152.2	59.88	73	24	23.774	24.4956	31.3432	83.72133	8.21981	7.3332	0.3991	4.0991	6.90E+00
3	46	c	6/14/2004	16:08	-152.2	59.88	73	25	24.765	24.4955	31.3432	83.69375	8.21706	7.3334	0.3989	4.1002	5.80E+00
3	46	c	6/14/2004	16:08	-152.2	59.88	73	26	25.755	24.4961	31.344	83.72741	8.2202	7.334	0.4002	4.0994	4.94E+00
3	46	c	6/14/2004	16:08	-152.2	59.88	73	27	26.746	24.4956	31.3434	83.72627	8.22009	7.3342	0.4007	4.1017	4.21E+00
3	46	c	6/14/2004	16:08	-152.2	59.88	73	28	27.736	24.4957	31.3435	83.70393	8.21789	7.3342	0.4011	4.0982	3.62E+00
3	46	c	6/14/2004	16:08	-152.2	59.88	73	29	28.727	24.4964	31.3444	83.71928	8.21928	7.3346	0.3998	4.0966	3.10E+00
3	46	c	6/14/2004	16:08	-152.2	59.88	73	30	29.717	24.4991	31.3481	83.73732	8.22054	7.3362	0.4036	4.0992	2.67E+00
3	46	c	6/14/2004	16:08	-152.2	59.88	73	31	30.708	24.4987	31.3475	83.68956	8.21591	7.3361	0.4061	4.0957	2.29E+00
3	46	c	6/14/2004	16:08	-152.2	59.88	73	32	31.698	24.5005	31.3499	83.6786	8.21452	7.337	0.4103	4.104	1.97E+00
3	46	c	6/14/2004	16:08	-152.2	59.88	73	33	32.689	24.4998	31.3491	83.66871	8.21361	7.3369	0.4076	4.0945	1.70E+00
3	46	c	6/14/2004	16:08	-152.2	59.88	73	34	33.679	24.5003	31.3498	83.64022	8.21066	7.3376	0.4067	4.0883	1.46E+00
3	46	c	6/14/2004	16:08	-152.2	59.88	73	35	34.67	24.4994	31.3485	83.70095	8.21674	7.3373	0.406	4.1063	1.27E+00
3	46	c	6/14/2004	16:08	-152.2	59.88	73	36	35.66	24.4986	31.3477	83.69578	8.21624	7.3375	0.4024	4.1027	1.09E+00
3	46	c	6/14/2004	16:08	-152.2	59.88	73	37	36.651	24.4984	31.3473	83.66444	8.21316	7.3376	0.4035	4.09	9.43E-01
3	46	c	6/14/2004	16:08	-152.2	59.88	73	38	37.641	24.4976	31.3463	83.68384	8.21509	7.3377	0.3997	4.1004	8.15E-01
3	46	c	6/14/2004	16:08	-152.2	59.88	73	39	38.632	24.5008	31.3506	83.70043	8.21618	7.3394	0.4084	4.1022	7.02E-01
3	46	c	6/14/2004	16:08	-152.2	59.88	73	40	39.622	24.5103	31.3637	83.70624	8.21504	7.3447	0.4215	4.1125	6.08E-01
3	46	c	6/14/2004	16:08	-152.2	59.88	73	41	40.613	24.5099	31.3631	83.67237	8.21177	7.3446	0.4204	4.1129	5.28E-01
3	46	c	6/14/2004	16:08	-152.2	59.88	73	42	41.603	24.5099	31.3631	83.73702	8.2181	7.3446	0.4191	4.1178	4.58E-01
3	46	c	6/14/2004	16:08	-152.2	59.88	73	43	42.594	24.5096	31.3627	83.64626	8.20924	7.3445	0.4209	4.1167	3.99E-01
3	46	c	6/14/2004	16:08	-152.2	59.88	73	44	43.584	24.5007	31.3513	83.60672	8.20602	7.3442	0.4185	4.1126	3.48E-01
3	46	c	6/14/2004	16:08	-152.2	59.88	73	45	44.574	24.5096	31.3626	83.65421	8.21008	7.3442	0.4183	4.1155	3.03E-01
3	46	c	6/14/2004	16:08	-152.2	59.88	73	46	45.565	24.5088	31.3615	83.65446	8.21021	7.344	0.4172	4.1147	2.64E-01
3	46	c	6/14/2004	16:08	-152.2	59.88	73	47	46.555	24.5089	31.3618	83.64884	8.20957	7.3444	0.4195	4.1176	2.32E-01
3	46	c	6/14/2004	16:08	-152.2	59.88	73	48	47.546	24.5089	31.3617	83.70997	8.21555	7.3445	0.418	4.0966	2.03E-01
3	46	c	6/14/2004	16:08	-152.2	59.88	73	49	48.536	24.5089	31.3618	83.70362	8.21488	7.3447	0.4179	4.1133	1.79E-01
3	46	c	6/14/2004	16:08	-152.2	59.88	73	50	49.527	24.5092	31.3621	83.7101	8.21545	7.345	0.4216	4.1144	1.58E-01
3	46	c	6/14/2004	16:08	-152.2	59.88	73	51	50.517	24.5088	31.3615	83.65944	8.21059	7.3446	0.4273	4.1133	1.41E-01
3	46	c	6/14/2004	16:08	-152.2	59.88	73	52	51.507	24.5094	31.3624	83.67516	8.2119	7.3455	0.4275	4.117	1.25E-01
3	46	c	6/14/2004	16:08	-152.2	59.88	73	53	52.498	24.5098	31.3629	83.66258	8.2106	7.3457	0.4292	4.1131	1.12E-01
3	46	c	6/14/2004	16:08	-152.2	59.88	73	54	53.488	24.51	31.3633	83.67878	8.21216	7.3458	0.4276	4.116	1.01E-01
3	46	c	6/14/2004	16:08	-152.2	59.88	73	55	54.479	24.5099	31.3632	83.69469	8.21369	7.346	0.4297	4.1133	9.19E-02
3	46	c	6/14/2004	16:08	-152.2	59.88	73	56	55.469	24.5099	31.3631	83.67933	8.21216	7.3461	0.4292	4.1141	8.40E-02
3	46	c	6/14/2004	16:08	-152.2	59.88	73	57	56.459	24.51	31.3633	83.65641	8.20983	7.3465	0.4268	4.1163	7.74E-02
3	46	c	6/14/2004	16:08	-152.2	59.88	73	58	57.45	24.51	31.3634	83.6685	8.21097	7.3467	0.4276	4.1178	7.17E-02
3	46	c	6/14/2004	16:08	-152.2	59.88	73	59	58.44	24.5102	31.3635	83.64813	8.20895	7.3468	0.4281	4.1144	6.72E-02
3	46	c	6/14/2004	16:08	-152.2	59.88	73	60	59.43	24.5103	31.3637	83.65983	8.21002	7.3471	0.4287	4.1163	6.33E-02
3	46	c	6/14/2004	16:08	-152.2	59.88	73	61	60.421	24.5101	31.3635	83.62	8.20614	7.3471	0.4297	4.1131	6.00E-02
3	46	c	6/14/2004	16:08	-152.2	59.88	73	62	61.411	24.5101	31.3634	83.65604	8.20969	7.347	0.4264	4.1149	5.72E-02
3	46	c	6/14/2004	16:08	-152.2	59.88	73	63	62.402	24.5065	31.3589	83.73313	8.21744	7.3473	0.4268	4.1139	5.49E-02
3	46	c	6/14/2004	16:08	-152.2	59.88	73	64	63.392	24.5103	31.3638	83.76866	8.22065	7.3473	0.4288	4.1172	5.30E-02
3	46	c	6/14/2004	16:08	-152.2	59.88	73	65	64.382	24.5103	31.3637	83.74116	8.21791	7.3476	0.43	4.117	5.14E-02
3	46	c	6/14/2004	16:08	-152.2	59.88	73	66	65.373	24.5104	31.364	83.73709	8.21744	7.3479	0.4315	4.1169	5.00E-02
3	46	c	6/14/2004	16:08	-152.2	59.88	73	67	66.363	24.5104	31.3639	83.77451	8.22107	7.3481	0.4293	4.1178	4.87E-02
3	46	c	6/14/2004	16:08	-152.2	59.88	73	68	67.353	24.5107	31.3643	83.65015	8.20879	7.3484	0.4291	4.1162	4.76E-02
3	46	c	6/14/2004	16:08	-152.2	59.88	73	69	68.344	24.5106	31.3642	83.63881	8.20766	7.3485	0.4315	4.1133	4.68E-02
3	46	c	6/14/2004	16:08	-152.2	59.88	73	70	69.334	24.5105	31.3642	83.72897	8.21646	7.3488	0.4302	4.1181	4.61E-02
3	47	c	6/14/2004	16:33	-152.145	59.86333	50	1	0.991	24.5368	31.4337	84.31339	8.23121	7.5519	0.4372	4.1704	2.66E+02
3	47	c	6/14/2004	16:33	-152.145	59.86333	50	2	1.981	24.5355	31.4307	84.35425	8.23686	7.5441	0.4899	4.1723	2.09E+02
3	47	c	6/14/2004	16:33	-152.145	59.86333	50	3	2.972	24.5402	31.4327	84.4155	8.24723	7.5205	0.533	4.1716	1.80E+02
3	47	c	6/14/2004	16:33	-152.145	59.86333	50	4	3.962	24.5406	31.4334	84.54349	8.25925	7.5228	0.5596	4.1707	1.61E+02
3	47	c	6/14/2004	16:33	-152.145	59.86333	50	5	4.953	24.5407	31.4326	84.4288	8.24922	7.5169	0.5655	4.1723	1.42E+02
3	47	c	6/14/2004	16:33	-152.145	59.86333	50	6	5.944	24.5414	31.4337	84.39203	8.24537	7.518	0.5941	4.1694	1.25E+02
3	47	c	6/14/2004	16:33	-152.145	59.86333	50	7	6.935	24.5413	31.4333	84.37074	8.24348	7.517	0.6139	4.1734	1.09E+02
3	47	c	6/14/2004	16:33	-152.145	59.86333	50	8	7.925	24.5416	31.4335	84.46397	8.25281	7.5159	0.6361	4.1756	9.57E+01
3	47	c	6/14/2004	16:33	-152.145	59.86333	50	9	8.916	24.5408	31.4322	84.45694	8.25241	7.5147	0.6431	4.1729	8.36E+01
3	47	c	6/14/2004	16:33	-152.145	59.86333	50	10	9.906	24.5406	31.4318	84.45454	8.25243	7.5135	0.6556	4.1772	7.33E+01
3	47	c	6/14/2004	16:33	-152.145	59.86333	50	11	10.897	24.5405	31.4317	84.44479	8.25137	7.5141	0.6507	4.1821	6.43E+01
3	47	c	6/14/2004	16:33	-152.145	59.86333	50	12	11.887	24.5408	31.4319	84.40424	8.24752	7.5134	0.6438	4.1836	5.62E+01
3	47	c	6/14/2004	16:33	-152.145	59.86333	50	13	12.878	24.5421	31.4329	84.36918	8.24482	7.5094	0.6235	4.1854	4.94E+01
3	47	c	6/14/2004	16:33	-152.145	59.86333	50	14	13.869	24.5434	31.434	84.33514	8.24202	7.5063	0.6128	4.1886	4.34E+01
3	47	c	6/14/2004	16:33	-152.145	59.86333	50	15	14.859	24.5433	31.4339	84.27628	8.23619	7.5067	0.604	4.1887	3.79E+01
3	47	c	6/14/2004	16:33	-152.145	59.86333	50	16	15.85	24.5435	31.4341	84.27438	8.23604	7.5065	0.5922	4.1915	3.32E+01
3	47	c	6/14/2004	16:33	-152.145	59.86333	50	17	16.84	24.543	31.4336	84.29582	8.238	7.5074	0.588	4.1935	2.91E+01
3	47	c	6/14/2004	16:33	-152.145	59.86333	50	18	17.831	24.5424	31.4332	84.38897	8.24684	7.5089	0.5871	4.1942	2.55E+01
3	47	c	6/14/2004	16:33	-152.145	59.86333	50	19	18.821	24.5411	31.432	84.39596	8.24707	7.5115	0.5926	4.1959	2.24E+01
3	47	c	6/14/2004	16:33	-152.145	59.86333	50	20	19.812	24.5411	31.4319	84.38355	8.24585	7.5116	0.5999	4.1915	1.97E+01
3	47	c	6/14/2004	16:33	-152.145	59.86333	50	21	20.803	24.5415	31.4326	84.40119	8.24732	7.5127	0.5996	4.1926	1.73E+01
3	47	c	6/14/2004	16:33	-152.145	59.86333	50	22	21.793	24.5418	31.433	84.40114	8.24739	7.5122	0.6218	4.1943	1.51E+01
3	47	c	6/14/2004	16:33	-152.145	59.86333	50	23	22.784	24.5422	31.4332	84.41771	8.24918	7.5113	0.6013	4.1927	1.32E+01
3	47	c	6/14/2004	16:33	-152.145	59.86333	50	24	23.774	24.5421	31.4332	84.42623	8.24994	7.5117	0.6004	4.1952	1.17E+01
3	47	c	6/14/2004	16:33	-152.145	59.86333	50	25	24.765	24.543	31.4337	84.31108	8.23934	7.5081	0.597	4.195	1.02E+01
3	47	c	6/14/2004	16:33	-152.145	59.86333	50	26	25.755	24.5456	31.4357	84.30221	8.2397	7.5011	0.5918	4.1966	8.93E+00
3	47	c	6/14/2004	16:33	-152.145	59.86333	50	27	26.746	24.5458	31.4359	84.30455	8.23999	7.5008	0.5877	4.1993	7.85E+00
3	47	c	6/14/2004	16:33	-152.145	59.86333	50	28	27.736	24.5458	31.4359	84.29629	8.23912	7.5011	0.5957	4.2008	6.88E+00
3	47	c	6/14/2004	16:33	-152.145	59.86333	50	29	28.727	24.5456	31.4357	84.27266	8.23676	7.5014	0.596	4.2021	6.04E+00
3	47	c	6/14/2004	16:33	-152.145	59.86333	50	30	29.717	24.5457	31.4358	84.23524	8.2331	7.5014	0.585	4.1986	5.30E+00
3	47	c	6/14/2004	16:33	-152.145	59.86333	50	31	30.708	24.5458	31.436	84.24095	8.23364	7.5014	0.5855	4.2028	4.66E+00
3	47	c	6/14/2004	16:33	-152.145	59.86333	50	32	31.698	24.5457	31.4358	84.32831	8.24219	7.5014	0.5945	4.2027	4.07E+00
3	47	c	6/14/2004	16:33	-152.145	59.86333	50	33	32.689	24.5456	31.4357	84.36609	8.24587	7.5015	0.5855	4.2022	3.58E+00
3	47	c	6/14/2004	16:33	-152.145	59.86333	50	34	33.679	24.5458	31.436	84.32305	8.24168	7.5014	0.5836	4.202	3.15E+00
3	47	c	6/14/2004	16:33	-152.145	59.86333	50	35	34.67	24.5459	31.436	84.29576	8.239	7.5014	0.5824	4.1994	2.77E+00
3	47	c	6/14/2004	16:33	-152.145	59.86333	50	36	35.66	24.5459	31.4361	84.24315	8.23386	7.5014	0.5816	4.2016	2.42E+00
3	47	c	6/14/2004	16:33	-152.145	59.86333	50	37	36.651	24.5461	31.4363	84.24465	8.23403	7.5012	0.5815	4.2035	2.13E+00
3	47	c	6/14/2004	16:33	-152.145	59.86333	50	38	37.641	24.546	31.4361	84.23333	8.23293	7.5012	0.586	4.2013	1.87E+00
3	47	c	6/14/2004	16:33	-152.145	59.86333	50	39	38.632	24.5457	31.4358	84.26934	8.23638	7.5017	0.5791	4.2029	1.64E+00
3	47	c	6/14/2004	16:33	-152.145	59.86333	50	40	39.622	24.546	31.4361	84.20956	8.2305	7.5018	0.577	4.2013	1.44E+00
3	47	c	6/14/2004	16:33	-152.145	59.86333	50	41	40.613	24.5459	31.4361	84.21515	8.23102	7.5019	0.584	4.2029	1.26E+00
3	47	c	6/14/2004	16:33	-152.145	59.86333	50	42	41.603	24.5459	31.436	84.29692	8.23902	7.5019	0.5767	4.2045	1.11E+00
3	47	c	6/14/2004	16:33	-152.145	59.86333	50	43	42.593	24.5462	31.4363	84.23088	8.23258	7.5017	0.5792	4.2037	9.75E-01
3	47	c	6/14/2004	16:33	-152.145	59.86333	50	44	43.584	24.5463	31.4364	84.2831	8.23772	7.5015	0.5762	4.204	8.57E-01
3	47	c	6/14/2004	16:33	-152.145	59.86333	50	45	44.574	24.5461	31.4362	84.28425	8.23778	7.5019	0.5799	4.2045	7.55E-01
3	47	c	6/14/2004	16:33	-152.145	59.86333	50	46	45.565	24.546	31.4361	84.33928	8.24314	7.502	0.5866	4.2024	6.63E-01
3	47	c	6/14/2004	16:33	-152.145	59.86333	50	47	46.555	24.5461	31.4362	84.32893	8.24216	7.5018	0.5902	4.2069	5.86E-01
3	47	c	6/14/2004	16:33	-152.145	59.86333	50	48	47.546	24.5463	31.4364	84.25703	8.23515	7.5017	0.5906	4.2044	5.18E-01
3	47	c	6/14/2004	16:33	-152.145	59.86333	50	49	48.536	24.5465	31.4366	84.19072	8.22867	7.5016	0.5894	4.2028	4.56E-01
3	47	c	6/14/2004	16:33	-152.145	59.86333	50	50	49.527	24.5462	31.4362	84.19553	8.22914	7.5017	0.5806	4.205	4.02E-01
3	48	c	6/14/2004	16:54	-152.09333	59.845	38	1	0.991	24.4354	31.3321	86.20848	8.39123	7.7089	0.4628	4.1712	2.71E+02
3	48	c	6/14/2004	16:54	-152.09333	59.845	38	2	1.981	24.4358	31.3304	86.24243	8.39711	7.6961	0.5013	4.1671	1.96E+02
3	48	c	6/14/2004	16:54	-152.09333	59.845	38	3	2.972	24.4377	31.3318	86.27671	8.40145	7.6905	0.5142	4.166	1.65E+02
3	48	c	6/14/2004	16:54	-152.09333	59.845	38	4	3.963	24.4374	31.3314	86.27613	8.40143	7.6904	0.5328	4.1678	1.46E+02
3	48	c	6/14/2004	16:54	-152.09333	59.845	38	5	4.953	24.4377	31.3316	86.32571	8.40649	7.6892	0.5798	4.1692	1.28E+02
3	48	c	6/14/2004	16:54	-152.09333	59.845	38	6	5.944	24.4382	31.3317	86.27584	8.40222	7.6861	0.5956	4.1692	1.10E+02
3	48	c	6/14/2004	16:54	-152.09333	59.845	38	7	6.934	24.4385	31.3318	86.33096	8.40785	7.6848	0.5997	4.1691	9.34E+01
3	48	c	6/14/2004	16:54	-152.09333	59.845	38	8	7.925	24.4386	31.3317	86.32538	8.40755	7.6836	0.6234	4.1724	7.93E+01
3	48	c	6/14/2004	16:54	-152.09333	59.845	38	9	8.916	24.4397	31.3324	86.31177	8.40686	7.6801	0.6373	4.1737	6.77E+01
3	48	c	6/14/2004	16:54	-152.09333	59.845	38	10	9.906	24.44	31.3327	86.35514	8.41122	7.6793	0.6192	4.1672	5.78E+01
3	48	c	6/14/2004	16:54	-152.09333	59.845	38	11	10.897	24.44	31.3326	86.36035	8.41172	7.6794	0.6102	4.1799	4.95E+01
3	48	c	6/14/2004	16:54	-152.09333	59.845	38	12	11.888	24.4401	31.3328	86.35996	8.41171	7.6792	0.5812	4.1689	4.26E+01
3	48	c	6/14/2004	16:54	-152.09333	59.845	38	13	12.878	24.4401	31.3328	86.33274	8.40906	7.6792	0.5732	4.1725	3.65E+01
3	48	c	6/14/2004	16:54	-152.09333	59.845	38	14	13.869	24.4402	31.3329	86.33669	8.4094	7.6794	0.5852	4.1777	3.13E+01
3	48	c	6/14/2004	16:54	-152.09333	59.845	38	15	14.859	24.4402	31.3329	86.31043	8.40683	7.6794	0.5807	4.1737	2.69E+01
3	48	c	6/14/2004	16:54	-152.09333	59.845	38	16	15.85	24.44	31.3327	86.27133	8.40293	7.68	0.5804	4.1793	2.31E+01
3	48	c	6/14/2004	16:54	-152.09333	59.845	38	17	16.84	24.4404	31.3333	86.33009	8.40856	7.6803	0.5909	4.1815	1.99E+01
3	48	c	6/14/2004	16:54	-152.09333	59.845	38	18	17.831	24.4402	31.3328	86.40575	8.41611	7.6795	0.5758	4.1817	1.72E+01
3	48	c	6/14/2004	16:54	-152.09333	59.845	38	19	18.822	24.4402	31.3328	86.41759	8.41733	7.6792	0.5806	4.1835	1.48E+01
3	48	c	6/14/2004	16:54	-152.09333	59.845	38	20	19.812	24.4397	31.3321	86.41694	8.41726	7.6794	0.5696	4.1778	1.28E+01
3	48	c	6/14/2004	16:54	-152.09333	59.845	38	21	20.803	24.4407	31.3333	86.33886	8.40978	7.6784	0.5636	4.1873	1.10E+01
3	48	c	6/14/2004	16:54	-152.09333	59.845	38	22	21.793	24.441	31.3335	86.37395	8.41321	7.6783	0.5782	4.1862	9.50E+00
3	48	c	6/14/2004	16:54	-152.09333	59.845	38	23	22.784	24.4408	31.3333	86.3287	8.40875	7.6786	0.589	4.1836	8.21E+00
3	48	c	6/14/2004	16:54	-152.09333	59.845	38	24	23.774	24.4409	31.3335	86.26569	8.4026	7.6786	0.5876	4.1846	7.10E+00
3	48	c	6/14/2004	16:54	-152.09333	59.845	38	25	24.765	24.4409	31.3335	86.26466	8.40252	7.6785	0.5759	4.1869	6.13E+00
3	48	c	6/14/2004	16:54	-152.09333	59.845	38	26	25.756	24.4409	31.3335	86.3205	8.40793	7.6786	0.5642	4.1866	5.28E+00
3	48	c	6/14/2004	16:54	-152.09333	59.845	38	27	26.746	24.441	31.3335	86.40268	8.41591	7.6787	0.5826	4.187	4.58E+00
3	48	c	6/14/2004	16:54	-152.09333	59.845	38	28	27.736	24.441	31.3336	86.40347	8.41597	7.6788	0.5966	4.1867	3.97E+00
3	48	c	6/14/2004	16:54	-152.09333	59.845	38	29	28.727	24.4408	31.3333	86.3468	8.41047	7.6788	0.57	4.1898	3.43E+00
3	48	c	6/14/2004	16:54	-152.09333	59.845	38	30	29.717	24.4412	31.3338	86.37167	8.41284	7.6789	0.5859	4.1876	2.96E+00
3	48	c	6/14/2004	16:54	-152.09333	59.845	38	31	30.708	24.4411	31.3337	86.38537	8.41415	7.6791	0.5445	4.1846	2.56E+00
3	48	c	6/14/2004	16:54	-152.09333	59.845	38	32	31.698	24.4409	31.3334	86.38645	8.41427	7.6791	0.5724	4.1872	2.21E+00
3	48	c	6/14/2004	16:54	-152.09333	59.845	38	33	32.689	24.441	31.3336	86.36372	8.41199	7.6794	0.5542	4.1899	1.92E+00
3	48	c	6/14/2004	16:54	-152.09333	59.845	38	34	33.679	24.4411	31.3337	86.31875	8.40763	7.6793	0.5611	4.1861	1.67E+00
3	48	c	6/14/2004	16:54	-152.09333	59.845	38	35	34.67	24.4409	31.3334	86.26307	8.40223	7.6793	0.573	4.1895	1.44E+00
3	48	c	6/14/2004	16:54	-152.09333	59.845	38	36	35.66	24.4408	31.3334	86.28199	8.40407	7.6793	0.554	4.1888	1.25E+00
3	48	c	6/14/2004	16:54	-152.09333	59.845	38	37	36.651	24.4409	31.3334	86.32303	8.408	7.6796	0.5831	4.1896	1.09E+00
3	49	c	6/14/2004	17:13	-152.04	59.82667	35	1	0.991	24.3657	31.2711	87.29592	8.46983	7.8652	0.6121	4.1634	7.60E+01
3	49	c	6/14/2004	17:13	-152.04	59.82667	35	2	1.981	24.3737	31.2735	87.6322	8.51087	7.8216	0.6162	4.1536	5.77E+01
3	49	c	6/14/2004	17:13	-152.04	59.82667	35	3	2.972	24.3789	31.276	87.56251	8.50859	7.798	0.6173	4.1498	4.83E+01
3	49	c	6/14/2004	17:13	-152.04	59.82667	35	4	3.963	24.3867	31.2818	87.45394	8.50222	7.7751	0.6204	4.1502	4.18E+01
3	49	c	6/14/2004	17:13	-152.04	59.82667	35	5	4.953	24.3924	31.2866	87.47561	8.50677	7.7613	0.6084	4.1514	3.63E+01
3	49	c	6/14/2004	17:13	-152.04	59.82667	35	6	5.944	24.3999	31.2938	87.39851	8.50154	7.7477	0.5954	4.1545	3.12E+01
3	49	c	6/14/2004	17:13	-152.04	59.82667	35	7	6.934	24.4045	31.2982	87.32089	8.49533	7.7397	0.5969	4.1556	2.66E+01
3	49	c	6/14/2004	17:13	-152.04	59.82667	35	8	7.925	24.4102	31.3036	87.24226	8.48937	7.7295	0.593	4.1518	2.28E+01
3	49	c	6/14/2004	17:13	-152.04	59.82667	35	9	8.916	24.4161	31.3092	87.09409	8.47674	7.7188	0.592	4.1598	1.95E+01
3	49	c	6/14/2004	17:13	-152.04	59.82667	35	10	9.906	24.4212	31.314	86.96091	8.46535	7.7094	0.5997	4.157	1.66E+01
3	49	c	6/14/2004	17:13	-152.04	59.82667	35	11	10.897	24.4347	31.3269	86.84059	8.45767	7.6852	0.5882	4.1625	1.42E+01
3	49	c	6/14/2004	17:13	-152.04	59.82667	35	12	11.888	24.4425	31.3346	86.76453	8.45243	7.672	0.5687	4.1651	1.22E+01
3	49	c	6/14/2004	17:13	-152.04	59.82667	35	13	12.878	24.4436	31.3355	86.686	8.44513	7.6699	0.5722	4.1661	1.04E+01
3	49	c	6/14/2004	17:13	-152.04	59.82667	35	14	13.869	24.4487	31.3405	86.57097	8.43538	7.661	0.588	4.1663	8.92E+00
3	49	c	6/14/2004	17:13	-152.04	59.82667	35	15	14.859	24.4558	31.3473	86.41797	8.42256	7.6484	0.5724	4.1653	7.66E+00
3	49	c	6/14/2004	17:13	-152.04	59.82667	35	16	15.85	24.4644	31.3556	86.38871	8.4222	7.6333	0.5658	4.1696	6.60E+00
3	49	c	6/14/2004	17:13	-152.04	59.82667	35	17	16.84	24.4691	31.36	86.27864	8.41296	7.6244	0.6083	4.1777	5.70E+00
3	49	c	6/14/2004	17:13	-152.04	59.82667	35	18	17.831	24.4759	31.3663	86.10015	8.39774	7.6114	0.5569	4.1758	4.94E+00
3	49	c	6/14/2004	17:13	-152.04	59.82667	35	19	18.822	24.4877	31.3775	85.92512	8.38435	7.5893	0.5499	4.1802	4.27E+00
3	49	c	6/14/2004	17:13	-152.04	59.82667	35	20	19.812	24.4887	31.3783	85.87982	8.38036	7.5869	0.5622	4.1786	3.69E+00
3	49	c	6/14/2004	17:13	-152.04	59.82667	35	21	20.803	24.4889	31.3785	85.80916	8.37349	7.5867	0.545	4.1782	3.21E+00
3	49	c	6/14/2004	17:13	-152.04	59.82667	35	22	21.793	24.4901	31.3797	85.74683	8.3678	7.5843	0.5781	4.1796	2.78E+00
3	49	c	6/14/2004	17:13	-152.04	59.82667	35	23	22.784	24.4905	31.38	85.79106	8.37228	7.5834	0.5602	4.1793	2.41E+00
3	49	c	6/14/2004	17:13	-152.04	59.82667	35	24	23.774	24.4907	31.3802	85.81069	8.37421	7.5833	0.5565	4.1785	2.10E+00
3	49	c	6/14/2004	17:13	-152.04	59.82667	35	25	24.765	24.491	31.3805	85.76426	8.36969	7.5831	0.5532	4.1809	1.82E+00
3	49	c	6/14/2004	17:13	-152.04	59.82667	35	26	25.755	24.4938	31.3833	85.64481	8.35874	7.5786	0.5516	4.1813	1.58E+00
3	49	c	6/14/2004	17:13	-152.04	59.82667	35	27	26.746	24.4943	31.3838	85.71764	8.36594	7.578	0.5358	4.185	1.38E+00
3	49	c	6/14/2004	17:13	-152.04	59.82667	35	28	27.737	24.4939	31.3835	85.77236	8.3711	7.579	0.5423	4.1853	1.20E+00
3	49	c	6/14/2004	17:13	-152.04	59.82667	35	29	28.727	24.4937	31.3832	85.75973	8.36987	7.5791	0.5366	4.1854	1.05E+00
3	49	c	6/14/2004	17:13	-152.04	59.82667	35	30	29.717	24.4941	31.3836	85.69822	8.36388	7.5789	0.5511	4.1856	9.14E-01
3	49	c	6/14/2004	17:13	-152.04	59.82667	35	31	30.708	24.4939	31.3835	85.64463	8.35863	7.5791	0.5312	4.1866	7.97E-01
3	49	c	6/14/2004	17:13	-152.04	59.82667	35	32	31.698	24.4941	31.3836	85.64384	8.35859	7.5788	0.5208	4.1861	6.96E-01
3	49	c	6/14/2004	17:13	-152.04	59.82667	35	33	32.689	24.4942	31.3837	85.63413	8.35761	7.579	0.5321	4.1887	6.08E-01
3	49	c	6/14/2004	17:13	-152.04	59.82667	35	34	33.679	24.4943	31.3838	85.63024	8.35728	7.5787	0.5282	4.1872	5.39E-01
3	50	c	6/14/2004	17:39	-151.98667	59.81	33	1	0.991	24.3385	31.2543	89.13899	8.6297	7.9652	0.5013	4.1262	1.22E+02
3	50	c	6/14/2004	17:39	-151.98667	59.81	33	2	1.981	24.3444	31.2574	89.09759	8.63048	7.9403	0.5373	4.1327	9.33E+01
3	50	c	6/14/2004	17:39	-151.98667	59.81	33	3	2.972	24.3589	31.2691	89.13124	8.64059	7.9025	0.5449	4.1214	7.86E+01
3	50	c	6/14/2004	17:39	-151.98667	59.81	33	4	3.963	24.3677	31.2776	89.05259	8.63557	7.8871	0.5597	4.126	6.77E+01
3	50	c	6/14/2004	17:39	-151.98667	59.81	33	5	4.953	24.3711	31.2806	89.03279	8.63492	7.8798	0.5338	4.1265	5.75E+01
3	50	c	6/14/2004	17:39	-151.98667	59.81	33	6	5.944	24.3748	31.2834	88.96209	8.63002	7.8692	0.5217	4.1307	4.95E+01
3	50	c	6/14/2004	17:39	-151.98667	59.81	33	7	6.935	24.3763	31.2844	88.82095	8.61725	7.8643	0.5592	4.1372	4.27E+01
3	50	c	6/14/2004	17:39	-151.98667	59.81	33	8	7.925	24.3782	31.286	88.77976	8.61402	7.8599	0.5245	4.1353	3.66E+01
3	50	c	6/14/2004	17:39	-151.98667	59.81	33	9	8.916	24.3806	31.288	88.7896	8.61598	7.8543	0.5143	4.1377	3.11E+01
3	50	c	6/14/2004	17:39	-151.98667	59.81	33	10	9.906	24.3819	31.2892	88.76385	8.61392	7.8518	0.5164	4.1399	2.62E+01
3	50	c	6/14/2004	17:39	-151.98667	59.81	33	11	10.897	24.3851	31.2922	88.66581	8.60545	7.8457	0.521	4.1412	2.22E+01
3	50	c	6/14/2004	17:39	-151.98667	59.81	33	12	11.888	24.3891	31.296	88.61576	8.60178	7.8386	0.5249	4.1439	1.87E+01
3	50	c	6/14/2004	17:39	-151.98667	59.81	33	13	12.878	24.3913	31.2981	88.53124	8.59416	7.835	0.5306	4.1449	1.59E+01
3	50	c	6/14/2004	17:39	-151.98667	59.81	33	14	13.869	24.3941	31.3008	88.493	8.59124	7.8303	0.5234	4.1464	1.35E+01
3	50	c	6/14/2004	17:39	-151.98667	59.81	33	15	14.859	24.399	31.3054	88.38832	8.58257	7.8215	0.5409	4.1446	1.15E+01
3	50	c	6/14/2004	17:39	-151.98667	59.81	33	16	15.85	24.4015	31.3079	88.37919	8.58242	7.817	0.5197	4.143	9.79E+00
3	50	c	6/14/2004	17:39	-151.98667	59.81	33	17	16.84	24.4051	31.3112	88.30839	8.57679	7.8098	0.5058	4.1482	8.34E+00
3	50	c	6/14/2004	17:39	-151.98667	59.81	33	18	17.831	24.4081	31.3141	88.19496	8.56663	7.8047	0.5102	4.1464	7.12E+00
3	50	c	6/14/2004	17:39	-151.98667	59.81	33	19	18.822	24.4193	31.3244	88.02092	8.55352	7.7826	0.5271	4.1495	6.09E+00
3	50	c	6/14/2004	17:39	-151.98667	59.81	33	20	19.812	24.4245	31.329	87.89887	8.54368	7.771	0.5251	4.1526	5.19E+00
3	50	c	6/14/2004	17:39	-151.98667	59.81	33	21	20.803	24.4282	31.3321	87.8196	8.53743	7.7627	0.5354	4.153	4.45E+00
3	50	c	6/14/2004	17:39	-151.98667	59.81	33	22	21.793	24.434	31.3372	87.70929	8.52897	7.7498	0.5048	4.1605	3.82E+00
3	50	c	6/14/2004	17:39	-151.98667	59.81	33	23	22.784	24.4393	31.3414	87.51316	8.51261	7.7348	0.5174	4.1591	3.28E+00
3	50	c	6/14/2004	17:39	-151.98667	59.81	33	24	23.774	24.4461	31.347	87.36324	8.50096	7.7183	0.5022	4.1623	2.82E+00
3	50	c	6/14/2004	17:39	-151.98667	59.81	33	25	24.765	24.4464	31.3473	87.26532	8.49156	7.7176	0.5404	4.164	2.43E+00
3	50	c	6/14/2004	17:39	-151.98667	59.81	33	26	25.755	24.448	31.3486	87.21336	8.4873	7.7131	0.499	4.1671	2.09E+00
3	50	c	6/14/2004	17:39	-151.98667	59.81	33	27	26.746	24.4465	31.3475	87.1247	8.47783	7.7178	0.5114	4.1666	1.80E+00
3	50	c	6/14/2004	17:39	-151.98667	59.81	33	28	27.736	24.4493	31.3496	87.09031	8.47598	7.7095	0.4983	4.1667	1.55E+00
3	50	c	6/14/2004	17:39	-151.98667	59.81	33	29	28.727	24.4499	31.3501	87.09982	8.47704	7.7087	0.4954	4.1678	1.33E+00
3	50	c	6/14/2004	17:39	-151.98667	59.81	33	30	29.717	24.4496	31.3499	87.04765	8.47184	7.7094	0.4942	4.171	1.15E+00
3	50	c	6/14/2004	17:39	-151.98667	59.81	33	31	30.708	24.4486	31.349	87.01548	8.46833	7.7116	0.4967	4.1699	1.00E+00
3	50	c	6/14/2004	17:39	-151.98667	59.81	33	32	31.698	24.4527	31.3524	86.87718	8.45661	7.7017	0.4823	4.1785	8.58E-01
3	50	c	6/14/2004	17:39	-151.98667	59.81	33	33	32.689	24.4526	31.3523	86.71548	8.44081	7.702	0.4625	4.1825	7.07E-01
3	51	c	6/14/2004	17:53	-151.95833	59.79833	27	1	0.991	24.3659	31.2882	89.62487	8.67604	7.9593	0.4219	4.1413	1.46E+02
3	51	c	6/14/2004	17:53	-151.95833	59.79833	27	2	1.981	24.3662	31.288	89.71382	8.68536	7.9558	0.4423	4.1413	1.10E+02
3	51	c	6/14/2004	17:53	-151.95833	59.79833	27	3	2.972	24.3735	31.2944	89.83241	8.69965	7.94	0.4864	4.1321	9.64E+01
3	51	c	6/14/2004	17:53	-151.95833	59.79833	27	4	3.963	24.3754	31.2961	89.8804	8.70498	7.936	0.4798	4.133	8.53E+01
3	51	c	6/14/2004	17:53	-151.95833	59.79833	27	5	4.953	24.3769	31.2974	90.08484	8.72544	7.9324	0.487	4.1351	7.47E+01
3	51	c	6/14/2004	17:53	-151.95833	59.79833	27	6	5.944	24.3782	31.2986	90.1739	8.73446	7.9301	0.4519	4.135	6.46E+01
3	51	c	6/14/2004	17:53	-151.95833	59.79833	27	7	6.934	24.3781	31.2985	90.13248	8.7304	7.9304	0.4641	4.1348	5.54E+01
3	51	c	6/14/2004	17:53	-151.95833	59.79833	27	8	7.925	24.3793	31.2997	90.17474	8.73478	7.9286	0.4468	4.1364	4.74E+01
3	51	c	6/14/2004	17:53	-151.95833	59.79833	27	9	8.916	24.3799	31.3004	90.23713	8.74089	7.9281	0.4876	4.1394	4.05E+01
3	51	c	6/14/2004	17:53	-151.95833	59.79833	27	10	9.906	24.3804	31.3009	90.15366	8.73283	7.9278	0.4676	4.1434	3.43E+01
3	51	c	6/14/2004	17:53	-151.95833	59.79833	27	11	10.897	24.3852	31.3059	90.15165	8.73351	7.9221	0.4537	4.1397	2.93E+01
3	51	c	6/14/2004	17:53	-151.95833	59.79833	27	12	11.888	24.3955	31.3167	90.16769	8.73709	7.909	0.4266	4.1497	2.51E+01
3	51	c	6/14/2004	17:53	-151.95833	59.79833	27	13	12.878	24.3959	31.3172	90.23642	8.74376	7.9088	0.4502	4.1449	2.14E+01
3	51	c	6/14/2004	17:53	-151.95833	59.79833	27	14	13.869	24.3955	31.3167	90.21025	8.74123	7.9089	0.433	4.1486	1.83E+01
3	51	c	6/14/2004	17:53	-151.95833	59.79833	27	15	14.859	24.3995	31.321	90.16142	8.73717	7.9043	0.4759	4.1428	1.56E+01
3	51	c	6/14/2004	17:53	-151.95833	59.79833	27	16	15.85	24.4018	31.3234	90.08133	8.72976	7.9019	0.4415	4.1473	1.33E+01
3	51	c	6/14/2004	17:53	-151.95833	59.79833	27	17	16.84	24.403	31.3246	90.07703	8.72953	7.9006	0.4529	4.1489	1.14E+01
3	51	c	6/14/2004	17:53	-151.95833	59.79833	27	18	17.831	24.4024	31.3241	90.2149	8.74277	7.9014	0.4534	4.1458	9.75E+00
3	51	c	6/14/2004	17:53	-151.95833	59.79833	27	19	18.822	24.3981	31.3195	90.21442	8.74199	7.9063	0.4673	4.1496	8.34E+00
3	51	c	6/14/2004	17:53	-151.95833	59.79833	27	20	19.812	24.3991	31.3205	90.16141	8.73699	7.9053	0.4497	4.1478	7.14E+00
3	51	c	6/14/2004	17:53	-151.95833	59.79833	27	21	20.803	24.4002	31.3218	90.16678	8.7376	7.9045	0.4405	4.1502	6.11E+00
3	51	c	6/14/2004	17:53	-151.95833	59.79833	27	22	21.793	24.4076	31.3296	90.09846	8.73241	7.8953	0.4363	4.1415	5.23E+00
3	51	c	6/14/2004	17:53	-151.95833	59.79833	27	23	22.784	24.4083	31.3303	90.03378	8.72623	7.8946	0.4389	4.1435	4.46E+00
3	51	c	6/14/2004	17:53	-151.95833	59.79833	27	24	23.774	24.4081	31.33	90.13714	8.73625	7.8947	0.4404	4.1417	3.80E+00
3	51	c	6/14/2004	17:53	-151.95833	59.79833	27	25	24.765	24.4077	31.3296	90.16781	8.73918	7.895	0.4288	4.1453	3.26E+00
3	52	c	6/14/2004	18:04	-151.935	59.79	20	1	0.991	23.56	30.4726	96.74473	9.17288	9.1008	0.3016	4.0616	1.38E+02
3	52	c	6/14/2004	18:04	-151.935	59.79	20	2	1.981	23.5991	30.5114	96.38816	9.1487	9.0431	0.3149	4.065	1.05E+02
3	52	c	6/14/2004	18:04	-151.935	59.79	20	3	2.972	23.7223	30.6331	96.07953	9.15084	8.8565	0.3665	4.0685	8.67E+01
3	52	c	6/14/2004	18:04	-151.935	59.79	20	4	3.963	23.8586	30.7671	95.80223	9.16035	8.6454	0.412	4.0587	7.13E+01
3	52	c	6/14/2004	18:04	-151.935	59.79	20	5	4.953	23.9211	30.8296	95.58618	9.15531	8.5527	0.4358	4.0478	6.05E+01
3	52	c	6/14/2004	18:04	-151.935	59.79	20	6	5.944	24.0049	30.9145	95.38972	9.1562	8.4342	0.4343	4.0433	5.16E+01
3	52	c	6/14/2004	18:04	-151.935	59.79	20	7	6.934	24.0562	30.9673	95.13144	9.14259	8.3658	0.4555	4.0468	4.27E+01
3	52	c	6/14/2004	18:04	-151.935	59.79	20	8	7.925	24.099	31.0113	94.82529	9.12242	8.3089	0.4579	4.0495	3.53E+01
3	52	c	6/14/2004	18:04	-151.935	59.79	20	9	8.916	24.1241	31.0374	94.75576	9.12105	8.2761	0.4831	4.052	2.92E+01
3	52	c	6/14/2004	18:04	-151.935	59.79	20	10	9.906	24.1336	31.0471	94.57808	9.10606	8.2632	0.4888	4.0563	2.40E+01
3	52	c	6/14/2004	18:04	-151.935	59.79	20	11	10.897	24.1646	31.0791	94.19468	9.07583	8.222	0.4949	4.0584	1.97E+01
3	52	c	6/14/2004	18:04	-151.935	59.79	20	12	11.887	24.2044	31.1203	93.74995	9.04134	8.17	0.5048	4.0686	1.65E+01
3	52	c	6/14/2004	18:04	-151.935	59.79	20	13	12.878	24.2652	31.1831	93.47087	9.02753	8.0891	0.5112	4.074	1.38E+01
3	52	c	6/14/2004	18:04	-151.935	59.79	20	14	13.869	24.2758	31.1939	93.35165	9.01852	8.0739	0.5219	4.0732	1.15E+01
3	52	c	6/14/2004	18:04	-151.935	59.79	20	15	14.859	24.2812	31.1992	93.21637	9.00676	8.0661	0.5132	4.0809	9.64E+00
3	52	c	6/14/2004	18:04	-151.935	59.79	20	16	15.85	24.2874	31.2056	93.07845	8.99493	8.0571	0.5101	4.0791	8.04E+00
3	52	c	6/14/2004	18:04	-151.935	59.79	20	17	16.84	24.2951	31.2134	92.95195	8.98455	8.0459	0.4636	4.0815	6.72E+00
3	52	c	6/14/2004	18:04	-151.935	59.79	20	18	17.831	24.3	31.2184	92.82733	8.97357	8.0394	0.4911	4.0856	5.73E+00
3	53	c	6/14/2004	18:19	-151.905	59.78	13	1	0.991	23.7977	30.6931	95.23097	9.10596	8.6652	0.3796	4.0242	1.45E+02
3	53	c	6/14/2004	18:19	-151.905	59.78	13	2	1.981	23.7991	30.6944	95.44828	9.12719	8.6627	0.3958	4.028	1.01E+02
3	53	c	6/14/2004	18:19	-151.905	59.78	13	3	2.972	23.8023	30.6972	95.43455	9.12716	8.6557	0.4043	4.0187	8.30E+01
3	53	c	6/14/2004	18:19	-151.905	59.78	13	4	3.962	23.8031	30.6981	95.50663	9.13424	8.6545	0.3949	4.0193	6.95E+01
3	53	c	6/14/2004	18:19	-151.905	59.78	13	5	4.953	23.7998	30.6949	95.53223	9.13562	8.6606	0.4067	4.0224	5.76E+01
3	53	c	6/14/2004	18:19	-151.905	59.78	13	6	5.944	23.7953	30.6907	95.39389	9.12092	8.6689	0.3911	4.0232	4.79E+01
3	53	c	6/14/2004	18:19	-151.905	59.78	13	7	6.934	23.7994	30.6943	95.39532	9.12258	8.6605	0.4118	4.0299	3.97E+01
3	53	c	6/14/2004	18:19	-151.905	59.78	13	8	7.925	23.8056	30.7001	95.45477	9.1302	8.6495	0.3983	4.0312	3.20E+01
3	53	c	6/14/2004	18:19	-151.905	59.78	13	9	8.916	23.8094	30.7036	95.52091	9.13779	8.6425	0.3876	4.0296	2.59E+01
3	53	c	6/14/2004	18:19	-151.905	59.78	13	10	9.906	23.8119	30.7061	95.53935	9.14022	8.6386	0.3648	4.0292	2.09E+01
3	54	c	6/14/2004	18:27	-151.88333	59.77167	12	1	0.991	23.6467	30.5322	94.05702	8.9683	8.8341	0.393	3.9719	1.17E+02
3	54	c	6/14/2004	18:27	-151.88333	59.77167	12	2	1.981	23.6312	30.5182	96.01399	9.14964	8.8647	0.4142	3.9645	8.13E+01
3	54	c	6/14/2004	18:27	-151.88333	59.77167	12	3	2.972	23.634	30.5208	95.97205	9.14644	8.86	0.409	3.967	6.43E+01
3	54	c	6/14/2004	18:27	-151.88333	59.77167	12	4	3.963	23.639	30.5257	96.00834	9.1513	8.8519	0.43	3.9702	5.15E+01
3	54	c	6/14/2004	18:27	-151.88333	59.77167	12	5	4.953	23.6472	30.5338	95.99552	9.15219	8.8394	0.4357	3.9638	4.09E+01
3	54	c	6/14/2004	18:27	-151.88333	59.77167	12	6	5.944	23.6528	30.5393	95.9402	9.14832	8.8311	0.4147	3.9637	3.31E+01
3	54	c	6/14/2004	18:27	-151.88333	59.77167	12	7	6.934	23.6502	30.5368	95.93219	9.14689	8.8351	0.4158	3.9666	2.63E+01
3	54	c	6/14/2004	18:27	-151.88333	59.77167	12	8	7.925	23.6565	30.5431	95.95707	9.15077	8.826	0.3815	3.9643	2.06E+01
3	54	c	6/14/2004	18:27	-151.88333	59.77167	12	9	8.916	23.6568	30.5434	96.00987	9.15587	8.8256	0.3803	3.9658	1.61E+01
3	54	c	6/14/2004	18:27	-151.88333	59.77167	12	10	9.906	23.6562	30.5427	95.91996	9.14717	8.8264	0.3858	3.9643	1.19E+01
